|                            Parameters |                       0 |                       1 |   2 |   3 |   4 |                       5 |   6 |   7 |   8 |   9 |  10 |  11 |  12 |                     13 |  14 |  15 |                      16 |                      17 |  18 |
|                 Source.spectral.index |   0.0038253788130303322 |   3.899106081070061e-15 | 0.0 | 0.0 | 0.0 | -4.3167569877288115e-06 | 0.0 | 0.0 | 0.0 | 0.0 | 0.0 | 0.0 | 0.0 | -7.483053371277011e-06 | 0.0 | 0.0 |   5.485803928074653e-08 |  -7.423564137455419e-06 | 0.0 |
|             Source.spectral.amplitude |   3.899106081070061e-15 |    8.12340024781406e-27 | 0.0 | 0.0 | 0.0 |  4.7286691269322135e-17 | 0.0 | 0.0 | 0.0 | 0.0 | 0.0 | 0.0 | 0.0 | -1.550142923193374e-17 | 0.0 | 0.0 |  1.0828426238770487e-19 | -6.2123995647767266e-18 | 0.0 |
|             Source.spectral.reference |                     0.0 |                     0.0 | 0.0 | 0.0 | 0.0 |                     0.0 | 0.0 | 0.0 | 0.0 | 0.0 | 0.0 | 0.0 | 0.0 |                    0.0 | 0.0 | 0.0 |                     0.0 |                     0.0 | 0.0 |
|                  Source.spatial.lon_0 |                     0.0 |                     0.0 | 0.0 | 0.0 | 0.0 |                     0.0 | 0.0 | 0.0 | 0.0 | 0.0 | 0.0 | 0.0 | 0.0 |                    0.0 | 0.0 | 0.0 |                     0.0 |                     0.0 | 0.0 |
|                  Source.spatial.lat_0 |                     0.0 |                     0.0 | 0.0 | 0.0 | 0.0 |                     0.0 | 0.0 | 0.0 | 0.0 | 0.0 | 0.0 | 0.0 | 0.0 |                    0.0 | 0.0 | 0.0 |                     0.0 |                     0.0 | 0.0 |
|                  Source.spatial.sigma | -4.3167569877288115e-06 |  4.7286691269322135e-17 | 0.0 | 0.0 | 0.0 |  0.00012239300532824706 | 0.0 | 0.0 | 0.0 | 0.0 | 0.0 | 0.0 | 0.0 | -7.705004521628914e-08 | 0.0 | 0.0 |  -6.973700589088227e-10 |  4.2061106176471337e-08 | 0.0 |
|                      Source.spatial.e |                     0.0 |                     0.0 | 0.0 | 0.0 | 0.0 |                     0.0 | 0.0 | 0.0 | 0.0 | 0.0 | 0.0 | 0.0 | 0.0 |                    0.0 | 0.0 | 0.0 |                     0.0 |                     0.0 | 0.0 |
|                    Source.spatial.phi |                     0.0 |                     0.0 | 0.0 | 0.0 | 0.0 |                     0.0 | 0.0 | 0.0 | 0.0 | 0.0 | 0.0 | 0.0 | 0.0 |                    0.0 | 0.0 | 0.0 |                     0.0 |                     0.0 | 0.0 |
|       dataset N-irf.e_reco_model.bias |                     0.0 |                     0.0 | 0.0 | 0.0 | 0.0 |                     0.0 | 0.0 | 0.0 | 0.0 | 0.0 | 0.0 | 0.0 | 0.0 |                    0.0 | 0.0 | 0.0 |                     0.0 |                     0.0 | 0.0 |
| dataset N-irf.e_reco_model.resolution |                     0.0 |                     0.0 | 0.0 | 0.0 | 0.0 |                     0.0 | 0.0 | 0.0 | 0.0 | 0.0 | 0.0 | 0.0 | 0.0 |                    0.0 | 0.0 | 0.0 |                     0.0 |                     0.0 | 0.0 |
|  dataset N-irf.spectral.norm_nuisance |                     0.0 |                     0.0 | 0.0 | 0.0 | 0.0 |                     0.0 | 0.0 | 0.0 | 0.0 | 0.0 | 0.0 | 0.0 | 0.0 |                    0.0 | 0.0 | 0.0 |                     0.0 |                     0.0 | 0.0 |
|  dataset N-irf.spectral.tilt_nuisance |                     0.0 |                     0.0 | 0.0 | 0.0 | 0.0 |                     0.0 | 0.0 | 0.0 | 0.0 | 0.0 | 0.0 | 0.0 | 0.0 |                    0.0 | 0.0 | 0.0 |                     0.0 |                     0.0 | 0.0 |
|      dataset N-irf.spectral.reference |                     0.0 |                     0.0 | 0.0 | 0.0 | 0.0 |                     0.0 | 0.0 | 0.0 | 0.0 | 0.0 | 0.0 | 0.0 | 0.0 |                    0.0 | 0.0 | 0.0 |                     0.0 |                     0.0 | 0.0 |
|           dataset N-bkg.spectral.norm |  -7.483053371277011e-06 |  -1.550142923193374e-17 | 0.0 | 0.0 | 0.0 |  -7.705004521628914e-08 | 0.0 | 0.0 | 0.0 | 0.0 | 0.0 | 0.0 | 0.0 |   0.010140170357544482 | 0.0 | 0.0 |   -0.010135839519880983 |   2.380681125041458e-06 | 0.0 |
|           dataset N-bkg.spectral.tilt |                     0.0 |                     0.0 | 0.0 | 0.0 | 0.0 |                     0.0 | 0.0 | 0.0 | 0.0 | 0.0 | 0.0 | 0.0 | 0.0 |                    0.0 | 0.0 | 0.0 |                     0.0 |                     0.0 | 0.0 |
|      dataset N-bkg.spectral.reference |                     0.0 |                     0.0 | 0.0 | 0.0 | 0.0 |                     0.0 | 0.0 | 0.0 | 0.0 | 0.0 | 0.0 | 0.0 | 0.0 |                    0.0 | 0.0 | 0.0 |                     0.0 |                     0.0 | 0.0 |
|  dataset N-bkg.spectral.norm_nuisance |   5.485803928074653e-08 |  1.0828426238770487e-19 | 0.0 | 0.0 | 0.0 |  -6.973700589088227e-10 | 0.0 | 0.0 | 0.0 | 0.0 | 0.0 | 0.0 | 0.0 |  -0.010135839519880983 | 0.0 | 0.0 |     0.01013577041280712 | -1.5611567212157155e-08 | 0.0 |
|  dataset N-bkg.spectral.tilt_nuisance |  -7.423564137455419e-06 | -6.2123995647767266e-18 | 0.0 | 0.0 | 0.0 |  4.2061106176471337e-08 | 0.0 | 0.0 | 0.0 | 0.0 | 0.0 | 0.0 | 0.0 |  2.380681125041458e-06 | 0.0 | 0.0 | -1.5611567212157155e-08 |     3.8299716515326e-06 | 0.0 |
|      dataset N-bkg.spectral.reference |                     0.0 |                     0.0 | 0.0 | 0.0 | 0.0 |                     0.0 | 0.0 | 0.0 | 0.0 | 0.0 | 0.0 | 0.0 | 0.0 |                    0.0 | 0.0 | 0.0 |                     0.0 |                     0.0 | 0.0 |
