|                            Parameters |                      0 |                      1 |   2 |                      3 |   4 |                       5 |                       6 |                      7 |                      8 |   9 |                    10 |  11 |                     12 |                     13 |  14 |
|                Crablog.spectral.index |    0.01950123620533141 |  -2.37005104582552e-13 | 0.0 |  -0.004203209081293853 | 0.0 |    5.69339128245587e-06 |  -1.438746641429114e-06 |                    0.0 |                    0.0 | 0.0 |                   0.0 | 0.0 |                    0.0 |                    0.0 | 0.0 |
|            Crablog.spectral.amplitude |  -2.37005104582552e-13 |  2.214560801865977e-23 | 0.0 |  9.070106439792504e-14 | 0.0 |  -7.090904287152811e-17 |  1.8973481596555407e-17 |                    0.0 |                    0.0 | 0.0 |                   0.0 | 0.0 |                    0.0 |                    0.0 | 0.0 |
|            Crablog.spectral.reference |                    0.0 |                    0.0 | 0.0 |                    0.0 | 0.0 |                     0.0 |                     0.0 |                    0.0 |                    0.0 | 0.0 |                   0.0 | 0.0 |                    0.0 |                    0.0 | 0.0 |
|              Crablog.spectral.lambda_ |  -0.004203209081293853 |  9.070106439792504e-14 | 0.0 |   0.001629399899256803 | 0.0 |   -6.97972221392596e-07 |  1.8915119862686825e-07 |                    0.0 |                    0.0 | 0.0 |                   0.0 | 0.0 |                    0.0 |                    0.0 | 0.0 |
|                Crablog.spectral.alpha |                    0.0 |                    0.0 | 0.0 |                    0.0 | 0.0 |                     0.0 |                     0.0 |                    0.0 |                    0.0 | 0.0 |                   0.0 | 0.0 |                    0.0 |                    0.0 | 0.0 |
|                 Crablog.spatial.lon_0 |   5.69339128245587e-06 | -7.090904287152811e-17 | 0.0 |  -6.97972221392596e-07 | 0.0 |   5.212286691226144e-06 | -1.1170540072172795e-09 |                    0.0 |                    0.0 | 0.0 |                   0.0 | 0.0 |                    0.0 |                    0.0 | 0.0 |
|                 Crablog.spatial.lat_0 | -1.438746641429114e-06 | 1.8973481596555407e-17 | 0.0 | 1.8915119862686825e-07 | 0.0 | -1.1170540072172795e-09 |   3.905594735908196e-06 |                    0.0 |                    0.0 | 0.0 |                   0.0 | 0.0 |                    0.0 |                    0.0 | 0.0 |
|           dataset_N-bkg.spectral.norm |                    0.0 |                    0.0 | 0.0 |                    0.0 | 0.0 |                     0.0 |                     0.0 | 0.00011536273883392451 |  9.380091415722707e-06 | 0.0 |                   0.0 | 0.0 |                    0.0 |                    0.0 | 0.0 |
|           dataset_N-bkg.spectral.tilt |                    0.0 |                    0.0 | 0.0 |                    0.0 | 0.0 |                     0.0 |                     0.0 |  9.380091415722707e-06 | 0.00013420561503540204 | 0.0 |                   0.0 | 0.0 |                    0.0 |                    0.0 | 0.0 |
|      dataset_N-bkg.spectral.reference |                    0.0 |                    0.0 | 0.0 |                    0.0 | 0.0 |                     0.0 |                     0.0 |                    0.0 |                    0.0 | 0.0 |                   0.0 | 0.0 |                    0.0 |                    0.0 | 0.0 |
|       dataset_N-irf.e_reco_model.bias |                    0.0 |                    0.0 | 0.0 |                    0.0 | 0.0 |                     0.0 |                     0.0 |                    0.0 |                    0.0 | 0.0 | 0.0027262930428569357 | 0.0 |  9.168097311637355e-06 |  4.690812654773909e-06 | 0.0 |
| dataset_N-irf.e_reco_model.resolution |                    0.0 |                    0.0 | 0.0 |                    0.0 | 0.0 |                     0.0 |                     0.0 |                    0.0 |                    0.0 | 0.0 |                   0.0 | 0.0 |                    0.0 |                    0.0 | 0.0 |
|           dataset_N-irf.spectral.norm |                    0.0 |                    0.0 | 0.0 |                    0.0 | 0.0 |                     0.0 |                     0.0 |                    0.0 |                    0.0 | 0.0 | 9.168097311637355e-06 | 0.0 |   0.010158651752164587 | 2.1948803135469156e-08 | 0.0 |
|           dataset_N-irf.spectral.tilt |                    0.0 |                    0.0 | 0.0 |                    0.0 | 0.0 |                     0.0 |                     0.0 |                    0.0 |                    0.0 | 0.0 | 4.690812654773909e-06 | 0.0 | 2.1948803135469156e-08 | 0.00039946971888956995 | 0.0 |
|      dataset_N-irf.spectral.reference |                    0.0 |                    0.0 | 0.0 |                    0.0 | 0.0 |                     0.0 |                     0.0 |                    0.0 |                    0.0 | 0.0 |                   0.0 | 0.0 |                    0.0 |                    0.0 | 0.0 |
