7.560338969617276e-09  3.9816565601778265e-09  2.0938324696807278e-09  1.098906513158612e-09  5.752195635367431e-10  3.0003950821490817e-10  1.5577059621205977e-10  8.036651265591061e-11  4.111885936380625e-11  2.0805334612127953e-11  1.0372044936260648e-11  5.069450814553517e-12  2.4132275460438427e-12  1.1090588547570534e-12  4.863325280583085e-13  2.003263520877493e-13  7.591118821694566e-14  2.57365662206236e-14  7.522389245577153e-15  1.8039703508785666e-15  3.322854691718319e-16  4.3050965774853185e-17  3.488819455766228e-18  1.5122879575061493e-19  2.84590181908277e-21  
1.035612760773036e-08  5.246667855720697e-09  2.654899120378276e-09  1.3412716395587578e-09  6.761727804128474e-10  3.399080244976586e-10  1.7022184999132955e-10  8.481430187431328e-11  4.197483449021623e-11  2.0587162607716665e-11  9.976695800532652e-12  4.757947313572419e-12  2.2211340432640576e-12  1.0077616303787804e-12  4.4019228101773387e-13  1.8277887264362983e-13  7.093665703317203e-14  2.5158889011068815e-14  7.912970219897456e-15  2.1203825957366283e-15  4.588929092474182e-16  7.469431821763549e-17  8.315326795904625e-18  5.577771958310916e-19  1.903941973415906e-20  
9.204476800083946e-09  4.559089368816998e-09  2.256616975324707e-09  1.11593406780586e-09  5.511718979443397e-10  2.7178529585742154e-10  1.337268229402795e-10  6.560684579244285e-11  3.2062469426758854e-11  1.5588369772851148e-11  7.526826453323383e-12  3.6010778189335707e-12  1.7018902904383583e-12  7.912873333497634e-13  3.5997609735576654e-13  1.5907199627987095e-13  6.76216214069636e-14  2.729836514462951e-14  1.0286376660945748e-14  3.5357553959140596e-15  1.0751931862706349e-15  2.7766860960180716e-16  5.766802012238606e-17  8.956729568928869e-18  9.442384867993825e-19  
3.3312205987891898e-09  1.8363151556163353e-09  1.0101110818985009e-09  5.540662144047901e-10  3.027713599727367e-10  1.6461966964808694e-10  8.890646255977958e-11  4.7587981215928343e-11  2.5169637577801348e-11  1.310217233249563e-11  6.677141378245576e-12  3.30783619047384e-12  1.5779866161802266e-12  7.15814926840896e-13  3.0363014863268183e-13  1.177639847523914e-13  4.053567331440641e-14  1.1899506121762633e-14  2.825072996685947e-15  5.053496769751776e-16  6.19745375301333e-17  4.5942617852313e-18  1.7405449672385895e-19  2.693948830555721e-21  1.263765291769718e-23  
7.183324077721424e-09  3.6611455032712203e-09  1.864044210965934e-09  9.477466621752288e-10  4.809766417775909e-10  2.43491111908875e-10  1.2286039624087249e-10  6.1721054418567e-11  3.08255786860672e-11  1.527556549643578e-11  7.491352955567566e-12  3.6231939052679222e-12  1.7202024706365919e-12  7.967858391864703e-13  3.571086440649441e-13  1.5317411590971444e-13  6.196338946694961e-14  2.3182833589433173e-14  7.815682584707787e-15  2.2932471328803687e-15  5.591154935445059e-16  1.0648604439971805e-16  1.4589856490833806e-17  1.288463097907525e-18  6.33491206539813e-20  
1.3910554611825983e-08  6.721327027695053e-09  3.2455505315635094e-09  1.5658567494217799e-09  7.546102245641699e-10  3.631080862601771e-10  1.743702820621633e-10  8.351028010667185e-11  3.98518437188818e-11  1.8926832873217317e-11  8.931721077527267e-12  4.179221643610731e-12  1.9334177013717853e-12  8.81011872710071e-13  3.9343317228689746e-13  1.7102885818122295e-13  7.17262121604515e-14  2.8674569221357807e-14  1.0754560611024324e-14  3.704408831580013e-15  1.1390570852560794e-15  3.0104395773042157e-16  6.501982088377764e-17  1.0728863108412044e-17  1.2364097592416304e-18  
7.2661464934670176e-09  3.767637321120409e-09  1.9502143975550545e-09  1.0071479074355192e-09  5.185223337920826e-10  2.658637844886035e-10  1.3557321658504417e-10  6.863076507821416e-11  3.4406208296652e-11  1.7026212057075642e-11  8.280995239290123e-12  3.935712038931034e-12  1.8138328148548456e-12  8.023174264658349e-13  3.3598912282373094e-13  1.3079960595568105e-13  4.619744861138116e-14  1.4330523176064087e-14  3.738856788705142e-15  7.744233683255415e-16  1.1790973396985719e-16  1.1908887200050708e-17  6.958136187913848e-19  1.9594623259526875e-20  2.084895480636809e-22  
5.58116764712391e-09  3.009978736144525e-09  1.6203552008059515e-09  8.701647084891805e-10  4.657845611988692e-10  2.482513561030286e-10  1.315512679418449e-10  6.917679989644554e-11  3.600597952761842e-11  1.848642498061026e-11  9.319994129096013e-12  4.585880433931717e-12  2.184508172060207e-12  9.965837073026367e-13  4.291830661488622e-13  1.7115578391931276e-13  6.160669513623957e-14  1.934218997057529e-14  5.060895997066291e-15  1.0384677299831157e-15  1.5409806196374195e-16  1.4842018729393053e-17  8.032960579921892e-19  2.0158599744468652e-20  1.815174528017798e-22  
1.0803882052780687e-08  5.410290663161016e-09  2.704962501663551e-09  1.3494856947676466e-09  6.713211439103796e-10  3.3268417157614215e-10  1.6402875981834678e-10  8.032588415328247e-11  3.898109247941405e-11  1.8689702824017517e-11  8.817585131549732e-12  4.071559425578515e-12  1.8269301352264527e-12  7.890069337352812e-13  3.238174152114769e-13  1.2416411247336273e-13  4.3483226477966904e-14  1.3494177254301433e-14  3.564181561627555e-15  7.592970944839786e-16  1.2144065735680716e-16  1.3252373454843747e-17  8.686168314417062e-19  2.884880724561624e-20  3.8701281478604626e-22  
2.6521850370612026e-09  1.535580074363346e-09  8.864468174384318e-10  5.097001395395023e-10  2.915315961457021e-10  1.655774378885696e-10  9.316275240150661e-11  5.176666621446862e-11  2.8288681527490984e-11  1.5118661724387658e-11  7.843857377771818e-12  3.911690903263604e-12  1.850493131428077e-12  8.159375548626242e-13  3.2755378189114784e-13  1.1603143138802754e-13  3.478683442404435e-14  8.349020227080544e-15  1.4894058879200497e-15  1.788857107943763e-16  1.2677081798817133e-17  4.445574712035171e-19  6.100972050784279e-21  2.396312872980043e-23  1.7748035607813834e-26  
6.739073025144407e-09  3.530820082014538e-09  1.8474511013659482e-09  9.64938110286685e-10  5.028031751842598e-10  2.61171488587486e-10  1.3509072319590005e-10  6.948445001204597e-11  3.5473091897444787e-11  1.7929807007479798e-11  8.942759929355728e-12  4.381864634514597e-12  2.0968472565573817e-12  9.72224674397852e-13  4.3220180533012154e-13  1.8164768540965077e-13  7.083801456513592e-14  2.500082872527566e-14  7.723893772443487e-15  1.998170103843861e-15  4.079746308028588e-16  6.07510663890838e-17  5.9384840898937875e-18  3.3115462876281463e-19  8.736113442001707e-21  
6.98651928929421e-09  3.5979122841335864e-09  1.8499862809749534e-09  9.492718926530074e-10  4.857559594533017e-10  2.4765815327500055e-10  1.2565008680037165e-10  6.333446643079968e-11  3.164752758076598e-11  1.5631544007258838e-11  7.602321763795617e-12  3.6218661036240887e-12  1.6786979087418139e-12  7.500366411491205e-13  3.1911639057562654e-13  1.272000688075355e-13  4.647817409447454e-14  1.5122896068217178e-14  4.215447294004236e-15  9.560268874303884e-16  1.6467842128988218e-16  1.9656265375051452e-17  1.438574371310505e-18  5.483775575482881e-20  8.759146644653216e-22  
2.935877789187873e-09  1.6413602297691537e-09  9.160872104970866e-10  5.10143358589423e-10  2.832331884482931e-10  1.5662380969026045e-10  8.614962981641927e-11  4.7049816275307756e-11  2.5453082129047687e-11  1.3596463401596553e-11  7.14136689869104e-12  3.667429445630279e-12  1.8277090458686246e-12  8.751242789493447e-13  3.9723938893944924e-13  1.6792823307550482e-13  6.456162285562872e-14  2.1870387647540537e-14  6.258015195761116e-15  1.4297729555312225e-15  2.419614985948544e-16  2.7440955633754553e-17  1.824950989372727e-18  5.956506069929972e-20  7.52532118188015e-22  
7.680992979437147e-09  3.980410119736311e-09  2.0598663734143886e-09  1.0640234310440157e-09  5.482741142207035e-10  2.8159393730047703e-10  1.4399716286745808e-10  7.320784957314567e-11  3.693105053598235e-11  1.843877660112838e-11  9.079883374427281e-12  4.389728025097908e-12  2.070804121535485e-12  9.454324599777609e-13  4.132118485018104e-13  1.7039067245624958e-13  6.501623847829345e-14  2.236980269388075e-14  6.7047059603768925e-15  1.6718182929257062e-15  3.261662727311473e-16  4.587645377015039e-17  4.171078035491494e-18  2.1194087776364457e-19  4.9569080445672235e-21  
4.637285940135976e-09  2.5211464520319988e-09  1.3686771486657027e-09  7.415870960761562e-10  4.007751282454376e-10  2.1584520940419256e-10  1.1571451997403382e-10  6.165542778594786e-11  3.258404196534813e-11  1.7033537123358625e-11  8.77591000783726e-12  4.434672369144984e-12  2.183762550963309e-12  1.0389145702986752e-12  4.720545372106119e-13  2.0173657755483476e-13  7.944726637893033e-14  2.8056643098934597e-14  8.56775037912194e-15  2.1553534175069775e-15  4.187117353370066e-16  5.762583918587062e-17  5.008394779107488e-18  2.3582029528992645e-19  4.903228994725856e-21  
8.703073975881197e-09  4.583300111541256e-09  2.4091465238923008e-09  1.2631464637197955e-09  6.600620594916442e-10  3.433757648947856e-10  1.7756575967008844e-10  9.109361523337159e-11  4.623826284300516e-11  2.313985791365524e-11  1.1363519248269764e-11  5.441526972395792e-12  2.519615988857869e-12  1.115542258376686e-12  4.652483473290583e-13  1.7917398725555337e-13  6.204597930157296e-14  1.8646975595738753e-14  4.639092331420461e-15  8.97047278635947e-16  1.2395213191675853e-16  1.0941419890472613e-17  5.313305449536764e-19  1.16297117336162e-20  8.795464422155354e-23  
6.113658703353324e-09  3.1309914332794627e-09  1.6022504005245295e-09  8.190981215067041e-10  4.181679687722849e-10  2.1309726464109149e-10  1.083314468060806e-10  5.489470084539981e-11  2.7697356435106855e-11  1.3894893521747855e-11  6.91751854537616e-12  3.4089117440751432e-12  1.6571968726503859e-12  7.911434510233613e-13  3.6866502179887175e-13  1.6634154934230022e-13  7.189351692797432e-14  2.9340585409171505e-14  1.1092511293128014e-14  3.786989914229654e-15  1.1284638143096237e-15  2.804845701974923e-16  5.473762640419954e-17  7.737204086872324e-18  7.113509829741047e-19  
8.926765592482587e-09  4.540452934969534e-09  2.307214665223597e-09  1.170905342552767e-09  5.932194915217313e-10  2.9986240414431815e-10  1.51116683882739e-10  7.584860830079213e-11  3.786537210163697e-11  1.8767897169319662e-11  9.21354538761153e-12  4.4656793056870586e-12  2.127877833684549e-12  9.911415108426926e-13  4.4788089693404513e-13  1.9437368518819085e-13  7.992939103245202e-14  3.0588859066766356e-14  1.0636477696093022e-14  3.2548296804665995e-15  8.399293672124618e-16  1.7268532352269277e-16  2.6220868779375675e-17  2.657781553113205e-18  1.5715657288493896e-19  
5.654043975633449e-09  3.0602757871261295e-09  1.6535972161680984e-09  8.91502305441356e-10  4.791959300389228e-10  2.565472766610762e-10  1.3661746442226306e-10  7.223659981533754e-11  3.783474460627959e-11  1.9567415123037042e-11  9.95070685190315e-12  4.947777069734031e-12  2.387511299593544e-12  1.1069222730052338e-12  4.865573698718778e-13  1.991927894295908e-13  7.4171580919673e-14  2.43384471375172e-14  6.747243911154706e-15  1.493884890491531e-15  2.450750310798834e-16  2.695533799988334e-17  1.7395738953981074e-18  5.514006501941485e-20  6.772286282812931e-22  
6.2407247652867066e-09  3.2514853578680507e-09  1.6931593828303003e-09  8.81061433789092e-10  4.580408704904191e-10  2.378236904000021e-10  1.232753801900027e-10  6.375651775380114e-11  3.2875723007153975e-11  1.688479426902871e-11  8.625988823869918e-12  4.3756756035459335e-12  2.1987621048677707e-12  1.0910377984712865e-12  5.323593559072138e-13  2.5400367513855657e-13  1.1762508945139158e-13  5.23428422640103e-14  2.2087227600540364e-14  8.68272803523563e-15  3.105561859250345e-15  9.792835191170583e-16  2.610430378891787e-16  5.561807290798607e-17  8.789584136168513e-18  
5.544508118161836e-09  2.769245620464105e-09  1.382304790618176e-09  6.894529109039078e-10  3.435183619016043e-10  1.7091805837137436e-10  8.488208288673009e-11  4.2049812503574665e-11  2.076212686801816e-11  1.020608077807435e-11  4.987523781924211e-12  2.4182186478016045e-12  1.1602502051243117e-12  5.489518092661077e-13  2.549280460011035e-13  1.1547835695007736e-13  5.060355018694902e-14  2.1215595047117057e-14  8.385281015174207e-15  3.0635580013077393e-15  1.0078354017323185e-15  2.8828224867739463e-16  6.84312521864929e-17  1.2667382887836427e-17  1.6830360807725316e-18  
9.811586940616745e-09  4.9768184375875524e-09  2.5214096354254583e-09  1.275382189398894e-09  6.437406416560961e-10  3.2400088005287257e-10  1.624553903861975e-10  8.104483067101175e-11  4.015939006460176e-11  1.972161489085274e-11  9.569484442291742e-12  4.569702166487553e-12  2.1361102362403994e-12  9.705238939203449e-13  4.245370061280396e-13  1.7654582100525579e-13  6.862862372181997e-14  2.43830992008237e-14  7.683861551564956e-15  2.0634931785116322e-15  4.477036671958123e-16  7.308804046965981e-17  8.165249980372343e-18  5.500704729572866e-19  1.8876730208095922e-20  
9.854470889369473e-09  4.774726864005642e-09  2.31313542330804e-09  1.1203919500837767e-09  5.425345616148321e-10  2.626250600182507e-10  1.270710616702848e-10  6.144587975707972e-11  2.968836707232437e-11  1.4328796146766138e-11  6.905675075524988e-12  3.3217467264309718e-12  1.5937198672099871e-12  7.620276119180811e-13  3.626993838941444e-13  1.7158490237618007e-13  8.051664829239955e-14  3.737582521188326e-14  1.710118962635422e-14  7.675404101270998e-15  3.3575858857568846e-15  1.4193369821525052e-15  5.732153178394973e-16  2.1782689468509503e-16  7.632184010449115e-17  
7.260787554874485e-09  3.787099042332405e-09  1.9728532169903415e-09  1.02605274986065e-09  5.324680327823238e-10  2.7551746080246637e-10  1.4200821177828743e-10  7.281526987836965e-11  3.707865244007159e-11  1.870745976848165e-11  9.323038458597212e-12  4.5705468274771765e-12  2.192139647448591e-12  1.021140820867162e-12  4.574993650547149e-13  1.9459966497727122e-13  7.723575890650977e-14  2.7950445913217616e-14  8.942868469900434e-15  2.4279808591421263e-15  5.295504518630737e-16  8.624682101967247e-17  9.515973398285993e-18  6.246412912125413e-19  2.0514244775857225e-20  
1.3084074067207535e-08  6.386676804582111e-09  3.115719478052093e-09  1.5188340742660568e-09  7.39639929523702e-10  3.597004612135883e-10  1.7461264958613677e-10  8.45594879487846e-11  4.0817966825217936e-11  1.9618989675895754e-11  9.375977434915955e-12  4.446744673374628e-12  2.087604272992763e-12  9.66853011181804e-13  4.397575932573362e-13  1.9524754552842196e-13  8.394244950943328e-14  3.4573246017869297e-14  1.3447610463057751e-14  4.846266989819709e-15  1.5775131505008885e-15  4.483338955528537e-16  1.0632522727760378e-16  1.9809088604023357e-17  2.6750435771017815e-18  
3.79160560237236e-09  2.09191386758812e-09  1.1524477739470775e-09  6.336376907618269e-10  3.4746973528718165e-10  1.8987497280251247e-10  1.0327246095068985e-10  5.581989634364821e-11  2.992103499331203e-11  1.5861379907860457e-11  8.284636171250936e-12  4.242568483810075e-12  2.1161507316884375e-12  1.0190885931710754e-12  4.683148026038815e-13  2.0218121800399527e-13  8.03109200565232e-14  2.854802598001162e-14  8.751021387487722e-15  2.201764586255796e-15  4.257024852578497e-16  5.793186772055377e-17  4.935542628228795e-18  2.251759837920037e-19  4.467020291632837e-21  
9.809836082308172e-09  4.769047274047524e-09  2.3157196247317803e-09  1.1226719109414703e-09  5.431289899466548e-10  2.6201768277763486e-10  1.2592964392649396e-10  6.022147447038847e-11  2.8607227223025465e-11  1.3468965173455874e-11  6.266678461616134e-12  2.8698943834448627e-12  1.2868469099955658e-12  5.609998595515048e-13  2.3555709322848625e-13  9.407841124690004e-14  3.514742226841591e-14  1.2012622212303719e-14  3.646106370691629e-15  9.446567967109062e-16  1.9817252658505892e-16  3.13734173473805e-17  3.4123680101405275e-18  2.249849350522019e-19  7.609360843996858e-21  
7.3329530802214524e-09  3.796770478449761e-09  1.9625783147483953e-09  1.012222057652035e-09  5.205222308213405e-10  2.666175737338309e-10  1.3584780051531705e-10  6.873350436438574e-11  3.445242831284767e-11  1.7054973840385197e-11  8.30337049837097e-12  3.953841617985323e-12  1.8278096429909855e-12  8.122742781756216e-13  3.424663734602668e-13  1.346026259293245e-13  4.817745805524771e-14  1.522064027018367e-14  4.071396075149202e-15  8.723057045118894e-16  1.3901527114357505e-16  1.4929893820806387e-17  9.47296427871484e-19  2.979330739106919e-20  3.675352964218953e-22  
6.692061061099361e-09  3.4931618634183735e-09  1.8211367504961466e-09  9.478792524117534e-10  4.922799591664025e-10  2.549192831066582e-10  1.3149265904589133e-10  6.747523273040106e-11  3.438578439033296e-11  1.7362081712440197e-11  8.659144537803452e-12  4.248291281996752e-12  2.0391087151769437e-12  9.505619271658632e-13  4.261900610181067e-13  1.8141235472329394e-13  7.205216165000726e-14  2.6092177557795754e-14  8.353663265951686e-15  2.269366542062291e-15  4.9522242456358395e-16  8.069290637379606e-17  8.906336240158445e-18  5.847486470864064e-19  1.9204609322289588e-20  
4.5481635241542575e-09  2.6018584894743317e-09  1.4848977876568393e-09  8.447527908112581e-10  4.785449089531887e-10  2.695641120509722e-10  1.507056009908424e-10  8.341292728272351e-11  4.55531810130456e-11  2.4436826128648536e-11  1.2800406206123349e-11  6.495380191171718e-12  3.1592595121636325e-12  1.4522089196384335e-12  6.190879912483127e-13  2.3869435459836715e-13  8.049069761637783e-14  2.2701610021456917e-14  5.045407664943157e-15  8.161210606003235e-16  8.641953245071292e-17  5.201157058137401e-18  1.4736109578557355e-19  1.5287293146113256e-21  4.153518097763294e-24  
1.2871806922322093e-08  6.189647477188188e-09  2.9746984279685535e-09  1.428523644884498e-09  6.853122166494611e-10  3.2832062517272824e-10  1.5700709661446405e-10  7.490120708967325e-11  3.5616893932788524e-11  1.6863715297594022e-11  7.938835171013824e-12  3.70881279492883e-12  1.7150569795510062e-12  7.823637339250008e-13  3.504718263081094e-13  1.5324336759489613e-13  6.487646594514409e-14  2.6308289092109806e-14  1.0073051977728576e-14  3.572527534262753e-15  1.1440505821636834e-15  3.197275327515876e-16  7.451732916735341e-17  1.3632524002200445e-17  1.8057784923053854e-18  
4.4395235475281625e-09  2.4367472779171904e-09  1.3348944118995009e-09  7.294008233134604e-10  3.971878163831453e-10  2.1529754949095118e-10  1.1599338282941956e-10  6.19861680308713e-11  3.276767512300353e-11  1.707318723675632e-11  8.725826516515027e-12  4.346379388668483e-12  2.0919535591417213e-12  9.618590626721026e-13  4.1608344298830383e-13  1.65929612685071e-13  5.93690385077915e-14  1.838135286046255e-14  4.692722788761791e-15  9.263246038840979e-16  1.2975825053389232e-16  1.1504207868059199e-17  5.542100140603861e-19  1.1836866115794561e-20  8.545266521362654e-23  
6.6903993047509836e-09  3.460186133509417e-09  1.7873570560913361e-09  9.21741177755873e-10  4.743012571461742e-10  2.433489839445779e-10  1.2436872831009556e-10  6.323163202116681e-11  3.1926101171577006e-11  1.5971334633774507e-11  7.891887451510676e-12  3.836000747376454e-12  1.8241167928281808e-12  8.424155072823913e-13  3.7416573405240095e-13  1.5776733311229503e-13  6.20659095588435e-14  2.2260117715603068e-14  7.0574090703668824e-15  1.898210574210661e-15  4.10020025412291e-16  6.610940943377847e-17  7.217070878676757e-18  4.683955766656314e-19  1.5194775245948262e-20  
1.05988461871229e-08  5.118057511345234e-09  2.4700700945980515e-09  1.1912147794798885e-09  5.739046105415942e-10  2.761305132738955e-10  1.3262407652837527e-10  6.354888228001662e-11  3.035498542945277e-11  1.4438895601259379e-11  6.829884543401859e-12  3.2067089436967064e-12  1.4907134703836779e-12  6.838789981928462e-13  3.082458374281016e-13  1.357034479913573e-13  5.789622296042143e-14  2.3687974894240435e-14  9.165581411050893e-15  3.2920017304784386e-15  1.0706428209529594e-15  3.050238128277194e-16  7.283690936046809e-17  1.3744418012578196e-17  1.8947768841674663e-18  
1.0308448293371833e-08  5.1346723156193164e-09  2.554816254218426e-09  1.2693357769304607e-09  6.294382589721144e-10  3.11321620299007e-10  1.5345154146188036e-10  7.529059313868238e-11  3.6715811088711666e-11  1.7759154887379168e-11  8.4970168033298e-12  4.006911855184417e-12  1.8533214615054333e-12  8.353856540591256e-13  3.6381579722736325e-13  1.5133904555386487e-13  5.921747409107452e-14  2.135582575709529e-14  6.90769250525279e-15  1.932595309076812e-15  4.455796915253105e-16  7.937116875878946e-17  1.0022659565027094e-17  7.999303353414366e-19  3.4627078670046645e-20  
1.1448789293715103e-08  5.480429946994067e-09  2.621981405720221e-09  1.2535002270674872e-09  5.986765904468177e-10  2.855556710432066e-10  1.3596592022476655e-10  6.458875088783364e-11  3.0586766729139614e-11  1.4424800777903672e-11  6.765270428190893e-12  3.1496248395074535e-12  1.451987889606724e-12  6.606534297457157e-13  2.953874454047486e-13  1.2902854382703538e-13  5.463591492472511e-14  2.219557085841664e-14  8.531890352164426e-15  3.046544256298737e-15  9.859950501004026e-16  2.7990283914268066e-16  6.671388994571002e-17  1.259445751087761e-17  1.742325437796401e-18  
9.114055208919891e-09  4.455643677879872e-09  2.1771379659605285e-09  1.0630744395196066e-09  5.186140916592892e-10  2.526942879730309e-10  1.229250528842114e-10  5.96683102148324e-11  2.8879613196512595e-11  1.3924015557843388e-11  6.678895349772653e-12  3.1817572239864097e-12  1.5019606709163204e-12  7.004140212279721e-13  3.2135848481164856e-13  1.4428071120172814e-13  6.293174267636113e-14  2.641108161284181e-14  1.0528650922454019e-14  3.919059711131638e-15  1.3313193722811878e-15  4.003410372916888e-16  1.0232097229124187e-16  2.1054010916943783e-17  3.2444032921222632e-18  
8.959659415783395e-09  4.472749025092262e-09  2.2300745983869483e-09  1.1100603597772063e-09  5.513365516399904e-10  2.7303025884773137e-10  1.3467994835942442e-10  6.608846552510636e-11  3.220490760996013e-11  1.554829458701013e-11  7.414157182341753e-12  3.4774767853644624e-12  1.595499121123215e-12  7.108319470964492e-13  3.0452219994004774e-13  1.2381596492259112e-13  4.6953822713566894e-14  1.6225885276881636e-14  4.953693169885786e-15  1.2819881905727097e-15  2.661569062596183e-16  4.118810822536301e-17  4.307472028284565e-18  2.67134366041924e-19  8.252837081609163e-21  
9.331032534703881e-09  4.6608803620797125e-09  2.3264204214674905e-09  1.1600704925594253e-09  5.777168788113398e-10  2.8720475252463683e-10  1.4245003687315953e-10  7.043564426166242e-11  3.468439630458937e-11  1.698599855211446e-11  8.257868629789921e-12  3.975613747394036e-12  1.8892323330728827e-12  8.823186403057496e-13  4.0263295568092106e-13  1.78148840071572e-13  7.564389964113792e-14  3.040309277525689e-14  1.1356932897819801e-14  3.8476683107392936e-15  1.1444159768133233e-15  2.8612722717183227e-16  5.675083550692205e-17  8.265773183152826e-18  7.975667083797578e-19  
6.155274559606919e-09  3.2927405204548664e-09  1.7579938777767856e-09  9.361456225081845e-10  4.967724696606851e-10  2.6239491831839357e-10  1.377414537057543e-10  7.171145286828461e-11  3.6925909039291544e-11  1.873691372375003e-11  9.32314922763216e-12  4.519488002453987e-12  2.1159061723693866e-12  9.456740743864772e-13  3.972829997417706e-13  1.5367550545373578e-13  5.3247285027088004e-14  1.5930601008004326e-14  3.918718106539651e-15  7.424652334215626e-16  9.931477778853312e-17  8.350850864256647e-18  3.7807833219503376e-19  7.497121572587311e-21  4.944117876125616e-23  
4.927920440395995e-09  2.654450241820844e-09  1.428473470489551e-09  7.677478528056463e-10  4.1193629607559196e-10  2.205268095637574e-10  1.1770251032480933e-10  6.257014177564625e-11  3.308448165940022e-11  1.7369292809098728e-11  9.032476276222656e-12  4.637884551488345e-12  2.341440985135021e-12  1.155700638963906e-12  5.53525271706283e-13  2.5468324799769567e-13  1.1107622929175673e-13  4.510741453465164e-14  1.665496236959015e-14  5.416559123023796e-15  1.4873223402083591e-15  3.2589317441634063e-16  5.285000816211646e-17  5.737505426773526e-18  3.647366328468726e-19  
3.94139181634223e-09  2.1896282089782277e-09  1.214712507370072e-09  6.725939926093367e-10  3.7147887286103553e-10  2.0447988245229253e-10  1.1205052328272196e-10  6.103410820914294e-11  3.298056137855793e-11  1.7632415000452568e-11  9.29370970200751e-12  4.806511394446264e-12  2.4237476067303073e-12  1.1816752402215736e-12  5.507788107628179e-13  2.4177446584409587e-13  9.797401415233777e-14  3.568572465782706e-14  1.1274924024514499e-14  2.946920530551984e-15  5.981204629023974e-16  8.664472986235834e-17  8.005327425435063e-18  4.0602918400063185e-19  9.255673218093911e-21  
9.55240582126563e-09  4.901880504989806e-09  2.5120738743084005e-09  1.2850744614844918e-09  6.558315403152772e-10  3.3364165830675136e-10  1.6901812224326998e-10  8.514110865048728e-11  4.256790127696895e-11  2.1070448257247404e-11  1.0291119568873532e-11  4.937572273877617e-12  2.3133721780766513e-12  1.0500674854716875e-12  4.569189879277722e-13  1.8792799165878741e-13  7.16989559016405e-14  2.4746864228013134e-14  7.473097504225247e-15  1.8884306714128425e-15  3.7628200738230107e-16  5.461632354163872e-17  5.1955842873164264e-18  2.8135137397550027e-19  7.18711526588522e-21  
1.2355716316750042e-08  6.042542387247656e-09  2.9538361050041815e-09  1.4431326908125242e-09  7.045259537634e-10  3.4359656652721047e-10  1.6734599934334793e-10  8.135820222728634e-11  3.9459040970609925e-11  1.9076721671159244e-11  9.183539120264575e-12  4.395904290654123e-12  2.088310119930802e-12  9.82093028381831e-13  4.556771637652177e-13  2.0766188968369033e-13  9.239491534447033e-14  3.9816189521003455e-14  1.6442297847599902e-14  6.414804666506513e-15  2.3200136045353106e-15  7.584139779253065e-16  2.166666851859293e-16  5.171624185341842e-17  9.71357519201716e-18  
1.2645921268231056e-08  6.185908665480642e-09  3.0237336124896594e-09  1.4766111803618864e-09  7.201652572306742e-10  3.506355343419625e-10  1.7032950209164665e-10  8.24904920312116e-11  3.978851696646642e-11  1.9088174651885255e-11  9.091614093520147e-12  4.288876998204982e-12  1.9974691341277158e-12  9.14521738632535e-13  4.092699770228676e-13  1.7767503478020202e-13  7.406982854730604e-14  2.925392675845626e-14  1.0750445252572897e-14  3.588630815144292e-15  1.0538286266767423e-15  2.6084703491803097e-16  5.1406826286489215e-17  7.475880715943223e-18  7.249165519563664e-19  
6.804765665667575e-09  3.547158900952541e-09  1.8474778021876115e-09  9.611383328392011e-10  4.992712839584417e-10  2.588287494430927e-10  1.3382027694261813e-10  6.894071144789261e-11  3.5347215407304116e-11  1.8008121300388567e-11  9.096886193304027e-12  4.543577701687086e-12  2.235338804726839e-12  1.0778073011125584e-12  5.059105400314455e-13  2.291134559388472e-13  9.891987424794531e-14  4.007320398877186e-14  1.4912007440052808e-14  4.95480531636201e-15  1.4155299960562707e-15  3.306246411534822e-16  5.903367012126065e-17  7.367276587769092e-18  5.702628382320955e-19  
3.249906565338394e-09  1.7627037625332104e-09  9.551384836351266e-10  5.168819314830957e-10  2.792331095308436e-10  1.5050227774000432e-10  8.08698261000873e-11  4.327655983830986e-11  2.3032919862500794e-11  1.2169840245582098e-11  6.3680478200842664e-12  3.289331970742992e-12  1.669992962908035e-12  8.285668606935339e-13  3.9866971163377034e-13  1.841309401309162e-13  8.052685736701477e-14  3.274544336311733e-14  1.2084163155439125e-14  3.918156688227535e-15  1.0690609500409714e-15  2.317303756825066e-16  3.695652350080575e-17  3.914512765091996e-18  2.4025300719724904e-19  
1.4507730890999965e-09  9.426443955357167e-10  6.09988393109764e-10  3.925804147218078e-10  2.5083015391660047e-10  1.587165965991064e-10  9.914088499373765e-11  6.086944197128713e-11  3.6522952736816053e-11  2.1253181009135818e-11  1.1872299097653367e-11  6.280286897308978e-12  3.0893328923755e-12  1.3793191220816928e-12  5.411819728010291e-13  1.7872392102487968e-13  4.6905348427616534e-14  9.061018912452107e-15  1.1632149936442417e-15  8.659256604347487e-17  3.116785604675931e-18  4.256782776912628e-20  1.5967657398590388e-22  1.0690767941399917e-25  7.190842901058454e-30  
9.045662670179527e-09  4.632338813027286e-09  2.368523926653755e-09  1.2084958111283933e-09  6.148920845363912e-10  3.116981804722727e-10  1.5722133375193948e-10  7.877904986245653e-11  3.9126607823893285e-11  1.9205068595134734e-11  9.279719328412184e-12  4.390893994778893e-12  2.020388386185257e-12  8.956387818757179e-13  3.777890465895969e-13  1.491373309297183e-13  5.3894610106124487e-14  1.7311167900261465e-14  4.751826017727542e-15  1.0577572910100022e-15  1.780530909584258e-16  2.064781831581508e-17  1.4567440913450571e-18  5.297825981128133e-20  7.962175571755914e-22  
6.76788448127946e-09  3.4420229070717538e-09  1.74913614524811e-09  8.879028677626378e-10  4.500732447408927e-10  2.27702959248979e-10  1.1490642616323074e-10  5.7788306849374094e-11  2.8930905378993942e-11  1.4396344952382836e-11  7.10612519910808e-12  3.470030777354511e-12  1.6702932790076043e-12  7.887321546395959e-13  3.630513043226263e-13  1.615126559060224e-13  6.866084362150014e-14  2.7472194860059222e-14  1.0138681798493295e-14  3.3594504638879255e-15  9.641494082819284e-16  2.284517532140638e-16  4.192384198420453e-17  5.4717806342703206e-18  4.533529773642786e-19  
4.737025416127739e-09  2.668680973783973e-09  1.500529197001146e-09  8.415266573241886e-10  4.703183708090535e-10  2.6164749161757584e-10  1.4466881452925097e-10  7.933735558340366e-11  4.303671538034939e-11  2.3007941025442118e-11  1.2063820246207252e-11  6.163796985467055e-12  3.042413003759368e-12  1.4341470684617599e-12  6.357792561063911e-13  2.5969496384741034e-13  9.510573202218882e-14  3.0110797685213726e-14  7.850954737576986e-15  1.5801064748100153e-15  2.2517178531529044e-16  2.024875719662553e-17  9.854945100900044e-19  2.1152180308465398e-20  1.523757945284778e-22  
7.103971352952872e-09  3.73354018895358e-09  1.957661514520452e-09  1.0233331550336143e-09  5.327373277607547e-10  2.7582337180961667e-10  1.4176782867771236e-10  7.215979677306532e-11  3.625546156630724e-11  1.7903222645871113e-11  8.638939282149423e-12  4.042186283987545e-12  1.8152591546288086e-12  7.717550350010741e-13  3.0500516930092725e-13  1.0935655484187563e-13  3.4434015734750015e-14  9.118573395990767e-15  1.916816200493704e-15  2.961426641154153e-16  3.034489071645679e-17  1.7982721559638905e-18  5.134453049046185e-20  5.536456202848834e-22  1.6293781555881033e-24  
1.4659515251354788e-08  6.822804150416593e-09  3.1745949812867077e-09  1.476578555861127e-09  6.864599019175174e-10  3.1892918669528696e-10  1.4804733821388068e-10  6.864515137537809e-11  3.178017402810452e-11  1.4683133169152174e-11  6.765539823390729e-12  3.1060917785789944e-12  1.4191554437600077e-12  6.442440188359671e-13  2.8996347099391557e-13  1.2902249589867143e-13  5.6540415079933255e-14  2.42780147919227e-14  1.0145649526324953e-14  4.089099353129547e-15  1.5704134634879885e-15  5.655197819718328e-16  1.8689869124249767e-16  5.508803290584493e-17  1.3938701362675284e-17  
5.223331496738315e-09  2.751515660928587e-09  1.4480663064994073e-09  7.611336287545464e-10  3.9939988948262413e-10  2.0911615776575402e-10  1.091634417582105e-10  5.676054778056636e-11  2.93576925568452e-11  1.5077805465874064e-11  7.671405650811134e-12  3.854533159178829e-12  1.9046461435414616e-12  9.204135909505651e-13  4.3176907369667754e-13  1.9467820423775602e-13  8.326125437699666e-14  3.318771435621681e-14  1.2042528554708013e-14  3.855300923979581e-15  1.0443730490925438e-15  2.2642015612184906e-16  3.647307615097409e-17  3.953689936146269e-18  2.5271499061045135e-19  
4.601232853628711e-09  2.4052534259171125e-09  1.256048594275862e-09  6.550341144588486e-10  3.40986449914992e-10  1.7707794655835887e-10  9.166365572863505e-11  4.7246545788450996e-11  2.4213794806882262e-11  1.2315396394820928e-11  6.200456040790918e-12  3.0797654451997087e-12  1.5023423379000238e-12  7.154210310494645e-13  3.2991944123544985e-13  1.4576593240115333e-13  6.082795637728392e-14  2.352219450982368e-14  8.217684323104444e-15  2.5073143352116424e-15  6.386172823204906e-16  1.2784621378586777e-16  1.8563897500993623e-17  1.7565870215514147e-18  9.389896754870461e-20  
3.2688231070452156e-09  1.8544806250303525e-09  1.049865040902591e-09  5.926771720374974e-10  3.333246484115764e-10  1.8652441681889201e-10  1.0368014205561384e-10  5.711854089613844e-11  3.1094726010356224e-11  1.6660941356918942e-11  8.740077201792361e-12  4.457245078837245e-12  2.1890858930418067e-12  1.0224672457114393e-12  4.466345577553559e-13  1.78431499837935e-13  6.328077848890885e-14  1.9147135814102177e-14  4.687757521149678e-15  8.653296477942193e-16  1.096095654660663e-16  8.402692464300878e-18  3.297248239285009e-19  5.2972158084065264e-21  2.5867504288249196e-23  
5.902098851015971e-09  3.0840009132576505e-09  1.61036060591189e-09  8.401030267776699e-10  4.3773329496808333e-10  2.2770715303692383e-10  1.181944396065387e-10  6.117231936363295e-11  3.153764906371795e-11  1.617553519384535e-11  8.239373888237728e-12  4.1585073992856515e-12  2.0732751857782614e-12  1.0168971363860436e-12  4.880113257326901e-13  2.2748777710795524e-13  1.0201191729989178e-13  4.344036739384399e-14  1.72662554274106e-14  6.260081559436778e-15  2.0078157499309525e-15  5.468569735465842e-16  1.1977100004312068e-16  1.9614736882548555e-17  2.1800179554126484e-18  
6.279555832210433e-09  3.3603189402289227e-09  1.795363752287633e-09  9.572340015566353e-10  5.089501244022648e-10  2.6960050300154674e-10  1.4210750733677392e-10  7.441275914558159e-11  3.8623889471122367e-11  1.981381784412203e-11  1.0006544205615265e-11  4.949224808915337e-12  2.3807000831086752e-12  1.1034580913331668e-12  4.867606951964606e-13  2.010091326063575e-13  7.601480559032304e-14  2.556325881449474e-14  7.351435701281379e-15  1.7159286135506057e-15  3.0322897546007343e-16  3.697248886258201e-17  2.748347865578319e-18  1.0560172037828755e-19  1.6830282785973385e-21  
3.3192415208503127e-09  1.8761948232509884e-09  1.0587766637938957e-09  5.961841854481043e-10  3.347258468838966e-10  1.8720096501712723e-10  1.041533672478042e-10  5.754840882853078e-11  3.150545752582871e-11  1.703703942903139e-11  9.06308285159777e-12  4.7168754647112684e-12  2.3842947005520377e-12  1.1592198904431186e-12  5.351009143329686e-13  2.3049063968661335e-13  9.053063136904419e-14  3.1441008991904064e-14  9.266852298132774e-15  2.194493959252873e-15  3.8815677672620996e-16  4.652470528332368e-17  3.3189435596255882e-18  1.185204844528761e-19  1.6820291852139127e-21  
5.700342342356749e-09  2.977257633679289e-09  1.5525969140132232e-09  8.079850457794484e-10  4.193250710278768e-10  2.1682131781776764e-10  1.1156407152980842e-10  5.703060313121987e-11  2.8900543981094062e-11  1.4476245839524009e-11  7.139603693595257e-12  3.449175501512181e-12  1.6210092761218102e-12  7.343314846586689e-13  3.167459357273355e-13  1.2798005306910082e-13  4.7393410081465355e-14  1.562472661533528e-14  4.411528903206972e-15  1.0129689781786694e-15  1.7656042386504188e-16  2.130860393630522e-17  1.5752125404992112e-18  6.056847707286433e-20  9.740887410862209e-22  
8.086344838682858e-09  4.098157322708781e-09  2.0752333748540323e-09  1.0497062684280487e-09  5.301904758790876e-10  2.6726800930345036e-10  1.3437849626481447e-10  6.732908048528469e-11  3.357856381505164e-11  1.6643188870774002e-11  8.181453176523705e-12  3.977861522891199e-12  1.905907029038799e-12  8.954946981771408e-13  4.099224812157085e-13  1.812347775927986e-13  7.649738935652206e-14  3.035299836748706e-14  1.1090507292891453e-14  3.630398187880126e-15  1.0263264300824797e-15  2.3862136342063427e-16  4.274715732717095e-17  5.408987792796497e-18  4.305042951842083e-19  
1.4679405622925361e-08  6.90132221905877e-09  3.2432769802271126e-09  1.5233730794368587e-09  7.150270528333201e-10  3.352976884138877e-10  1.570342629065044e-10  7.342307108079311e-11  3.425333701412952e-11  1.593245383399071e-11  7.381446219467512e-12  3.4017725618363534e-12  1.5567134820775877e-12  7.057176656586174e-13  3.159446769255541e-13  1.3910211764628892e-13  5.989334960291952e-14  2.5033285815927897e-14  1.0056508222975419e-14  3.832011439316437e-15  1.3608252806401903e-15  4.399130392127121e-16  1.2546102076123873e-16  3.0274518827466353e-17  5.846114254606961e-18  
3.686876689197763e-09  2.0401719803107078e-09  1.127255412331693e-09  6.21595129181695e-10  3.418474488166765e-10  1.8733092946418442e-10  1.0216987939358469e-10  5.5371235747373575e-11  2.975607355363767e-11  1.5811501147843638e-11  8.276456321303433e-12  4.246322558609967e-12  2.1211735549025448e-12  1.022500362014667e-12  4.700166219298808e-13  2.0278806350864755e-13  8.040300533872306e-14  2.848150303612532e-14  8.681443794468679e-15  2.1656751397882534e-15  4.135626991290082e-16  5.530060003009747e-17  4.597726423425558e-18  2.0283862425760366e-19  3.843841025205591e-21  
6.475604057598541e-09  3.5122100177753423e-09  1.9006167672221814e-09  1.0254007579048089e-09  5.509841802657174e-10  2.944734779411231e-10  1.5625534514731681e-10  8.212307080921537e-11  4.2613790302919995e-11  2.1739039583866487e-11  1.0841001999708886e-11  5.245036127330139e-12  2.4372030937394766e-12  1.0731256172920291e-12  4.397702148023318e-13  1.6376348524832137e-13  5.367291631937003e-14  1.4836974952680142e-14  3.2683183829438227e-15  5.318672286436017e-16  5.779947333651421e-17  3.666068523809473e-18  1.1340738936978213e-19  1.3466112625689227e-21  4.459762505597623e-24  
5.855711927173093e-09  3.06873185113253e-09  1.606126406733959e-09  8.391812867795062e-10  4.3746042250503477e-10  2.2735129754904546e-10  1.1767660027568485e-10  6.057979492226361e-11  3.0961718308910295e-11  1.5672362968061862e-11  7.831759565699633e-12  3.847131922960062e-12  1.847072326866591e-12  8.6017663708354e-13  3.846196341849899e-13  1.6290160335308345e-13  6.418225499859086e-14  2.2962876138507848e-14  7.224236958299131e-15  1.914636620183665e-15  4.0371198023032347e-16  6.275178690284075e-17  6.495030951968775e-18  3.908745181111403e-19  1.1414332956738349e-20  
6.702540350707307e-09  3.486933786416351e-09  1.8116891613768915e-09  9.396609845113552e-10  4.862451248365406e-10  2.508425525036848e-10  1.2887324358792145e-10  6.584833030068295e-11  3.34005491430325e-11  1.6777643418698268e-11  8.318892913247237e-12  4.05392155793094e-12  1.9304151202392167e-12  8.913431732584117e-13  3.9499822209270175e-13  1.6571046563014332e-13  6.462090807792492e-14  2.2860267241552386e-14  7.101690809448709e-15  1.8552162981498996e-15  3.8466525978970735e-16  5.860841878617378e-17  5.921022423717522e-18  3.4584332064258987e-19  9.728486952386074e-21  
7.452001469413521e-09  3.943799608582643e-09  2.083724765432896e-09  1.0985265070462736e-09  5.774398869203936e-10  3.02345967806974e-10  1.5748389454090945e-10  8.146050604676275e-11  4.174740474811289e-11  2.113195442609855e-11  1.052169988190483e-11  5.124823220643619e-12  2.423998708982645e-12  1.102547995895828e-12  4.760014348707095e-13  1.9169418636153784e-13  7.035967682768163e-14  2.2820059427029798e-14  6.275817738194232e-15  1.3851321829586355e-15  2.279907759422021e-16  2.537812793349715e-17  1.67671119982909e-18  5.525303925245729e-20  7.201056500980963e-22  
2.9936139828896454e-09  1.67692486269904e-09  9.38180440385425e-10  5.240012580633988e-10  2.920176228824033e-10  1.6225321556338404e-10  8.979538423370594e-11  4.943292652145605e-11  2.7021762779526786e-11  1.4632679135587185e-11  7.82498793829768e-12  4.115052230567614e-12  2.1162881022147864e-12  1.056451157954839e-12  5.068606214202729e-13  2.3064485155856507e-13  9.780238246570817e-14  3.7747072979489913e-14  1.2850312084594732e-14  3.700518229608904e-15  8.524895306975651e-16  1.458369279054019e-16  1.6776096331084324e-17  1.1367767001763156e-18  3.8033297542150365e-20  
2.6797255762446686e-09  1.5303096105474906e-09  8.725125450604906e-10  4.96403814293464e-10  2.816175866873486e-10  1.59159480293716e-10  8.949574298635419e-11  4.998442070215863e-11  2.7666207022027394e-11  1.513006323773133e-11  8.142649924278011e-12  4.289447333694952e-12  2.19608549368694e-12  1.0823754150985764e-12  5.070815994505098e-13  2.2202505279870286e-13  8.882860691224587e-14  3.1511228634142256e-14  9.521750960323435e-15  2.3231318452613674e-15  4.261418320928917e-16  5.343701691878849e-17  4.034993193243463e-18  1.5491211687582383e-19  2.413211340702005e-21  
4.550209172767492e-09  2.4759108055515683e-09  1.3456057632820217e-09  7.301400931924666e-10  3.9533789423508286e-10  2.1344977634131576e-10  1.1480903855504033e-10  6.144128664111107e-11  3.2659979244428324e-11  1.7205453772045044e-11  8.955883902458198e-12  4.587815340357771e-12  2.3006062604850483e-12  1.1213179693160888e-12  5.261946548283611e-13  2.347483448909568e-13  9.789769281688217e-14  3.731544404799066e-14  1.2616118062179967e-14  3.6350833766374465e-15  8.462368783658392e-16  1.4824180146292595e-16  1.7773013769694976e-17  1.2850973729602913e-18  4.7342272935412446e-20  
8.554461967023863e-09  4.347316143604942e-09  2.205977723737591e-09  1.117161769457761e-09  5.64257799119962e-10  2.83988623376577e-10  1.4225684760779885e-10  7.081254246680625e-11  3.4954227267690726e-11  1.7061814609970245e-11  8.20473345782099e-12  3.867712423254461e-12  1.7754543100620919e-12  7.866535223015858e-13  3.3246516225943906e-13  1.3193392618631318e-13  4.8138431798356944e-14  1.5703170298356843e-14  4.411844480408885e-15  1.015681287951017e-15  1.792878975344932e-16  2.2209110071693868e-17  1.7155285586133715e-18  7.058975116583177e-20  1.2541123304133282e-21  
9.533631527765023e-09  4.586156471861762e-09  2.204904744419328e-09  1.0592489126699315e-09  5.083495777485675e-10  2.436324604323565e-10  1.1655172764555798e-10  5.5622431738221944e-11  2.6459275766834804e-11  1.2532411196446692e-11  5.901955132143662e-12  2.758223669796164e-12  1.27592607367703e-12  5.822426042611145e-13  2.60910316828345e-13  1.141183393727941e-13  4.832667117861332e-14  1.9602223751597843e-14  7.507055855293584e-15  2.6629134450970215e-15  8.528428090963253e-16  2.383445930827238e-16  5.554304009161442e-17  1.0158350327970941e-17  1.3448975249650527e-18  
8.368217547372553e-09  4.266187699671528e-09  2.1725149327988494e-09  1.1046886925053562e-09  5.606037888973148e-10  2.8374221995274964e-10  1.431069628009209e-10  7.183825439059181e-11  3.5836698905860846e-11  1.7728391778949978e-11  8.672989515557814e-12  4.18033970838092e-12  1.9753504060055702e-12  9.090648221917273e-13  4.0386316706335457e-13  1.7118104697176265e-13  6.814740438723823e-14  2.495365216203131e-14  8.17335373353017e-15  2.307274178802026e-15  5.341906492942943e-16  9.494557202964362e-17  1.18615113562694e-17  9.260314049585854e-19  3.8621887356913023e-20  
9.891388802759052e-09  4.897645664315144e-09  2.4228391787751154e-09  1.1971206551162948e-09  5.905445175030091e-10  2.9069377845758003e-10  1.426843998597194e-10  6.976868913710525e-11  3.3941842017772006e-11  1.6400768638800513e-11  7.853520393681336e-12  3.715571726053888e-12  1.7298192966806514e-12  7.882420467023535e-13  3.490559678128953e-13  1.4878655251815333e-13  6.027539097081258e-14  2.281686070573609e-14  7.890155054591657e-15  2.41838914069968e-15  6.311098741346608e-16  1.3289893016525334e-16  2.1023455315222154e-17  2.271005264664636e-18  1.4750597140506994e-19  
4.082206341115879e-09  2.1882838306481983e-09  1.171841348684797e-09  6.266752255976448e-10  3.3452417698322904e-10  1.7813970001765227e-10  9.455649214735855e-11  4.997486516247359e-11  2.626139235809313e-11  1.3694867918586405e-11  7.069075693646426e-12  3.5995882655129753e-12  1.799930731716735e-12  8.784983815102779e-13  4.151456001319306e-13  1.879127904957952e-13  8.031018585318908e-14  3.179250470140404e-14  1.1363855430895371e-14  3.5447104862834454e-15  9.220692382888717e-16  1.8826447860596998e-16  2.7830194373427797e-17  2.674412414468447e-18  1.4471861139340492e-19  
6.117676510174145e-09  3.3030788961506098e-09  1.7796941471219578e-09  9.562327386927894e-10  5.118829920142975e-10  2.7266493712093413e-10  1.4428554429087058e-10  7.568254406719808e-11  3.923500696591087e-11  2.002431195003504e-11  1.0008784416268456e-11  4.865451886359715e-12  2.2790485491122e-12  1.016012388969225e-12  4.2402724839912106e-13  1.620623947569586e-13  5.5083541047869617e-14  1.6011057489287176e-14  3.777607441955041e-15  6.748306225784214e-16  8.318752628614615e-17  6.252762911217601e-18  2.429847764077218e-19  3.917629956385771e-21  1.9542444407403683e-23  
5.685685475444223e-09  2.9586624798700666e-09  1.537870833912153e-09  7.981661939829436e-10  4.1342688914776335e-10  2.1357307860874723e-10  1.0993870313778981e-10  5.6324347850054594e-11  2.867455111555375e-11  1.4475595068319383e-11  7.2259451028132444e-12  3.5533927898117647e-12  1.7128170893028944e-12  8.039013179934631e-13  3.6413097732419864e-13  1.572994193920049e-13  6.3788964076304e-14  2.3777018630276246e-14  7.92051802267195e-15  2.2711877951963736e-15  5.332668921327726e-16  9.591267944067909e-17  1.2090346680375932e-17  9.487407437774769e-19  3.956814755225577e-20  
8.531883817948488e-09  4.1365430674539344e-09  2.0045276222905107e-09  9.707237802604426e-10  4.696684739879513e-10  2.2697075384630462e-10  1.0951122230089651e-10  5.272632923423255e-11  2.5314529175583727e-11  1.2108113483815978e-11  5.7623798750405975e-12  2.7240719576678217e-12  1.2763107772664293e-12  5.909106198266839e-13  2.692709553884364e-13  1.2013210113265476e-13  5.210299628048181e-14  2.1762532688584364e-14  8.644580298542186e-15  3.2113768420872513e-15  1.09106427235484e-15  3.290670330428658e-16  8.467242341165487e-17  1.7628609655265067e-17  2.767163204621509e-18  
7.91596961724106e-09  4.058298646130117e-09  2.0788093043144988e-09  1.0636357278990951e-09  5.433936734461512e-10  2.770515872602679e-10  1.4087667137582337e-10  7.137735762569624e-11  3.599195906215652e-11  1.803356662194939e-11  8.959121240483459e-12  4.400736459737284e-12  2.129213769858843e-12  1.0096182956113116e-12  4.660353914102468e-13  2.0754393392745037e-13  8.811250315478858e-14  3.5097506293672794e-14  1.28407801225049e-14  4.194383950401866e-15  1.1778351952467104e-15  2.7035928102701293e-16  4.7428069703877816e-17  5.813319621452234e-18  4.417498859935898e-19  
7.1526726139372525e-09  3.6572747718700664e-09  1.8680874611684594e-09  9.52877851703097e-10  4.851518546964722e-10  2.4640636627363245e-10  1.247395879359777e-10  6.287248439507542e-11  3.1505653790845387e-11  1.5665513642001592e-11  7.709114664602506e-12  3.7416959206819675e-12  1.7829404559868056e-12  8.289776782223423e-13  3.730184890532043e-13  1.6067830423712584e-13  6.529797292076679e-14  2.455414644259807e-14  8.325057048669682e-15  2.4586164508153626e-15  6.040014591246588e-16  1.160811420409568e-16  1.6080539205508522e-17  1.4395711407469399e-18  7.199816768945322e-20  
4.806558984658675e-09  2.687466716425438e-09  1.4999625811986554e-09  8.351970675987275e-10  4.6358094503580755e-10  2.562316110567637e-10  1.4083162181436662e-10  7.682707852273537e-11  4.149445496438953e-11  2.211467039752749e-11  1.1578598739341438e-11  5.9202982582294405e-12  2.9329993602328003e-12  1.3931102927599598e-12  6.255506222322479e-13  2.606189955383036e-13  9.825750881163996e-14  3.242440677078533e-14  8.95838227134658e-15  1.9530242960109994e-15  3.1045144684533876e-16  3.2384055898227847e-17  1.926207459804573e-18  5.416781877039284e-20  5.6097098207329e-22  
1.3113975724494518e-08  6.122579808384238e-09  2.857858939964701e-09  1.333589326510241e-09  6.220663756081407e-10  2.900207274630777e-10  1.3512163707469227e-10  6.289634912182742e-11  2.924144336478335e-11  1.3572791616154875e-11  6.286401296806638e-12  2.9032531305032233e-12  1.3356745351909099e-12  6.113548061379248e-13  2.7792109936011564e-13  1.2519773961702354e-13  5.5718543359505086e-14  2.4399059826103405e-14  1.0456151549747508e-14  4.3538099678616715e-15  1.7446024648719532e-15  6.641908802085698e-16  2.361806816361521e-16  7.667674031578253e-17  2.2047831692077893e-17  
5.4528838496991e-09  2.8269541463032712e-09  1.4641707070117126e-09  7.573648778569553e-10  3.910862078105385e-10  2.0148600588088703e-10  1.0348811733176094e-10  5.293790900307273e-11  2.69329347036509e-11  1.3603612751176679e-11  6.805016262745728e-12  3.360539860960842e-12  1.6312775206182206e-12  7.739219021568895e-13  3.5612177763220575e-13  1.573283220702776e-13  6.582960847816056e-14  2.561960950739019e-14  9.05246772441326e-15  2.811973557646223e-15  7.356049564838381e-16  1.5303223329369207e-16  2.3455369417862916e-17  2.392056706372821e-18  1.4169694722291176e-19  
4.984217166217444e-09  2.7097914816269137e-09  1.4708608106652794e-09  7.966536145837836e-10  4.302461333176167e-10  2.3147113449621673e-10  1.238947631864447e-10  6.586332250862953e-11  3.469603628507929e-11  1.80568810986544e-11  9.246417173530272e-12  4.633687420060383e-12  2.256185961324983e-12  1.0571758761821768e-12  4.706326468236759e-13  1.9568728657262658e-13  7.428456801921231e-14  2.4974744900767095e-14  7.14138133814611e-15  1.6454641824672717e-15  2.842783137195548e-16  3.345345345259173e-17  2.359188935685115e-18  8.405083739130052e-20  1.2046909906998623e-21  
3.916589865483833e-09  2.180183885130277e-09  1.211662488063622e-09  6.719568931074394e-10  3.7158879259437475e-10  2.0470674737536133e-10  1.1220164078573607e-10  6.108424017361601e-11  3.295660618931512e-11  1.7568425305197175e-11  9.216335409176478e-12  4.732556832114069e-12  2.3618256370194296e-12  1.1347061305137128e-12  5.181958880183518e-13  2.2117381240609658e-13  8.62594784711673e-14  2.982980595422972e-14  8.78708523266216e-15  2.0900687064686822e-15  3.7378387941207003e-16  4.570001209053727e-17  3.3648211635595267e-18  1.259793787182727e-19  1.9141270585705564e-21  
6.018501629913781e-09  3.2466004185435746e-09  1.7485386146430296e-09  9.397147793433138e-10  5.035964218109821e-10  2.6885821668945917e-10  1.4281346234003574e-10  7.535084240656315e-11  3.9400708455680515e-11  2.0357064639724796e-11  1.035107787708348e-11  5.1522914088384225e-12  2.492715699134329e-12  1.1611439815565588e-12  5.142223722656544e-13  2.1288602445858895e-13  8.055878117445596e-14  2.7041493964268283e-14  7.736444812467538e-15  1.788530709020544e-15  3.1119044478744577e-16  3.7065175931330174e-17  2.6633088559533517e-18  9.754161056828998e-20  1.4542993814145013e-21  
1.2558243767620828e-08  6.15611047100503e-09  3.0134687053625548e-09  1.4723257167234538e-09  7.175357268548162e-10  3.485134276543742e-10  1.6851699137970475e-10  8.099628609292456e-11  3.862030165169916e-11  1.821955479953819e-11  8.47398543673236e-12  3.8672921042507925e-12  1.72087941142173e-12  7.403846997097651e-13  3.045414360369993e-13  1.1797979078064248e-13  4.219493500244548e-14  1.3565270377039147e-14  3.783337825709605e-15  8.730013104116968e-16  1.5645759859708557e-16  2.0017681178196615e-17  1.6339940436058469e-18  7.325038551537938e-20  1.4766720742728178e-21  
1.288334882894984e-08  5.991715327117113e-09  2.7855477534446736e-09  1.2943529636776698e-09  6.010422931327274e-10  2.788501505089833e-10  1.2921751391688377e-10  5.978395542747712e-11  2.7601422753825933e-11  1.2707385319987771e-11  5.828425388627237e-12  2.659947469779425e-12  1.205859858984976e-12  5.418212304281872e-13  2.4058119216007536e-13  1.0514654109000149e-13  4.4994963186735274e-14  1.8720260019026106e-14  7.501756697342932e-15  2.8594455878656614e-15  1.0195776261515392e-15  3.3259274298732375e-16  9.635405323473787e-17  2.382889172864225e-17  4.771925125768443e-18  
9.860832720001859e-09  4.8861489909448474e-09  2.420115438555761e-09  1.198009993376573e-09  5.925951091165485e-10  2.928329714560191e-10  1.445109835809763e-10  7.118802180323286e-11  3.4984829406171505e-11  1.7138576967431118e-11  8.360502528455023e-12  4.0554572394411096e-12  1.952449923731308e-12  9.30599634967172e-13  4.376586948332582e-13  2.0219019753048485e-13  9.12120699456876e-14  3.986264901434597e-14  1.6699606848984935e-14  6.612178127484656e-15  2.4283382227477633e-15  8.06682754094541e-16  2.3441935157962503e-16  5.699052719631289e-17  1.0921660760010045e-17  
3.1421235120771076e-09  1.761970670767738e-09  9.867846171105139e-10  5.517093280326094e-10  3.0776353281441507e-10  1.7116526620374297e-10  9.481333169641042e-11  5.223920547295933e-11  2.8577295807835297e-11  1.5484897330025245e-11  8.284728142916063e-12  4.358035848774473e-12  2.2412592269192626e-12  1.118432756154203e-12  5.361428661953389e-13  2.436043609197008e-13  1.0305372790243816e-13  3.963407077093055e-14  1.3424588210597359e-14  3.838480265690591e-15  8.755989015370832e-16  1.477801346687057e-16  1.6689970537369394e-17  1.1031480806305158e-18  3.569055238098131e-20  
4.7525637531304166e-09  2.5986854315191788e-09  1.417240608855737e-09  7.702269992108403e-10  4.166524778369572e-10  2.2399359179724761e-10  1.19427746491934e-10  6.297742472151746e-11  3.2724800765602673e-11  1.6674437613517374e-11  8.27687768709694e-12  3.96766156625136e-12  1.8155303329791904e-12  7.807937695861067e-13  3.091358392783434e-13  1.0961311930425113e-13  3.355059717600641e-14  8.440315396648565e-15  1.6346646777394934e-15  2.2337064134939924e-16  1.9170416953872992e-17  8.848638206615554e-19  1.7861716877088884e-20  1.196662209746881e-22  1.8418969803246765e-25  
5.373088187355211e-09  2.920841376299956e-09  1.5858769320565057e-09  8.596748770928437e-10  4.650180906695549e-10  2.5082246648114204e-10  1.3477543726883333e-10  7.205294347733863e-11  3.826084053554172e-11  2.0134420569979446e-11  1.0468846406473459e-11  5.356621430960495e-12  2.682820910699146e-12  1.3058765770852197e-12  6.119132814061557e-13  2.725487844328172e-13  1.1345317083501064e-13  4.3152655437262046e-14  1.4552883106550717e-14  4.180371700247725e-15  9.695423294799903e-16  1.69050268062404e-16  2.0148277840097994e-17  1.4458599357546055e-18  5.274662856461628e-20  
1.1870131774368309e-09  7.592942241583364e-10  4.842805015436048e-10  3.07675848701159e-10  1.9446236428920593e-10  1.2205950364511722e-10  7.590998694980163e-11  4.663162168331869e-11  2.8179513795209594e-11  1.6660203323487197e-11  9.566441299396539e-12  5.283429168531651e-12  2.7703757352343763e-12  1.3555024138553488e-12  6.047483728998229e-13  2.3855689400660236e-13  7.985883666640404e-14  2.1477920854596283e-14  4.314143787922892e-15  5.871521321060428e-16  4.755319874382256e-17  1.9275124098962604e-18  3.1041489803723415e-20  1.4598775465626158e-22  1.3299268294333956e-25  
1.0246732634173294e-08  5.220049917642702e-09  2.6541974967669772e-09  1.3461209860272827e-09  6.803897885316861e-10  3.4234315143720305e-10  1.712137677959934e-10  8.494010791105839e-11  4.168844709033938e-11  2.0169236698869114e-11  9.573185697973139e-12  4.429414356839653e-12  1.9809086926943073e-12  8.466116861248164e-13  3.405931359392938e-13  1.2640328409599088e-13  4.212779031278512e-14  1.2164306598406087e-14  2.900940306809025e-15  5.360660178891289e-16  7.049868139978577e-17  5.890609507216003e-18  2.688176535877011e-19  5.476002998158848e-21  3.8049427918418e-23  
1.1522260264943724e-08  5.551798541883822e-09  2.6744621818771537e-09  1.2879970440023078e-09  6.200510368356805e-10  2.9834507113917124e-10  1.434549038183999e-10  6.891578014933522e-11  3.3067209268037466e-11  1.584079950388623e-11  7.572235298653803e-12  3.609337794460336e-12  1.7138492689705268e-12  8.096667298997049e-13  3.7991897348953955e-13  1.7666199989790875e-13  8.116171011742389e-14  3.669155344628774e-14  1.6235120325157096e-14  6.980863934621946e-15  2.8892125603625074e-15  1.1364113834140058e-15  4.1763976599864437e-16  1.4019832167938685e-16  4.1710237112649375e-17  
1.0443314003007333e-08  5.2293954957247215e-09  2.6156993691955783e-09  1.306436563100442e-09  6.512397763738771e-10  3.237895354651378e-10  1.604267863250269e-10  7.911890264005334e-11  3.8779509332528514e-11  1.8851624096328364e-11  9.064150392143478e-12  4.294840407466589e-12  1.9956661482971246e-12  9.03486634717661e-13  3.95073066128486e-13  1.6494003238420287e-13  6.473834043113421e-14  2.3401361043307253e-14  7.579479297663243e-15  2.1205747614079625e-15  4.880643984886104e-16  8.658257290825854e-17  1.0854312775517222e-17  8.564535175570275e-19  3.644799163721497e-20  
1.0609245126178805e-08  5.252157039330117e-09  2.5974612143017652e-09  1.282836245697183e-09  6.324229749128967e-10  3.1102568986531746e-10  1.5247113401035593e-10  7.442446636677591e-11  3.612094623786158e-11  1.739759010787742e-11  8.294697691129148e-12  3.901394389104965e-12  1.8021121136581796e-12  8.12579428190408e-13  3.5479483706504705e-13  1.484075740305132e-13  5.862565986370546e-14  2.1457804616985597e-14  7.094107238039382e-15  2.0478043483831052e-15  4.932939109756469e-16  9.335631742356038e-17  1.2807258584630547e-17  1.144041312473922e-18  5.767083946607318e-20  
1.2298891208222503e-08  5.969198237603806e-09  2.8957565185259056e-09  1.4038995752554062e-09  6.800600620493449e-10  3.290597282673096e-10  1.5898534327577069e-10  7.666182880809392e-11  3.6868381802736657e-11  1.766847965894972e-11  8.42760688102724e-12  3.994743987633597e-12  1.877785215945446e-12  8.729014966297023e-13  3.997914138292659e-13  1.7951428341070777e-13  7.850416561921081e-14  3.314274154123605e-14  1.33500838927399e-14  5.050978323760295e-15  1.7578824260778369e-15  5.473028799692039e-16  1.4687729378793664e-16  3.2333656160159504e-17  5.4655820839475414e-18  
5.205377243909095e-09  2.7624517421696704e-09  1.464290685394449e-09  7.74961181617796e-10  4.0928503862009003e-10  2.1555725653510564e-10  1.1310635547720064e-10  5.905561237076727e-11  3.063148260262943e-11  1.5748935880385506e-11  8.002680926539563e-12  4.003319776739345e-12  1.961271760357382e-12  9.344667354133251e-13  4.2900835177592064e-13  1.8744148698014277e-13  7.666416583749374e-14  2.8713271311996106e-14  9.562772651457433e-15  2.723265124567678e-15  6.293947910826327e-16  1.1011389990197403e-16  1.328983045237086e-17  9.776366372800698e-19  3.7162309385935906e-20  
7.85031586024166e-09  4.173172436083833e-09  2.2151948463356552e-09  1.1735797829872814e-09  6.201355007980916e-10  3.265563051620234e-10  1.7116932718525381e-10  8.917065514605877e-11  4.607390196216961e-11  2.3547061791026098e-11  1.1859939772537532e-11  5.858400964704396e-12  2.8197368349584945e-12  1.3110314539100286e-12  5.820784892899485e-13  2.430140747139047e-13  9.346554228553613e-14  3.222245045390203e-14  9.600766435408456e-15  2.354841785524183e-15  4.456011697874347e-16  5.965974560133113e-17  5.035649860686447e-18  2.297439248791466e-19  4.614607852628979e-21  
6.858715590426255e-09  3.537260495124852e-09  1.8225753657176582e-09  9.379135469884478e-10  4.818573640933825e-10  2.4700849831714426e-10  1.2624728480899082e-10  6.427187426220735e-11  3.2549019999040926e-11  1.636861067731944e-11  8.155071038976027e-12  4.0126592736609186e-12  1.9418720471588964e-12  9.191490999824558e-13  4.223951137005307e-13  1.8661196049884595e-13  7.82240697769982e-14  3.0571083837267925e-14  1.0881819972519215e-14  3.4196235579075885e-15  9.101080776843214e-16  1.9407872817324076e-16  3.079913635787709e-17  3.295913803244041e-18  2.0855306235446952e-19  
7.294557803234907e-09  3.6972091951752354e-09  1.8725497927103596e-09  9.474836553910471e-10  4.787939663098881e-10  2.415332684844597e-10  1.2156453797426467e-10  6.099658711664167e-11  3.04809735106714e-11  1.514902506326078e-11  7.474523187736212e-12  3.6523494289764155e-12  1.7617612232197664e-12  8.352860884712713e-13  3.8702588207088044e-13  1.7391283615011388e-13  7.5018766472417e-14  3.0643172856140825e-14  1.1639307215757127e-14  4.01255234529027e-15  1.2155512583591894e-15  3.099278467806854e-16  6.279332970351672e-17  9.363432922467015e-18  9.277334642426374e-19  
1.641414336946802e-08  7.568900831908454e-09  3.4892485949148763e-09  1.6079664895306e-09  7.406562496997121e-10  3.409435719923516e-10  1.5681337176268944e-10  7.204380442740597e-11  3.304918127125102e-11  1.513068805019477e-11  6.908785268999328e-12  3.143435505599806e-12  1.4234872476953575e-12  6.405658431381042e-13  2.858391319237029e-13  1.2612732522702504e-13  5.4827935970921884e-14  2.336327204194743e-14  9.69428722499861e-15  3.882366446629912e-15  1.4829920962821546e-15  5.318545072707084e-16  1.7535734505670716e-16  5.1683393593390145e-17  1.3116868942183837e-17  
1.154563270029607e-08  5.62463010007274e-09  2.7379933262809696e-09  1.3314360931753566e-09  6.465580814097399e-10  3.133961718281332e-10  1.5153452025886777e-10  7.303061082788808e-11  3.5042786919379846e-11  1.6717029884126433e-11  7.913005934493034e-12  3.706970109568035e-12  1.7127321754720267e-12  7.768712891552442e-13  3.43816068634369e-13  1.4725088171328802e-13  6.036610276626585e-14  2.334512129754581e-14  8.352530066794461e-15  2.6939663210073278e-15  7.566483191643843e-16  1.7672110107888452e-16  3.2274355699597014e-17  4.245932705214826e-18  3.6068131229653865e-19  
7.536636953619914e-09  3.9167074518497916e-09  2.0329950346285742e-09  1.0535300524632425e-09  5.447760119253799e-10  2.8088988217887007e-10  1.4427245100135475e-10  7.372294380769408e-11  3.741543230881738e-11  1.88164097372076e-11  9.348441257740992e-12  4.569786554685483e-12  2.1860344205982903e-12  1.0159885183709143e-12  4.54373030460876e-13  1.9304374640066116e-13  7.659269177706531e-14  2.7739452018127586e-14  8.895551992761587e-15  2.425440521622507e-15  5.326623961036007e-16  8.766387926031079e-17  9.819938028386092e-18  6.585538133844785e-19  2.228218766301965e-20  
6.809537117836297e-09  3.6347169449069934e-09  1.936384997590867e-09  1.02897181480039e-09  5.449239734136098e-10  2.872735406267921e-10  1.5053055764280198e-10  7.824303001353903e-11  4.023357147415793e-11  2.0393567854934064e-11  1.014095680458132e-11  4.915539772313585e-12  2.3028738976130384e-12  1.0309601193724273e-12  4.3441707262384014e-13  1.68846230401305e-13  5.892440543773908e-14  1.7812138231972345e-14  4.445778769574474e-15  8.594987469473893e-16  1.1819776401383955e-16  1.0320504596010685e-17  4.917288684947325e-19  1.0445882468479916e-20  7.557151328491797e-23  
6.2811128315251656e-09  3.412225450780551e-09  1.8508837128734566e-09  1.0019379261355382e-09  5.409154111492585e-10  2.909735294108004e-10  1.5577273024457547e-10  8.286047531490785e-11  4.3701224208890955e-11  2.2787290079109934e-11  1.170293217315182e-11  5.889783892567983e-12  2.885177900934544e-12  1.3633322688565873e-12  6.140009769476774e-13  2.593682392509927e-13  1.0059270130899908e-13  3.481329233160245e-14  1.0350301871832288e-14  2.5129716239187726e-15  4.657016788431246e-16  6.019865989388054e-17  4.813357857745107e-18  2.0282118506740632e-19  3.637457556902966e-21  
1.1532082655415506e-08  5.696411606298887e-09  2.8110852505561923e-09  1.3854322983798414e-09  6.816289243660369e-10  3.345896134544973e-10  1.6373657422843293e-10  7.98001597628131e-11  3.868072246386173e-11  1.8613524766181503e-11  8.870600955758148e-12  4.173148526986774e-12  1.9296953721473064e-12  8.720293042399308e-13  3.8217423695049777e-13  1.6078291645234383e-13  6.405395461072148e-14  2.3729264363207098e-14  7.978594119176268e-15  2.3573943938729318e-15  5.86245149586495e-16  1.158511602093908e-16  1.6850063700242392e-17  1.6284873139270459e-18  9.125206873268842e-20  
5.99203005857609e-09  3.134168094425679e-09  1.6378429942840466e-09  8.548522944277465e-10  4.4545267593481746e-10  2.3161543503734465e-10  1.200808699907015e-10  6.201552909810683e-11  3.1863036749841444e-11  1.625874048135615e-11  8.220598476299846e-12  4.1058993060924806e-12  2.0175760546491643e-12  9.700762810573644e-13  4.5309146478206714e-13  2.0359582711708795e-13  8.688657925320484e-14  3.461519320934619e-14  1.2581975860006067e-14  4.046822400287193e-15  1.105724837686379e-15  2.430655954324754e-16  3.997975776261892e-17  4.466700028656225e-18  2.9794888920103164e-19  
1.4482143475303886e-08  7.117681797117281e-09  3.495543603858081e-09  1.7149497298976002e-09  8.402373860856706e-10  4.1093305915165874e-10  2.0049242898041143e-10  9.750684387788045e-11  4.7219232911105216e-11  2.2736905090618926e-11  1.0865459473050641e-11  5.140081340402331e-12  2.3990055778718836e-12  1.0997076573275688e-12  4.921544361232372e-13  2.1331815404694541e-13  8.859746435102014e-14  3.4761675380169434e-14  1.2642220658652843e-14  4.155253398306017e-15  1.1933432134935656e-15  2.8627305616562655e-16  5.402281586769251e-17  7.402808906515073e-18  6.620434447237613e-19  
1.3886890443403544e-08  6.73798852706505e-09  3.2673047280239737e-09  1.5830493489505053e-09  7.661723060983543e-10  3.702780233004918e-10  1.7860294869694504e-10  8.592669147265658e-11  4.119764402036794e-11  1.9661779612639054e-11  9.32640839061344e-12  4.387937324882128e-12  2.0421058304666913e-12  9.36679414138711e-13  4.2140115440057386e-13  1.847516127582382e-13  7.825804759711149e-14  3.1661486783325883e-14  1.2048839463937451e-14  4.225741750950039e-15  1.329165660466188e-15  3.615798999967017e-16  8.104936157153846e-17  1.4033714416094815e-17  1.722178665970024e-18  
8.886954563124701e-09  4.514673534244801e-09  2.291406422906159e-09  1.161576110276237e-09  5.878765598953446e-10  2.9688053241694006e-10  1.494926785344638e-10  7.498620815015483e-11  3.742026876969661e-11  1.8546019455793396e-11  9.107902180553908e-12  4.418590016383865e-12  2.1090084960520685e-12  9.85017589098014e-13  4.469263016503522e-13  1.951014538432399e-13  8.089571084266197e-14  3.1316518642586903e-14  1.1062666963623953e-14  3.458782296433601e-15  9.18923475293284e-16  1.9649242175058768e-16  3.145393476773964e-17  3.4224002361419274e-18  2.22531037169376e-19  
8.206619909133353e-09  4.139102071589566e-09  2.0860236971273996e-09  1.050253142553102e-09  5.280611212758215e-10  2.6502991048562603e-10  1.326985252182304e-10  6.622944572281659e-11  3.2914528711381785e-11  1.626519005847565e-11  7.977071556495717e-12  3.872971849561505e-12  1.8552383418079525e-12  8.7289098228772e-13  4.009824848508861e-13  1.7841401929730318e-13  7.607597291326039e-14  3.064896838649392e-14  1.1447552604645835e-14  3.8652225604169505e-15  1.1407265414619566e-15  2.813441152949653e-16  5.4619173894877986e-17  7.70609222790538e-18  7.103508676516221e-19  
1.4145213137535091e-08  6.752816057773924e-09  3.2230260637443447e-09  1.5378500626364271e-09  7.334871677432208e-10  3.4965693397662347e-10  1.6656606483476739e-10  7.927273758088032e-11  3.768064926128246e-11  1.788088665421861e-11  8.466315644316823e-12  3.996802214319022e-12  1.8793788883215525e-12  8.790772108082565e-13  4.0830740514629557e-13  1.8787846082060174e-13  8.537655657824842e-14  3.8155908059778456e-14  1.6677551145760834e-14  7.07669901540547e-15  2.8864498844444694e-15  1.1168818345511196e-15  4.0283389589223794e-16  1.3229389653735266e-16  3.834181347690988e-17  
1.1278233851623704e-08  5.4681084167112325e-09  2.6502318917143085e-09  1.2839011566991693e-09  6.216041054613817e-10  3.00706074422819e-10  1.4531100917182205e-10  7.011733516246129e-11  3.3768589531754346e-11  1.6221130927695274e-11  7.765272736814588e-12  3.700341884439502e-12  1.7525591557826812e-12  8.233110615459032e-13  3.8259132819223654e-13  1.7523140740417795e-13  7.872182115368517e-14  3.44655499228864e-14  1.4579715472747264e-14  5.891263111871927e-15  2.23936434173629e-15  7.845947471263896e-16  2.465841215986582e-16  6.704113706663713e-17  1.502384866050452e-17  
8.94229253823719e-09  4.570218227042234e-09  2.333325833885822e-09  1.1896364759424809e-09  6.054156119376849e-10  3.073454292839934e-10  1.5551708219659832e-10  7.834899611448929e-11  3.924283833654796e-11  1.9503644027684156e-11  9.593453585091537e-12  4.654129948409735e-12  2.2166986138334366e-12  1.0301792103905967e-12  4.633411690707042e-13  1.994935968779021e-13  8.103514510839543e-14  3.045801681220195e-14  1.0322110264050753e-14  3.0470421429254756e-15  7.482291259825567e-16  1.437376793323952e-16  1.9903360975539538e-17  1.781073446050622e-18  8.904326283914472e-20  
