24.56065673402918    28.676454087282764    2.048209964457783    4.9233433281915495    3.5064834055519896    1.614667289686622    
3.3368115991470404    4.188026497096871    2.3321430822252296    0.7053855556296185    0.23950947233242914    1.0474599030858371    
22.241032025631284    30.83373788361496    1.3716581405169563    4.275716147501953    4.270579733856721    0.9594402614311548    
18.518505069048842    7.671292629718664    11.174739013702492    4.082052782599931    1.0735659633937757    6.372824408666929    
66.69823723504669    132.36981513111095    1.3286055053467862    14.847735271323472    14.33529910967627    1.2189209425414447    
27.79554045262921    21.00173676465056    10.313644310022937    6.643172148120357    3.6966317056212574    3.70868177615921    
2.068755379776121    2.184997566975653    0.46044416386575904    2.5836211197602097    1.8923059535736684    2.3053334526193794    
0.6808356067922432    0.2997201995603973    0.5057787644764176    0.8354293701413553    0.25022769048518967    0.6232582545344485    
0.30656146950786933    2.2292787284968654    2.888257749887998    0.1818846878450131    0.7454155434243148    2.4548884287505643    
3.1302303338452475    2.085645806597313    3.1315866828517755    0.2929192997980863    0.5564331706118537    1.35890420130454    
15.864158299198607    17.834883587958757    8.485354918026133    8.550078828557162    9.575998483676813    8.682792757128482    
1.4008449802640826    2.704047061226447    0.47757242726220284    0.37502715532900766    0.33001802989747375    0.05145858910691459    
27.300940952831297    18.523938222177094    12.539220458071213    1.9321646556054475    1.9920094137487467    0.4561092352232663    
57.59465180746338    65.8785952754406    12.079968545527663    11.176876256839023    8.866770847220323    4.622753594128881    
1.3435712400823832    9.256884904243634    1.7508205991180148    0.26730829167354386    1.2382305166538572    1.4362764131074073    
14.525015775478096    15.888796859318973    1.6752643024956342    2.521147255814867    2.36069682262314    0.36172018767683767    
4.069209766355925    25.953615083984914    12.48861668567406    1.415775835266686    3.359440133732278    1.5743424595857505    
9.681095829961123    8.06999705141061    5.764866975761834    2.3144491154380376    2.818905067455489    2.3800009376136586    
0.23722692189039662    1.6420451968006091    2.2247307439683937    0.3393625906028319    0.3758509583567502    2.6238647317659343    
3.9085354682902107    6.533267388556851    0.19725726966862567    0.5993184522230877    0.8675876296329079    0.13848399266134948    
26.302064667106606    29.616772919820505    6.043111781633343    7.9092970403289655    6.124438872051542    4.420140178932343    
7.918455705337692    4.634637919196393    14.485380874350085    1.6626666378142545    5.289519508878584    6.188274840678787    
0.5425333031598711    0.3149112305545714    0.5896832091821125    1.020179301762255    0.5035654318344314    1.0771929769107373    
35.89473159016052    50.6575702719565    11.536730669860845    4.015327652392443    8.27789820599719    3.9473272152536083    
6.683169259747956    2.2494908365479205    4.634171484372928    0.8775595771585358    0.4437584246334154    0.8645186082430882    
2.9529564434778877    5.935129821751616    0.06031692840042524    1.554832611756865    1.0076086752960691    0.954700617789058    
48.368809432169655    61.254449621468666    3.2831280870886985    10.129834602150368    9.18799566947564    3.1040552936756285    
4.992827789974399    4.675367722971714    4.694227961532306    1.1912216480704956    1.2566005818516714    0.8362783224438317    
10.999968989257468    4.988329251951654    7.801279581937706    2.8844722907670075    1.1165944367239717    6.620170540860272    
7.433329582578153    9.575008619416622    10.160535811155569    0.6751411245204508    0.4332671022420982    0.32212572908611037    
7.377744469005847    10.903088598439354    7.2151639546355    0.9060741465073079    0.9016491479851538    0.2936590120662004    
11.967466440793942    3.2421790499793133    10.60863159870496    0.33726999870850705    0.6264605471951654    0.14841661376703996    
11.434246562115732    20.112844580115052    3.877858248044504    2.325494696633541    1.916891465007211    1.2149499760271283    
42.87436666553549    52.65252245120064    21.528048609077814    9.95255523279775    9.96662044277764    3.67458113891189    
1.5074584433314158    0.9873874456388876    1.4581374447152484    0.6983037468016846    0.784244315844262    0.821042323790607    
3.2039736774895573    3.1747430049581453    2.5485692170914263    0.921455140967737    1.6508129511057632    2.2961833549197763    
16.62339316152793    22.85783537646057    5.037234137504129    1.9882706747594057    4.234531683163368    1.6526511287665926    
21.83178630369366    19.194854827190284    6.444748612979311    3.926722963078646    2.919273981548031    1.2672676618531113    
13.106368607317563    3.21609317191178    13.24144919050741    1.8565517588431248    0.333348487954936    2.556010028027231    
1.4484680194145767    0.6312111731967889    4.2425726320943795    0.27372373071557377    0.9848753555124858    1.8877682226739125    
15.755202141051996    41.578060168540105    7.217431864875834    3.8805105297651608    4.05890792493301    0.39483978928183205    
0.9195727612241171    0.6137499061587732    0.36072212127328385    0.25333388132276013    0.06886372208828107    0.30232570532825775    
2.2568774204701185    0.4457897504471475    3.848443862691056    0.5134306839754572    0.07450228433299344    0.8260344526206609    
45.42912460048683    47.64729152893415    8.390340462006861    5.761851573901367    5.766988382092677    0.797348218926345    
23.86609950067941    54.76926507340977    4.7709710879280465    6.635457728538313    6.620307754710666    1.4565692251053406    
17.521178375769523    21.21496766350174    17.84849549915816    4.351863299278193    3.8102702294127084    2.153859247278888    
0.12303202506154776    1.8505391873186454    0.991212211563834    0.15993379360588733    0.7315380574436858    0.6348189825366717    
27.031288419806515    40.73078544973396    1.0106909373862436    4.938949126677471    4.506533759631566    0.5275796474306844    
16.60712785614305    4.8867179185617715    15.732945260431734    1.1876955752668437    0.6489340716943843    0.935112187944469    
7.233560802676948    10.31462330033537    4.660624184340122    1.6342422550224    1.631051213349565    0.43855555952177383    
6.501662125127041    6.467131597746629    15.327393490355462    0.5346411215869011    1.2073460480023641    0.5554248709668173    
100.2030232915713    50.976506005143165    78.56214320314757    11.79141117875406    3.7616720478254138    1.4135788624553243    
9.736211553099565    7.899162620204152    9.55604063582723    2.059182621931541    5.049096492875833    5.366672558157006    
16.185045491234632    17.946892024265253    16.863332732435083    6.629419881530339    4.968803146897699    5.70442060471396    
5.190510047585121    14.060998485976597    5.302012943502632    0.6378674323350424    4.159800391716999    5.042858057640842    
46.725547821537475    26.32561734326009    27.663426607541624    4.112248852325138    2.495583732306841    2.6407193609920796    
6.26997094003309    1.2661903183034156    5.4620456967822975    0.6760820242197951    0.2779548298130976    0.7043185587972403    
24.488104662959813    7.007260572980158    17.975487894247635    3.880760386484326    2.2362872110825265    5.2623841628519585    
3.024210128787672    5.013942808989668    4.236067265825113    0.30821954329439905    2.6763099008385325    3.731664580729557    
5.705990692717023    1.56981315354642    6.095538415684132    0.23078250931575894    0.3725031379581196    0.36388961278134957    
11.974985997469048    9.383086765286862    3.496524430505815    1.8445924072439084    1.7689784355316078    0.39589221830829047    
3.627792084007524    6.666178234110703    0.04224690096452832    0.7630558603414102    0.8067637092462974    0.04734347865451127    
30.83293031726498    21.21544415228709    11.760294009800418    9.297868975874735    10.1190836638998    7.16359925334109    
15.329786844697082    29.1428087609238    18.832015010513715    2.4363067185040563    2.3719687189295655    0.6869431511877337    
11.116117865720298    8.776956567337038    6.918853133480297    2.8204784201370785    3.1261935868969886    2.5505363409320125    
12.985795614731614    11.535894108295906    3.6041660050395876    1.4567264270008309    1.2757501886371756    0.22565949501586147    
