|                      Parameters |                       0 |                       1 |   2 |                      3 |   4 |                       5 |                       6 |                      7 |                      8 |   9 |
|             Crab.spectral.index |    0.006670459400382825 |  -1.160552867086981e-13 | 0.0 |  -0.002154422969794536 | 0.0 |  1.8891119506830424e-07 | -4.3681171546443544e-08 |                    0.0 |                    0.0 | 0.0 |
|         Crab.spectral.amplitude |  -1.160552867086981e-13 |  5.0505879128477674e-24 | 0.0 |  5.888107959365132e-14 | 0.0 | -2.7091475643800656e-17 |   7.739427431678464e-18 |                    0.0 |                    0.0 | 0.0 |
|         Crab.spectral.reference |                     0.0 |                     0.0 | 0.0 |                    0.0 | 0.0 |                     0.0 |                     0.0 |                    0.0 |                    0.0 | 0.0 |
|           Crab.spectral.lambda_ |   -0.002154422969794536 |   5.888107959365132e-14 | 0.0 |  0.0010794844322469961 | 0.0 |  -1.011115325736418e-08 |  1.2921864833948986e-08 |                    0.0 |                    0.0 | 0.0 |
|             Crab.spectral.alpha |                     0.0 |                     0.0 | 0.0 |                    0.0 | 0.0 |                     0.0 |                     0.0 |                    0.0 |                    0.0 | 0.0 |
|              Crab.spatial.lon_0 |  1.8891119506830424e-07 | -2.7091475643800656e-17 | 0.0 | -1.011115325736418e-08 | 0.0 |   5.147041862888282e-06 | -4.1776557849508255e-10 |                    0.0 |                    0.0 | 0.0 |
|              Crab.spatial.lat_0 | -4.3681171546443544e-08 |   7.739427431678464e-18 | 0.0 | 1.2921864833948986e-08 | 0.0 | -4.1776557849508255e-10 |   3.858410006436586e-06 |                    0.0 |                    0.0 | 0.0 |
|      f9zaJ2TL-bkg.spectral.norm |                     0.0 |                     0.0 | 0.0 |                    0.0 | 0.0 |                     0.0 |                     0.0 | 0.00011537097705432695 |  9.397126062162912e-06 | 0.0 |
|      f9zaJ2TL-bkg.spectral.tilt |                     0.0 |                     0.0 | 0.0 |                    0.0 | 0.0 |                     0.0 |                     0.0 |  9.397126062162912e-06 | 0.00013423143758578644 | 0.0 |
| f9zaJ2TL-bkg.spectral.reference |                     0.0 |                     0.0 | 0.0 |                    0.0 | 0.0 |                     0.0 |                     0.0 |                    0.0 |                    0.0 | 0.0 |
