|                           Parameters |                       0 |                       1 |   2 |                       3 |   4 |                       5 |                      6 |                      7 |                      8 |   9 |  10 |  11 |                   12 |                    13 |  14 |
|                  Crab.spectral.index |    0.006752049977890299 | -1.1878093680842964e-13 | 0.0 |  -0.0021878773473768373 | 0.0 |  2.0292868069508438e-07 | -3.973269410832693e-08 |                    0.0 |                    0.0 | 0.0 | 0.0 | 0.0 |                  0.0 |                   0.0 | 0.0 |
|              Crab.spectral.amplitude | -1.1878093680842964e-13 |  1.9538806198824643e-23 | 0.0 |   6.027319539803267e-14 | 0.0 |  -2.758258371543579e-17 |  4.176538277318004e-18 |                    0.0 |                    0.0 | 0.0 | 0.0 | 0.0 |                  0.0 |                   0.0 | 0.0 |
|              Crab.spectral.reference |                     0.0 |                     0.0 | 0.0 |                     0.0 | 0.0 |                     0.0 |                    0.0 |                    0.0 |                    0.0 | 0.0 | 0.0 | 0.0 |                  0.0 |                   0.0 | 0.0 |
|                Crab.spectral.lambda_ |  -0.0021878773473768373 |   6.027319539803267e-14 | 0.0 |   0.0010967542224277825 | 0.0 | -1.4671291300303006e-08 | 1.0381738909508962e-08 |                    0.0 |                    0.0 | 0.0 | 0.0 | 0.0 |                  0.0 |                   0.0 | 0.0 |
|                  Crab.spectral.alpha |                     0.0 |                     0.0 | 0.0 |                     0.0 | 0.0 |                     0.0 |                    0.0 |                    0.0 |                    0.0 | 0.0 | 0.0 | 0.0 |                  0.0 |                   0.0 | 0.0 |
|                   Crab.spatial.lon_0 |  2.0292868069508438e-07 |  -2.758258371543579e-17 | 0.0 | -1.4671291300303006e-08 | 0.0 |   5.149212267727757e-06 |   -4.9062151292534e-10 |                    0.0 |                    0.0 | 0.0 | 0.0 | 0.0 |                  0.0 |                   0.0 | 0.0 |
|                   Crab.spatial.lat_0 |  -3.973269410832693e-08 |   4.176538277318004e-18 | 0.0 |  1.0381738909508962e-08 | 0.0 |    -4.9062151292534e-10 |  3.859997541860957e-06 |                    0.0 |                    0.0 | 0.0 | 0.0 | 0.0 |                  0.0 |                   0.0 | 0.0 |
|           jZK3tNE--bkg.spectral.norm |                     0.0 |                     0.0 | 0.0 |                     0.0 | 0.0 |                     0.0 |                    0.0 | 0.00011537044426413395 |  9.397189024656394e-06 | 0.0 | 0.0 | 0.0 |                  0.0 |                   0.0 | 0.0 |
|           jZK3tNE--bkg.spectral.tilt |                     0.0 |                     0.0 | 0.0 |                     0.0 | 0.0 |                     0.0 |                    0.0 |  9.397189024656394e-06 | 0.00013423267622188304 | 0.0 | 0.0 | 0.0 |                  0.0 |                   0.0 | 0.0 |
|      jZK3tNE--bkg.spectral.reference |                     0.0 |                     0.0 | 0.0 |                     0.0 | 0.0 |                     0.0 |                    0.0 |                    0.0 |                    0.0 | 0.0 | 0.0 | 0.0 |                  0.0 |                   0.0 | 0.0 |
|       jZK3tNE--irf.e_reco_model.bias |                     0.0 |                     0.0 | 0.0 |                     0.0 | 0.0 |                     0.0 |                    0.0 |                    0.0 |                    0.0 | 0.0 | 0.0 | 0.0 |                  0.0 |                   0.0 | 0.0 |
| jZK3tNE--irf.e_reco_model.resolution |                     0.0 |                     0.0 | 0.0 |                     0.0 | 0.0 |                     0.0 |                    0.0 |                    0.0 |                    0.0 | 0.0 | 0.0 | 0.0 |                  0.0 |                   0.0 | 0.0 |
|           jZK3tNE--irf.spectral.norm |                     0.0 |                     0.0 | 0.0 |                     0.0 | 0.0 |                     0.0 |                    0.0 |                    0.0 |                    0.0 | 0.0 | 0.0 | 0.0 | 0.010152306338412149 |  8.67064613544068e-07 | 0.0 |
|           jZK3tNE--irf.spectral.tilt |                     0.0 |                     0.0 | 0.0 |                     0.0 | 0.0 |                     0.0 |                    0.0 |                    0.0 |                    0.0 | 0.0 | 0.0 | 0.0 | 8.67064613544068e-07 | 0.0006250002563340139 | 0.0 |
|      jZK3tNE--irf.spectral.reference |                     0.0 |                     0.0 | 0.0 |                     0.0 | 0.0 |                     0.0 |                    0.0 |                    0.0 |                    0.0 | 0.0 | 0.0 | 0.0 |                  0.0 |                   0.0 | 0.0 |
