4.41265615600524e-11   5.378626617145493e-12   2.2091108729981515   0.15684227030927106   0.15917517169831427   0.08108597886882934   1.0031962602489786   0.015786356207257997   0.008028043250698141   0.01706856522771374   1.0  
3.586702713585428e-11   2.6288093563795077e-12   2.4185234411772965   0.1037089935088919   0.033073904122214975   0.03376283134417758   0.9740349883476915   0.015559447372906985   -0.0037485297695301297   0.017198004142926052   1.0  
3.76560866749165e-11   2.9478206497101445e-12   2.4497561895724416   0.10764274611209339   0.035779894316243635   0.03975766683512956   0.9817333838051805   0.015609873816389681   0.011009072596677138   0.017294412239650527   1.0  
4.010694978775231e-11   3.885784713477813e-12   2.322088548518364   0.1297060280378314   0.10198930050481136   0.05771706059314129   0.9559414422753384   0.015419518586999238   0.001529629814657255   0.01743221525692817   1.0  
3.734702506689139e-11   3.219412649857618e-12   2.2985466012400644   0.12024369435901591   0.08390398650834038   0.047145760856597524   1.010925027552993   0.015854487913494843   -0.01516646108747002   0.016772630854208485   1.0  
3.333313145155003e-11   2.880705432198045e-12   2.621412026277087   0.11545775749463937   0.03508779349092667   0.04376826092647275   1.0094557451495627   0.015831572154264745   0.013880044664683072   0.01705049645471627   1.0  
3.70909898415552e-11   3.300781395125144e-12   2.2706709372952463   0.12433599688180295   0.08913636708478666   0.04963197905645408   1.0060060967696185   0.015808199272719335   0.02017309188894044   0.01715846387469493   1.0  
3.636845675924713e-11   1.9598236668463638e-11   1.8043418057036547   0.6842344894529777   0.3657807099971841   0.38986790900922824   0.9948890802752484   0.0498388596093403   -0.08696325572996108   0.05118298556934611   0.1  
5.971229400752477e-11   2.0668635995259614e-11   1.9672461279169362   0.4435691176292407   0.2746420295472365   0.23285026097854147   1.0074173827530761   0.05020470658538342   -0.05178583079617317   0.05185992489768753   0.1  
2.173122065392505e-06   6.118372211159193e-06   -9.746658338268114   3.180523405539774   9.767141690525412   2.671014834670215   0.9370926315311149   0.1384550530237206   0.1977438592251215   0.18564142733297698   0.01  
5.2358932456645566e-11   3.64033990452052e-11   2.1468746505367338   0.9087402190005709   0.1903388715874047   0.4554766314511313   0.9807648266348499   0.10657642477549054   0.04868176573350326   0.12015868279371171   0.021544346900318832  
2.9395896230071127e-10   7.628585882353939e-10   1.018986126555204   2.099545767139957   2.186698980500406   2.377048921801033   0.9796542238694466   0.07230378588707756   -0.07033298646120788   0.07615750720873112   0.046415888336127774  
8.273240480105814e-08   2.0605004285210275e-07   -17.429964167236808   8.125816097873336   10.04414299994256   3.92207719228236   0.665502070334091   0.12241848001523332   -0.2626561201929501   0.15735573175197218   0.01  
5.786649162569293e-11   3.164423726717556e-11   2.3895391910004102   0.7403574463766684   0.10309949013366948   0.31697079957691643   1.2043798522946032   0.11918371966053996   -0.09645461187166324   0.10110001118578955   0.021544346900318832  
3.6305859554599187e-11   2.405865853379497e-11   2.493708794706288   1.0279557044380734   0.006606460860706791   0.2139257785840957   1.0223753768185893   0.1619999038193597   -0.17975275818335223   0.15329941428019567   0.01  
4.3725271407069885e-11   6.79273736553304e-12   2.260650192641143   0.20122369325891898   0.14676849373706077   0.09811166327095773   1.0076668685665042   0.02326120636366095   0.01211171115181764   0.025070768742828105   0.46415888336127775  
3.446539815144556e-11   3.1412609445889136e-12   2.4230213637066798   0.12948054744745333   0.0063012869618364956   0.029640647944686647   1.001231507062219   0.023205068355932747   -0.035353997839748914   0.02443612563289865   0.46415888336127775  
3.2695155473975936e-16   1.3340620063200584e-15   -12.484539629722285   2.288871436521819   2.2918207686564576   0.3382163504488647   1.1850378808770483   0.17383186055192337   -0.03201834623305743   0.14526987865662902   0.01  
4.987646807962884e-07   7.241675882803189e-07   -5.240336601424139   1.944359941284869   9.029345790822262   1.9853133782565475   0.9292310892612986   0.15867989626777654   0.06481009565418705   0.179998942033116   0.01  
4.199453030959667e-11   6.918213363578165e-11   0.3372195403695345   2.7670115055412796   0.710277386484297   1.3090204169295254   0.7525994250087468   0.13341489197767464   -0.0573540722216942   0.18602976147598646   0.01  
3.4606198493301643e-11   2.5196154921773557e-12   2.339524094714142   0.1037545706990228   0.04008922182295608   0.03257670999469573   1.0058527699644393   0.015806362245922873   0.013950893661715029   0.017106987283471233   1.0  
4.1810729574661173e-11   3.901442645784034e-12   2.0358156765744146   0.13186847568363663   0.15091503264668432   0.05632439355873717   1.0207610649200765   0.01593476626443173   -0.009991575341432364   0.01673944608984893   1.0  
1.7304954753503745e-08   6.903301466159832e-08   -5.056421626136389   4.595062672120581   5.758858012939628   3.708377034775805   0.8514914427240539   0.14705906406043298   -0.23602471477912382   0.15854245649075613   0.01  
4.018484454997798e-11   2.4598315262573825e-12   2.435040529269057   0.08167056420469225   0.07723574014537944   0.03461112498566576   1.005562401357081   0.010782408013052903   -0.012192066458093193   0.011467627326714528   2.154434690031884  
3.6235869332027256e-11   1.9092429453967554e-12   2.499252447533579   0.07294335924410027   0.035225209804039814   0.025484258529870497   0.9935899728447376   0.010707886376960258   0.012681488644564672   0.011709388456304256   2.154434690031884  
1.8457057108857493e-11   1.2189072546047996e-11   1.5377519759682934   0.7086838022264189   0.035057388591869694   0.08991895757535061   1.0349243918097997   0.10973040491620138   0.16329313791618635   0.1252788281855404   0.021544346900318832  
3.7476661972630476e-11   1.6305103240558794e-12   2.3571603248861153   0.05872079994760304   0.08651330449943281   0.02490979745947212   1.0031331854842518   0.007332339613422153   -0.01127429654216145   0.007830867989270709   4.641588833612778  
3.7471109537982536e-11   1.496956510016964e-12   2.3958032878773583   0.05478195077965252   0.06640183871391336   0.02166963935046996   1.0006827834979797   0.007319488451764561   -0.0003513945109311015   0.00788916087053029   4.641588833612778  
1.577800048930041e-11   6.2347471473375345e-09   3.6061982638779275   623.5424549818669   0.17331682330326387   0.0224538646184853   0.875516574899015   623.5533251786379   0.03437088023253632   623.5533483176669   0.021544346900318832  
4.4876707033582606e-11   1.727140778468833e-11   2.187587804999947   0.5296516661675579   0.11538806215272412   0.2198056659027419   1.0226028666837756   0.0738235179840477   0.08044405965030503   0.08158634425576351   0.046415888336127774  
1.4544523147696105e-09   7.696970648148635e-09   1.2700564982162048   3.706920916202105   7.186336567073605   7.7969950941687864   1.1743884447079633   0.16980990591972048   -0.07682096736639943   0.14284521811475465   0.01  
1.1185398166773556e-08   3.4480552599430035e-08   -2.7984862612407935   2.9301266556227796   5.0448445651116405   2.866630003922335   0.8832312343728215   0.10077272021819904   0.005324282705569154   0.12300971576853868   0.021544346900318832  
3.848722554664778e-11   1.117997917236549e-12   2.3666078538634108   0.03940869634719632   0.0844696864785629   0.016529297557777486   1.0070849218212425   0.005002898917667747   0.003329393156651633   0.00536880466783519   10.0  
3.903308858346951e-11   1.1502003684650406e-12   2.354616252511686   0.039905112357286894   0.09022210418235757   0.01702014810382808   1.003929649559493   0.004994621249190353   0.008173837746137875   0.005391775397779779   10.0  
3.3871309320792236e-11   9.155814860143378e-12   2.587009402353895   0.375062369661167   -0.01583559812067947   0.07069575333480736   0.8594299164947943   0.0677525386974274   0.13012284481224004   0.09165049392551493   0.046415888336127774  
3.7057437664619485e-11   7.017237906722523e-13   2.409436108788009   0.025945781434775224   0.06616958454630449   0.010322987885208464   1.001347448447534   0.003399402220568717   -0.005192134637407563   0.0036495604978482718   21.544346900318832  
2.597995030849349e-08   5.65569866907875e-08   -5.6582789959168105   3.4737649929767134   6.927614194020048   2.7784197970414457   1.0582747952098763   0.10449956944808048   -0.09941436314171678   0.10494250956288614   0.021544346900318832  
1.8761834773004407e-10   1.9903579533709251e-10   0.6218735458318334   1.0666228777689974   1.4566978852961376   0.9080412698925532   1.0620334307743735   0.05132376375448042   -0.026197746780432834   0.05123740978711883   0.1  
3.650414917041423e-11   7.029814553435575e-13   2.422864512115924   0.026292565504830435   0.06568186217137338   0.01057172862711537   1.004361490147057   0.0034031761515226815   0.003102356615670393   0.0036617597723669374   21.544346900318832  
3.673940127415375e-11   1.0946255445636333e-11   2.051492898170401   0.43970093237900465   0.05257100230447089   0.11812074261194515   1.007598795396531   0.07380026716711792   -0.07804967347251011   0.07525999305266894   0.046415888336127774  
1.5575609693988415e-11   1.230287761257265e-11   1.7516343399332042   1.1599215158628575   0.11411371807920744   0.33351719195179763   1.1250488949231208   0.11361703170181842   0.03364131604898735   0.1108278221255103   0.021544346900318832  
4.924239600528449e-11   2.6106657653570802e-11   1.9776371354561586   0.7006692647736289   0.25450105534834916   0.36644441398904176   1.0492232127074346   0.0748695596376834   0.06663866244601223   0.08039866312541474   0.046415888336127774  
2.7928219797135258e-11   6.185718823024287e-12   2.478878313355344   0.31900263506996146   0.006253855994177973   0.07393344347835758   0.9854849292864022   0.04937467992877459   0.01869589167131219   0.054813700304736576   0.1  
3.781522436464833e-11   4.831255957212102e-13   2.3818488059863356   0.01765048938049218   0.06890597841894221   0.0070033584125356605   1.0022187039285146   0.002316826266116107   0.0007566511340677503   0.002494712403526394   46.41588833612777  
3.7867753857034966e-11   5.113619986864219e-13   2.374996479936647   0.01842254427458956   0.07808212671010406   0.007658576959490282   0.9977056492614096   0.002311438511540825   0.002167359525206741   0.0025021328654303643   46.41588833612777  
4.134270149123331e-11   1.0750958539587434e-11   2.0063123814448764   0.37436249201316507   0.13411125241544516   0.14612504796724993   1.0311329685129902   0.05064258488686645   -0.07817764319204658   0.050921891579142876   0.1  
3.469133886170212e-11   6.4048199623650574e-12   1.8417315872242113   0.28391804822333194   0.14161886127331474   0.1034538501883987   1.0159366420089466   0.03416739093085122   0.03107475145356673   0.03705749042375266   0.21544346900318834  
2.7830914539235077e-11   7.917037111961874e-12   2.096470585808917   0.424060069163103   0.09288236506228086   0.1432001538320525   1.0298479434608672   0.0504479383404474   0.058293674045878444   0.05467449833564372   0.1  
3.810817789858239e-11   3.4582411839400653e-13   2.374368474238815   0.012461080313295245   0.0762008254125163   0.005111029736211498   0.9976094086726032   0.0015747857390049815   -0.000186395303182874   0.0017024116966094236   100.0  
3.7218240076946034e-11   8.571884523188465e-12   2.4870904694920264   0.3133628113270705   0.048849204387039845   0.09081052892153178   1.0062625589511711   0.02668640356336891   0.14489087894115607   0.08481026227747063   0.046415888336127774  
3.333242987518522e-11   5.536565914755406e-12   2.339756091100646   0.23824253573611165   0.04493662235195346   0.07714470269676157   0.992790407299642   0.03384662839143334   -0.0054863477467857755   0.036669963127885744   0.21544346900318834  
3.744405278054618e-11   3.4162878445582927e-13   2.3797396929569548   0.012538622664728057   0.07386374081991674   0.005129375388535944   0.9982013800756211   0.0015751256596938958   0.000862833708123212   0.001702973316744748   100.0  
3.565212138701069e-11   1.1402543184654937e-11   2.48848784528341   0.3700616961652847   0.1747341439542825   0.2155649214763579   1.0016444951233152   0.03397651864954552   0.0386767787928545   0.037367555952457616   0.21544346900318834  
3.411684017932653e-11   4.012741083199205e-12   2.6426293315705522   0.15958570078049   0.023753735421941896   0.05663926355387419   0.979268409966128   0.022901201166437665   0.019485302644236913   0.025517270072210167   0.46415888336127775  
3.531679454954137e-08   7.17213235256669e-08   -0.9609576529358252   1.7188779642821193   8.67651584885309   2.5557873572410164   0.8583655410220015   0.09789417363969549   0.01890380342828371   0.1223403949530018   0.021544346900318832  
3.680246987831358e-11   5.65958202659609e-12   2.2981843657031487   0.2230477370842013   0.04869000462527029   0.07084921658027638   0.9769201563961244   0.033535239548963584   0.021950217118533802   0.037488915773892156   0.21544346900318834  
4.2348111211013053e-11   6.888589302678586e-12   2.3856478368090492   0.2035568029278065   0.13187565652007602   0.10358815518799805   1.0127120764961932   0.02329175776406927   0.00434175894828953   0.024868223478740015   0.46415888336127775  
3.9354175769267014e-11   8.327004395875847e-12   2.4229172955214704   0.2923845777770351   0.03050232934286555   0.09112197270597686   0.9816542303900752   0.04941021236510392   -0.01611155536437492   0.053587302971153675   0.1  
3.363262553338125e-11   3.511749623805153e-12   2.563370524533279   0.14569927074221364   0.01586757101862096   0.04287240445830882   1.0137791833086407   0.023289706046093924   0.009501300617856867   0.024910622955457103   0.46415888336127775  
3.9517270873964795e-11   3.786657096550206e-12   2.2747978541515947   0.13005653210231788   0.11344318546180959   0.05713062002182025   0.9905165457048396   0.015676121575662942   0.008060077047864734   0.01717087898538424   1.0  
3.3179869040128927e-11   3.0371838874053125e-12   2.6224017922677443   0.12791328906821198   -0.009827184000588544   0.028636196944931486   0.9817269194383128   0.02291735510791047   0.0010960664973236295   0.025154349448812913   0.46415888336127775  
3.8361573858159574e-11   3.321223116285156e-12   2.3978840304094495   0.11851385863467014   0.07372989218216495   0.04731579364376693   0.9986743726885793   0.01576846066701458   -0.006591066954463776   0.016959727563747067   1.0  
5.303105026465112e-11   1.7959699589131367e-11   1.9886006176953452   0.40057915455821336   0.37967697287378377   0.24870190996328043   0.9714036860804536   0.03342403457150258   -0.017155000584722812   0.036744242250794604   0.21544346900318834  
4.613365827502515e-11   5.455375715245647e-12   1.9402564377112443   0.1591379621185837   0.22844901756215055   0.07963275034586763   0.9947715404273614   0.015732633282537115   -0.016005578219885006   0.016888622301908178   1.0  
4.082707330599362e-11   2.6806003884921562e-12   2.264221567560839   0.08852057312516198   0.11857804591694972   0.039363815773665475   0.9984470142217943   0.010727283517585548   0.011946905612547798   0.01167490981925523   2.154434690031884  
3.40204418285909e-11   2.3066130019683103e-12   2.4942078570281847   0.09553873033714277   0.013371696860496463   0.026467694423184918   0.9908809683295644   0.015688527708715882   0.019165581093745544   0.017278341500366428   1.0  
2.639335524367164e-09   4.9562514938834425e-09   -2.158897274934707   1.9110070115866455   3.827704847986956   1.7110437636614442   0.9196087200693397   0.07100727625151583   -0.18681217034522957   0.07323526285284701   0.046415888336127774  
3.7058265427456774e-11   1.90309664075223e-12   2.4151015405728566   0.0725566783975776   0.044441310487541665   0.02479588763306172   0.9866075316900818   0.010673759443102013   -0.007209729443322245   0.01162286439097517   2.154434690031884  
3.6901446078165897e-11   3.715936144547411e-12   2.352447853182224   0.14354236032560946   0.03608675917872885   0.04311598853626166   0.9957835047428808   0.023133098542146083   -0.030660770614269507   0.024603534227335792   0.46415888336127775  
4.244285191372969e-11   3.587372852787827e-12   2.324705623657112   0.10375726268325432   0.1603908962621118   0.05607744710729006   0.9975620997464572   0.01071585755763527   0.01987514207522106   0.01172717722536414   2.154434690031884  
3.596146084240135e-11   1.5504437579262998e-12   2.3462557265613406   0.059285115875665886   0.07825447754488497   0.024238632488721695   1.0027596760953816   0.00732653291519102   0.00493283999723085   0.007902686114215317   4.641588833612778  
3.624981775032858e-11   1.9490192527669576e-12   2.3539977046057317   0.0757259079543221   0.052316853664114725   0.026844320710884124   1.0036267603543219   0.010764674327550702   -0.006655873616173956   0.011523259465438791   2.154434690031884  
3.585550650996522e-11   1.2301545708929677e-12   2.4802535818796043   0.04817349468218386   0.030967106344985562   0.015826540648608632   0.9970350707554614   0.00730901202117806   -0.006872454650920928   0.007880813662478595   4.641588833612778  
5.4879606013944986e-11   2.4262860084588787e-11   1.4652392458315777   0.6227987502758713   0.44993571341299027   0.33098508916057684   1.039970240848277   0.05082003741649987   0.023220836406905972   0.05338662049990985   0.1  
4.0720396517141504e-11   3.880538901961938e-12   2.3029214046656596   0.1278025765921668   0.11109043575662629   0.056455052256247445   0.988365852444653   0.015670030887455052   0.012409308415189307   0.017216086022363804   1.0  
3.649601897850362e-11   1.017336530145755e-12   2.4137109337622644   0.038182814603878415   0.06355840479982205   0.01517174789310117   0.9914256298670855   0.004963631613048412   0.006441155959461064   0.005420841295874109   10.0  
4.145517175197863e-11   1.8259795772683155e-12   2.335090519081092   0.058804244339881025   0.10339113589845267   0.02616021880532163   1.0081423722111866   0.007349780468927003   -0.0016783078435683935   0.007853960204734676   4.641588833612778  
3.78943618387304e-11   1.0766348387676086e-12   2.4095790385261115   0.038484562096827254   0.07231109750728315   0.015896775788983308   0.99987620577149   0.004982983663118705   0.008079371632934918   0.005402232073271892   10.0  
3.126386904744471e-11   5.163676571664978e-12   2.4662129075393215   0.22842870329537765   0.028920216364552748   0.073470471876364   1.0081781429060441   0.034081410814824444   -0.010705274695485326   0.03620276520388455   0.21544346900318834  
3.657922818016241e-11   2.231835816053266e-12   2.346250103075342   0.08372217484292184   0.07933749905890253   0.033793920005357796   0.9775250233123652   0.010622207199633832   0.00046455961505551435   0.011728023579267674   2.154434690031884  
3.849001064787527e-11   1.5942284258742286e-12   2.336751676132913   0.05708762491718063   0.07613050531294284   0.023152162256628233   0.9976446103835156   0.007310551393579403   0.007884393696665885   0.007940401005484987   4.641588833612778  
3.800946100029365e-11   7.538633388410337e-13   2.3669354406383682   0.02704938260687349   0.08505626584272497   0.011279504419345665   0.9992114604344012   0.0033949708103294847   0.00042621618476285816   0.0036651847264104333   21.544346900318832  
3.9184922729510465e-11   1.1241553190640248e-12   2.3954336446817526   0.03879386788604866   0.08098970290538939   0.01626466006990969   0.9959210177882492   0.004977088482139292   0.0006725555030906244   0.00539083559310214   10.0  
3.740470138763626e-11   7.1918060828113e-13   2.4108101963534936   0.02623158226213864   0.06701859044460284   0.010649753898020592   0.9969767230696035   0.0033911314909522883   0.002792819511902883   0.003675738647016395   21.544346900318832  
4.2999576263744723e-11   4.846812992866365e-12   2.311393106787476   0.16197419306149444   0.07226719539012871   0.05984576662447106   1.0022294706694113   0.023216834748938965   -0.009725132085932797   0.02482266730905816   0.46415888336127775  
3.7635365878482495e-11   1.4530513587304547e-12   2.3552312248135365   0.053964524572767104   0.06454472281059288   0.02056128122752048   1.0030488066221028   0.007326998685644435   0.0015696062368419656   0.007889711945972683   4.641588833612778  
3.835674654372138e-11   5.13862404258684e-13   2.361750719643209   0.01830212910737168   0.07953006889282023   0.0075965594926425545   0.9997015518806265   0.002313717780890798   0.002548665818414476   0.0025001309836625227   46.41588833612777  
3.8633618080081986e-11   1.1020575525702467e-12   2.392336635996308   0.03862322229964439   0.07374543013239473   0.016090550100724924   1.0024367146101703   0.004992221808990318   -0.0015506316121639717   0.005367467107328253   10.0  
3.724959380938747e-11   6.410360875167173e-13   2.428598371183386   0.023975427905839012   0.04917862304587684   0.008747954842306881   1.0010416670094693   0.0033991160691394986   5.887373864097256e-06   0.003662657515136943   21.544346900318832  
3.8242589249681744e-11   5.327674605788235e-13   2.3526313819650317   0.01891782091627952   0.08773399911755624   0.008066162988299807   1.0047523042026771   0.002319692561833515   -0.0006439959110564903   0.0024888058976370486   46.41588833612777  
3.6631676579397825e-11   2.538934556449109e-12   2.498078455325087   0.0975190171993146   0.02394255500537566   0.029890520109906865   0.9764774544490157   0.015580332898006113   -0.0004656100574633882   0.017211874881507258   1.0  
3.761755703649112e-11   3.3500251669256834e-13   2.4061334027742123   0.012230810885602123   0.06762647184706981   0.0049229870614854315   1.0020280772985022   0.0015783757321667408   -0.001852723968470097   0.001697045516551032   100.0  
3.709766317277361e-11   9.570618628310183e-13   2.4291175411359722   0.035747684490643104   0.05338477559827412   0.013328683845497827   1.005865049493072   0.005001369601566425   -0.004951840370300492   0.005347448848265751   10.0  
3.7048799117188347e-11   7.028196257162485e-13   2.4020121325794364   0.026004891997168388   0.06737649860586029   0.010385743245459362   1.000729650698965   0.0033975270334188445   0.002620487681942678   0.003668393553548546   21.544346900318832  
3.741763128074349e-11   4.966416570808166e-13   2.385716052721467   0.018226235545998466   0.06917085539073263   0.007417961309564002   0.9969854948495981   0.0023103003490175743   0.0002116593777795071   0.0025002337065374055   46.41588833612777  
3.589914588966302e-11   1.8391521750885628e-12   2.2871197156511753   0.0739497090617884   0.05249772310445886   0.02465390908090761   0.9905658916792817   0.01069169538007035   -0.004249125869957734   0.011615721191290253   2.154434690031884  
3.728625311894981e-11   3.266517959931708e-13   2.409032767869816   0.012090010492363492   0.0641747118918633   0.004783263153510787   0.9988009965401773   0.0015758658601693495   -0.001887310193953209   0.0016999784850535472   100.0  
3.810120660576874e-11   7.378205654969924e-13   2.3632653790707403   0.026522601805219776   0.0788277069994285   0.010866609228700572   1.0002700974046073   0.0033974309062559825   -0.0015316133837124102   0.003660243558705502   21.544346900318832  
3.782453973579661e-11   5.319488536123165e-13   2.3913160203870176   0.018952655026865644   0.07911448467254585   0.00813359581584929   1.0031061235261176   0.0023172202213946444   0.0033546646438468043   0.0024968177841373056   46.41588833612777  
3.725601422752096e-11   3.346787344174747e-13   2.413534304882728   0.012300878858074737   0.0671530176586705   0.004971795653774449   1.0006341457689383   0.0015770670434800645   -0.00045267532997833934   0.0016993991663895236   100.0  
3.76208492447684e-11   1.5044984238675253e-12   2.344705685906274   0.05549737412977161   0.07182673945214235   0.021821417080265894   0.9990305411172593   0.007313124127460829   0.0005043506893088862   0.007900439981277362   4.641588833612778  
3.7503147171177584e-11   4.939117739644373e-13   2.409246094160026   0.017977086669787517   0.06805829575213988   0.007315468482221154   1.0023650773461796   0.002316787200542842   -0.0006013440503317468   0.0024923059114053646   46.41588833612777  
3.822343739064843e-11   3.5437189741519495e-13   2.378026430312707   0.012640378932236691   0.07922474535483713   0.005290534794701657   1.00145675368134   0.0015779373423718214   -0.0010517788373449724   0.0016984312280848549   100.0  
3.7736204545068044e-11   3.403889094971435e-13   2.3812128878848253   0.01241247983479411   0.07389490644431919   0.005045086029788046   1.0011349878857103   0.0015774230465219273   0.0011428194500439396   0.0017008037841624664   100.0  
3.671736481369986e-11   1.011293904754068e-12   2.379243427064516   0.03800763237338202   0.06905789719214869   0.01498105553996343   0.9990981200803561   0.004981676547841033   0.0006566097590972683   0.0053820547161073035   10.0  
3.778317832506948e-11   6.946110353464784e-13   2.370381943489864   0.0255154286639468   0.06817885047562665   0.00995920751543941   0.9972764397698686   0.0033923055778999015   -0.0015179302109776735   0.003665856149533676   21.544346900318832  
3.7781935599426205e-11   5.060544510579857e-13   2.368683625125009   0.01832902395006291   0.07774251869793784   0.007565706307433535   1.0009459981675375   0.0023149296127826626   0.0021496189275981435   0.0024980047202784066   46.41588833612777  
3.758559348895331e-11   3.2159887145767776e-13   2.407223826438952   0.011854375453696085   0.06174679702596518   0.004608651343868115   1.0005111657500962   0.0015770648602752761   0.001012825891904172   0.0017014857393402207   100.0  
3.8675263335478815e-11   2.4558918685707745e-12   2.4803749120936334   0.08387504820672961   0.0733472787677514   0.03599686099523209   1.0048820545361912   0.010775176719990513   -0.0053405141913853305   0.011516011265025229   2.154434690031884  
