4.409405370370606e-11   9.120552266041352e-12   2.212811940583992   0.15803999041852013   0.15825212967140753   0.08172449486093984   1.0031897648434496   0.015786620449436527   0.008018753279567447   0.017068371034487807   0.0   0.0   0.0   0.0   1.0  
3.5855682712820096e-11   2.906897714075262e-12   2.4216044608218246   0.10431236552279873   0.03267416900623833   0.03398153013573239   0.974041561775234   0.015559711438912048   -0.0037279235676316554   0.017198650113314597   0.0   0.0   0.0   0.0   1.0  
3.7626875473475923e-11   4.508843182834046e-12   2.454348269433141   0.10777314295248741   0.03464659342568972   0.03962876538304363   0.9817057698322679   0.01560988128050447   0.011011805631648018   0.01729599963079897   0.0   0.0   0.0   0.0   1.0  
4.012850607281884e-11   3.996238079747396e-12   2.32502566367516   0.13023729822605168   0.10154116668954116   0.05789210962557191   0.9559442252838892   0.01542249467598478   0.0015594995156462137   0.01743471564885535   0.0   0.0   0.0   0.0   1.0  
3.735303457435943e-11   3.2378624411474637e-12   2.3015458335661902   0.12071350580465823   0.0835346625973466   0.047297154056139955   1.0109220061445403   0.01585441249923004   -0.015194972482494868   0.016772333002261275   0.0   0.0   0.0   0.0   1.0  
3.332245730917303e-11   4.196170688174126e-12   2.6256711118991625   0.11586017617569043   0.03438094507362577   0.043828726064954075   1.0094500525741013   0.01583150790972567   0.013866738767376145   0.017050363179668116   0.0   0.0   0.0   0.0   1.0  
3.6992205635596735e-11   5.668872657081468e-12   2.273631590175598   0.12473646587099668   0.08861096663077668   0.04971493167250999   1.0059689412162156   0.01580746561147983   0.02018039314195867   0.017158828057992653   0.0   0.0   0.0   0.0   1.0  
3.64809258422986e-11   1.9820673297346046e-11   1.805251544089653   0.6889142844547247   0.36714231717532075   0.3930114017385905   0.9950643074065298   0.049865508030436705   -0.08700098903725706   0.05120232016947273   0.0   0.0   0.0   0.0   0.1  
5.987340588096703e-11   2.0879180543067445e-11   1.9673072500187807   0.4462052688379118   0.2758485915460098   0.23446033370499061   1.0074174056757512   0.05020749495820254   -0.05165880307395584   0.051865506706811976   0.0   0.0   0.0   0.0   0.1  
1.0275783440647554e-06   2.344551923178333e-06   -8.694035664868618   2.7333707634578306   8.995760156782683   2.1751753702940397   0.9307258743195471   0.15229278970564714   0.19742608943109524   0.19308046878780488   0.0   0.0   0.0   0.0   0.01  
5.2314196463565945e-11   3.642468516185175e-11   2.1520762365115185   0.9107194539951343   0.18914597967729443   0.45602738902056955   0.980805128426919   0.10661208498687112   0.04889076634087371   0.12019138871397815   0.0   0.0   0.0   0.0   0.021544346900318832  
3.0476872691551096e-10   8.458378499912776e-10   0.9971705922854464   2.2349520253544406   2.219775673216712   2.5431624222088014   0.9794744128557853   0.07235122564007936   -0.07033554388542065   0.07626500690688025   0.0   0.0   0.0   0.0   0.046415888336127774  
9.837617507436182e-09   2.9038437609282537e-08   -13.255303928162007   10.048658235227844   7.5666618299912765   4.724390642073315   0.6617470468938785   0.12992847239757915   -0.2604351515821987   0.1844901228549668   0.0   0.0   0.0   0.0   0.01  
5.788359691988936e-11   3.2961329738247207e-11   2.394611452575574   0.7432059865716504   0.10225489255819956   0.3175068509929504   1.204273774870517   0.1198796987071785   -0.09636642801307889   0.10152431948737138   0.0   0.0   0.0   0.0   0.021544346900318832  
3.575461278360251e-11   2.3671663362140575e-11   2.410087658940827   1.0367469306313333   0.01461519660702257   0.22778844187993422   1.0264895114232773   0.16221421315655668   -0.1760988784377996   0.15297407802801893   0.0   0.0   0.0   0.0   0.01  
4.388223572377547e-11   7.705272663313448e-12   2.2606707149789256   0.20289498499219147   0.14830966381947006   0.09927976387703659   1.0073632770917242   0.023253780635498905   0.011727024151039591   0.02507015529748752   0.0   0.0   0.0   0.0   0.46415888336127775  
3.445875989285995e-11   3.1661271933157958e-12   2.4268056574628383   0.13018465411895033   0.005654022669974104   0.029851026552076425   1.0003783216011122   0.023185712252891677   -0.03541936877179078   0.024446324628969632   0.0   0.0   0.0   0.0   0.46415888336127775  
2.6039908478479207e-13   1.3319240914444202e-13   -3.351620265327262   0.35078882748880313   0.736844300629021   0.05904871893671316   1.2014241925297817   0.17062200957669763   -0.034526682060325206   0.1507679251053532   0.0   0.0   0.0   0.0   0.01  
1.9485501555987185e-07   6.978215918664558e-08   -4.512618606908684   1.4842758212772775   8.045075797380608   0.9901076178870707   0.924363687482356   0.1489123272295801   0.06428766088863014   0.17596523964657204   0.0   0.0   0.0   0.0   0.01  
4.212735330217001e-11   8.231283515278527e-11   0.33409547554086455   3.4201030723865107   0.714161356583582   1.5802374124305016   0.7529263913143128   0.14797907991713571   -0.057230106922342844   0.18299156602960429   0.0   0.0   0.0   0.0   0.01  
3.461686154913265e-11   3.676353911735205e-12   2.341325553175712   0.10429993084525589   0.039996307046417226   0.03279272866504557   1.0059105879833141   0.015807142552966384   0.013981092732548673   0.017106725834312216   0.0   0.0   0.0   0.0   1.0  
4.182421175356808e-11   4.604711512868462e-12   2.038965917850108   0.1323421639150332   0.15040211844498255   0.056485997781225754   1.0206417029359467   0.015933501285104817   -0.01028663797967461   0.016737678993225025   0.0   0.0   0.0   0.0   1.0  
2.1574880953516726e-08   9.377287727517033e-08   -5.28414772176208   4.8998651021597714   5.963435368196738   4.0363605825499   0.8513881396804964   0.14714229940448384   -0.23701665281854276   0.1584950434054727   0.0   0.0   0.0   0.0   0.01  
4.0185402676043025e-11   2.477490543833967e-12   2.4386185660765336   0.08200462048859765   0.07674912297322693   0.03472519585886578   1.0056989042189581   0.010783823682158444   -0.012082502305922865   0.011467526933733726   0.0   0.0   0.0   0.0   2.154434690031884  
3.6258353969946065e-11   4.88383747531959e-12   2.5028947411894964   0.07323665816799428   0.034726578121941194   0.0255754977527763   0.9935436593880039   0.01070730845619884   0.012667756514878262   0.011709548471081023   0.0   0.0   0.0   0.0   2.154434690031884  
1.8412196892119317e-11   1.1526798912467678e-11   1.5408379827299175   0.7407320431882589   0.03443005041437272   0.08954626180200574   1.0332133577847067   0.09815865637708612   0.16367479518484684   0.1175431089464223   0.0   0.0   0.0   0.0   0.021544346900318832  
3.747409515581927e-11   2.03643594108171e-12   2.3604388733082176   0.05892635888339078   0.08600329545448945   0.024964984810248527   1.0030783757199557   0.007331847765909139   -0.01129892579829967   0.007831021385980682   0.0   0.0   0.0   0.0   4.641588833612778  
3.7464688680604884e-11   1.5040320943297375e-12   2.3993336191182943   0.05497440986331243   0.06582936181326945   0.02171331297829049   1.0007123004433545   0.007319628951425855   -0.00037306332148990835   0.007888938058958   0.0   0.0   0.0   0.0   4.641588833612778  
1.2388869138780366e-11   1.1223914183164586e-11   3.7656393677042073   1.1184708666643963   -0.07198151290626054   0.2731097095961504   0.8748318630229904   0.0999580771377884   0.03587999531198529   0.12669905359977157   0.0   0.0   0.0   0.0   0.021544346900318832  
4.497512066614487e-11   1.7491631431350685e-11   2.186208184057928   0.5339363449167696   0.11656330691986311   0.22236435355576625   1.0225053171532497   0.07383043587840586   0.08052431761076402   0.08158809011903644   0.0   0.0   0.0   0.0   0.046415888336127774  
9.093594324298773e-09   3.099453597689717e-08   0.1932598978416942   3.212056107604267   9.212010565368164   6.4087861754409134   1.173431252705974   0.17052205366107243   -0.07678445138789017   0.15317452056663983   0.0   0.0   0.0   0.0   0.01  
1.1736792162588316e-08   3.684705316656662e-08   -2.8414073230451433   2.986315297195974   5.090165737573256   2.921076437078169   0.8835961186287583   0.100974833283398   0.005286697967613834   0.1230251165853272   0.0   0.0   0.0   0.0   0.021544346900318832  
3.848907220847861e-11   4.359555283653685e-12   2.3698301854217565   0.03956975938540482   0.08402842411033523   0.01658189226191806   1.0070992543514552   0.0050029021924920215   0.00332571396877201   0.005368727161598208   0.0   0.0   0.0   0.0   10.0  
3.902788277912201e-11   2.1705157636419256e-12   2.3578517605871894   0.040060057121216554   0.08977061330712548   0.01706873418287222   1.0039340245590769   0.004994540969584698   0.008187618751910422   0.005391770305167406   0.0   0.0   0.0   0.0   10.0  
3.3865056530305915e-11   9.441777077515273e-12   2.5902113175694663   0.37599071157058667   -0.016148274869976404   0.07066552665828846   0.8595259954612229   0.06778209076269666   0.1300906596462307   0.0916861175147152   0.0   0.0   0.0   0.0   0.046415888336127774  
3.704874292724657e-11   2.469384507471094e-12   2.4130920976415067   0.027172422263057144   0.06557498249576828   0.010873182961507471   1.001378005739626   0.003411054299616264   -0.005197093278959175   0.003678859701261602   0.0   0.0   0.0   0.0   21.544346900318832  
6.3944149211277454e-09   1.6879412250630098e-08   -4.315627891657045   3.528222659525009   5.597058210411444   2.870532463472318   1.0650791207335089   0.10098768147288087   -0.10094467405338627   0.09984820075718429   0.0   0.0   0.0   0.0   0.021544346900318832  
1.8814607982868071e-10   1.9624638164133672e-10   0.6203014269173879   1.0455232733140833   1.4605384508907253   0.8860287325500297   1.0620677780720518   0.051333083525260885   -0.026564412651041897   0.05122121279004964   0.0   0.0   0.0   0.0   0.1  
3.649284254174834e-11   7.410280448116904e-13   2.4264162215443346   0.026387325379708223   0.06511908923190551   0.010593850449603943   1.0043829118493075   0.0034031800691644537   0.0030920795050413345   0.003661677723419794   0.0   0.0   0.0   0.0   21.544346900318832  
3.6804798185884495e-11   1.1033660353288506e-11   2.050567687271261   0.43581755050693316   0.05321409998905731   0.1185151951643204   1.007012811573079   0.07626468611975837   -0.07822642721981554   0.07525098713354636   0.0   0.0   0.0   0.0   0.046415888336127774  
1.5595699134379072e-11   1.2390967085049687e-11   1.7500718920543692   1.1713576568270605   0.11490393273917068   0.34062207817652274   1.1250764859054398   0.11324258954186021   0.03365287075118985   0.1109303525725182   0.0   0.0   0.0   0.0   0.021544346900318832  
4.923119930038363e-11   2.6713474450594004e-11   1.9787788267347277   0.7036647769876216   0.25499623623464196   0.3676322583904281   1.049456617630264   0.07494156938203547   0.06655535187884633   0.08036499238455785   0.0   0.0   0.0   0.0   0.046415888336127774  
2.7941580017346983e-11   6.456076710745103e-12   2.4807263054213333   0.3214412678403918   0.005888811864802595   0.07506499205347619   0.9857972986028714   0.049392349526814774   0.019071312070702822   0.05484635408486684   0.0   0.0   0.0   0.0   0.1  
3.7702473856106074e-11   3.2114007807663615e-12   2.385360114826141   0.017712129012951314   0.068296214419394   0.007015469724047962   1.0022380998965303   0.002316829109012249   0.0007427609910968198   0.002494659666854429   0.0   0.0   0.0   0.0   46.41588833612777  
3.786376434360203e-11   2.131961164304804e-12   2.378535348742099   0.01848967428385228   0.07751406023088574   0.007674574145816523   0.9977274752620806   0.002311763191237785   0.0021636056043049315   0.002502302726293626   0.0   0.0   0.0   0.0   46.41588833612777  
4.1444240667586194e-11   6.472739723680192e-12   2.005193345142767   0.22043533807766505   0.13518478658373087   0.06649660446263933   1.0312490665869092   0.0423339377347055   -0.07844841145248044   0.038175161889198755   0.0   0.0   0.0   0.0   0.1  
3.478211959578776e-11   7.873901678716558e-12   1.8413314863259678   0.285369833243241   0.14249159378688492   0.10419302759306914   1.015941159026505   0.03417065550634104   0.030809068462705175   0.03705364545519278   0.0   0.0   0.0   0.0   0.21544346900318834  
2.7870981815998414e-11   5.994166263505061e-12   2.0957393277968865   0.22017487388795498   0.0935341025948608   0.06030691014382212   1.0296558544767875   0.03421650200863915   0.05882803336282166   0.045295789073905315   0.0   0.0   0.0   0.0   0.1  
3.8097547031864615e-11   8.715131536714048e-13   2.3778015433518096   0.012657738320931759   0.07566558112257595   0.005157682078342182   0.9976309643147806   0.001568169376941828   -0.00018810452492251084   0.0016988376145110702   0.0   0.0   0.0   0.0   100.0  
3.7382408329876253e-11   8.989533223621207e-12   2.4843020769208   0.3445005302309001   0.050613372572913616   0.10308773134894905   1.0060980438198504   0.03764038099819728   0.1456201397717964   0.07346626190778421   0.0   0.0   0.0   0.0   0.046415888336127774  
3.346219048122303e-11   7.352664170434131e-12   2.3410001237636933   0.2457488719175809   0.04541356707104513   0.07785088293173173   0.9924499510863105   0.029843865194974672   -0.00494202946645916   0.019911789521458622   0.0   0.0   0.0   0.0   0.21544346900318834  
3.7515263891148495e-11   4.041171405722597e-12   2.383135005747378   0.012586846395289694   0.07334852495092235   0.005142622030264569   0.9982238001154278   0.0015751289851716047   0.000865828874100131   0.0017029537764541628   0.0   0.0   0.0   0.0   100.0  
3.5627804578978e-11   1.2238884801078093e-11   2.494894536466046   0.37630249728634707   0.17344034511519646   0.22011715330508475   1.0016623047893003   0.03364450734167511   0.0387406493228678   0.037342300509312226   0.0   0.0   0.0   0.0   0.21544346900318834  
3.411168026414681e-11   5.013091427871652e-12   2.6469521105242224   0.16025834583915557   0.023118479976025938   0.05681626393548307   0.9792575495269786   0.022900891426467215   0.019516783888720857   0.02551780289407277   0.0   0.0   0.0   0.0   0.46415888336127775  
7.807567697167527e-08   1.3082858159044303e-07   -1.4482040454112202   1.7289922697319167   9.576701835557198   2.637700066771008   0.8563416937098038   0.09621471071878517   0.01842062121578478   0.12600032513893344   0.0   0.0   0.0   0.0   0.021544346900318832  
3.6917089306382374e-11   7.562213743331366e-12   2.2992538703487355   0.2248665332769636   0.04912961408269231   0.0717716364825555   0.9770554533847193   0.03354239394198095   0.022227057871155163   0.037495804431538236   0.0   0.0   0.0   0.0   0.21544346900318834  
4.234457002082104e-11   6.942763144189558e-12   2.3899921231399266   0.20436358458183584   0.13089929406716586   0.10384239787233582   1.0126517871555933   0.023290492412951357   0.004389243046401786   0.024869885187519102   0.0   0.0   0.0   0.0   0.46415888336127775  
3.943563339962881e-11   8.574623679655597e-12   2.425107939344613   0.29437665000144525   0.03045939470736361   0.0921189976365163   0.9816742147231364   0.04941018639475453   -0.01604400682994739   0.0535875339841274   0.0   0.0   0.0   0.0   0.1  
3.362950939790106e-11   4.311156407925494e-12   2.567202010603735   0.14620966685761372   0.015202381993639625   0.042957051313212535   1.01382300151175   0.023290590567215684   0.009405082440460217   0.02490828232698298   0.0   0.0   0.0   0.0   0.46415888336127775  
3.9526773935252764e-11   5.374304842600228e-12   2.2768856549508394   0.13063337474378525   0.1132954847454356   0.05734810206978399   0.9905343534341416   0.01567634238054464   0.008097677364699836   0.01717117333347216   0.0   0.0   0.0   0.0   1.0  
3.3158279622547755e-11   3.749364994627807e-12   2.627401541893264   0.128642617670288   -0.010682073986096661   0.028862299706542003   0.9816201837964496   0.02291524327506615   0.0011084610590505403   0.025158081228031388   0.0   0.0   0.0   0.0   0.46415888336127775  
3.8348092388020867e-11   4.204316470084741e-12   2.4014871451728363   0.11891780556620372   0.0730916507824735   0.04738998160472424   0.9986713525401446   0.015769044365854436   -0.0064988586078640696   0.016961269226028673   0.0   0.0   0.0   0.0   1.0  
5.304987294916611e-11   1.8115894205846425e-11   1.9923236079269326   0.4023107001436257   0.37936725642236463   0.24962880232015808   0.9713704064594054   0.033426093901546425   -0.017278385457072606   0.036744651217557385   0.0   0.0   0.0   0.0   0.21544346900318834  
4.6189563542233685e-11   6.921630741439353e-12   1.9416602395419538   0.1688970648116586   0.22874203063543327   0.0859579691258426   0.9947701201321134   0.010968717852784351   -0.015986810961254847   0.013946288249419049   0.0   0.0   0.0   0.0   1.0  
4.0847412745289944e-11   5.5651136718975695e-12   2.266573164470653   0.0889482423726986   0.11853360003091432   0.039557434814612005   0.9984419603388468   0.01072715041577239   0.011994260326290824   0.011675296314210663   0.0   0.0   0.0   0.0   2.154434690031884  
3.401484390752106e-11   4.623684704606081e-12   2.498620793633514   0.09591450527570994   0.012622748940569013   0.026542642830215412   0.9908158033199462   0.015687500053543267   0.019097563087918892   0.01727805517963333   0.0   0.0   0.0   0.0   1.0  
2.783632656751768e-09   5.40163209547678e-09   -2.2061101301830632   1.9636832893326397   3.8753257538801926   1.768957107780681   0.9191366884789084   0.07103814984512866   -0.18699626112214232   0.07336604680526077   0.0   0.0   0.0   0.0   0.046415888336127774  
3.7055876804037666e-11   3.1152546902910867e-12   2.4186739523326146   0.0727756074606332   0.04377449417458517   0.02481532297910913   0.9866037913516386   0.010673537773124664   -0.007148762091115266   0.01162333438130561   0.0   0.0   0.0   0.0   2.154434690031884  
3.6885472689006397e-11   4.345759264949424e-12   2.3552472721605553   0.14413843973090795   0.03566926654861009   0.04326958396055725   0.9958261933767998   0.02313426252293924   -0.030597941455078468   0.024603088122983494   0.0   0.0   0.0   0.0   0.46415888336127775  
4.2366905594471127e-11   7.242860550990871e-12   2.328816369666016   0.10412162436211012   0.15948199989365872   0.05617117028785124   0.9975757708874025   0.010716207802714739   0.019850701360031496   0.011726429396174978   0.0   0.0   0.0   0.0   2.154434690031884  
3.596728253133333e-11   5.2299381196573866e-12   2.349655473104183   0.05948052695449831   0.07766455789883085   0.024282481834531352   1.0027304324303752   0.0073261995743265675   0.004955033024926389   0.007902888513830204   0.0   0.0   0.0   0.0   4.641588833612778  
3.6253257500560454e-11   3.1704238894300195e-12   2.3569699227998844   0.07600888229653961   0.0518669589433352   0.02691686474545726   1.0037140297772624   0.010765472493175766   -0.006627152540819783   0.011522941579630797   0.0   0.0   0.0   0.0   2.154434690031884  
3.585324105462951e-11   1.6757621616065936e-12   2.4835337811643625   0.05434689748230978   0.030499770428664707   0.017866647615117158   0.9970509661672398   0.007377842701964365   -0.0068776829650017465   0.00796574356412228   0.0   0.0   0.0   0.0   4.641588833612778  
5.522069377419436e-11   2.474095941854986e-11   1.459673101778042   0.628034549758129   0.4539413637698916   0.33469698572631806   1.0404172757057983   0.050843187508196476   0.022712712995704404   0.05336615692450464   0.0   0.0   0.0   0.0   0.1  
4.069241500893741e-11   4.295661508182852e-12   2.3060479074681175   0.12820726747329875   0.11029390240553183   0.0565105209374641   0.9883466820865068   0.015669806096856417   0.012452219244830205   0.01721674807880293   0.0   0.0   0.0   0.0   1.0  
3.6488363948666406e-11   1.0189857489340312e-12   2.41732937108553   0.038333934602269366   0.06301588306464159   0.015213799895238038   0.9914499112607998   0.004963672955636482   0.006438866126888208   0.005420737727628181   0.0   0.0   0.0   0.0   10.0  
4.1425656673306186e-11   3.007754138290064e-12   2.338875568915095   0.05899727902312801   0.10259436082131694   0.02619788526498092   1.0081158703595587   0.007349460128965055   -0.001726584484492023   0.007853887098292689   0.0   0.0   0.0   0.0   4.641588833612778  
3.7753850127971915e-11   1.0114203052561333e-11   2.412775368294631   0.03865461276398745   0.07193561049424012   0.01595793502578687   0.9999020799623543   0.0049830601954444585   0.008055713313483637   0.00540208051077946   0.0   0.0   0.0   0.0   10.0  
3.13072888797474e-11   7.490158800956771e-12   2.4701193632422647   0.22922441070254299   0.02809492550041733   0.07358222668084902   1.0079905112961014   0.03408289898846907   -0.01081537631513114   0.036208496569830065   0.0   0.0   0.0   0.0   0.21544346900318834  
3.657229940290745e-11   2.4759760316849056e-12   2.3494941348147944   0.08401424854353454   0.07878486370834545   0.033859654551066556   0.9775420794426858   0.010622350789215404   0.00045778250735163813   0.011728101136351338   0.0   0.0   0.0   0.0   2.154434690031884  
3.849364362495841e-11   4.303485592983684e-12   2.3398593509516243   0.05729841254499023   0.07566741222963227   0.02321098386045589   0.9976594344013936   0.007310621261956081   0.007883639090672427   0.00794037818098597   0.0   0.0   0.0   0.0   4.641588833612778  
3.80111471940954e-11   4.358309963225454e-12   2.3702575989762193   0.027178491465129448   0.08455425664314044   0.011313517773675279   0.9992315629273529   0.00339508691586312   0.00043015652617500743   0.0036653903093996037   0.0   0.0   0.0   0.0   21.544346900318832  
3.917185322439962e-11   3.0165738369488454e-12   2.398840041708248   0.03893804507392404   0.08045342220837298   0.016304513045456267   0.9959103143995347   0.004976931039441978   0.0007216256635157719   0.0053909540043923605   0.0   0.0   0.0   0.0   10.0  
3.73896880581026e-11   2.4008141849035065e-12   2.414334229394847   0.026354377885460398   0.06647035388427151   0.010694388900984519   0.997000063466066   0.0033913657415192335   0.0027891195883298467   0.0036760950932747984   0.0   0.0   0.0   0.0   21.544346900318832  
4.304930270631931e-11   4.897278223922959e-12   2.311542288484982   0.1630682470709117   0.07283903715643829   0.06039751165927044   1.0022676662610002   0.023217671092850386   -0.009691557658133556   0.024822964342561506   0.0   0.0   0.0   0.0   0.46415888336127775  
3.7622527115516315e-11   1.568059239855381e-12   2.3591697149994513   0.054151884924612766   0.06386645122418501   0.020600077971549724   1.0031075790797377   0.007327396960096785   0.0014906696818227122   0.007889127231101032   0.0   0.0   0.0   0.0   4.641588833612778  
3.8342536009383696e-11   1.2126887148777008e-12   2.365280630607081   0.018615082863462674   0.07896108624332128   0.00767885856693112   0.9997116835835667   0.002314160338757065   0.0025403774789654414   0.002486735090545209   0.0   0.0   0.0   0.0   46.41588833612777  
3.8621106272682e-11   2.4366539239044053e-12   2.396010960338776   0.038761425511244105   0.0731232730458728   0.016125897279842205   1.002472008443477   0.004992293615591355   -0.0015398048218803926   0.005367425543103891   0.0   0.0   0.0   0.0   10.0  
3.7238103552636513e-11   6.487824789920077e-13   2.432203410048035   0.024064621879568798   0.048596646513891645   0.008767613226018389   1.0010568695667372   0.003399104698659087   -1.1473558397224178e-05   0.003662565468387031   0.0   0.0   0.0   0.0   21.544346900318832  
3.823354510282232e-11   1.9986665290825257e-12   2.3558543332069193   0.01918313111581564   0.08728141767246358   0.008210524783451573   1.004765196657081   0.002309428971213511   -0.0006420540556218344   0.002481392149688492   0.0   0.0   0.0   0.0   46.41588833612777  
3.660294484643562e-11   2.553418619776823e-12   2.5025609231246975   0.09771178540482105   0.022975842114627516   0.029817822688265314   0.9764694206708507   0.015580165526689439   -0.0005973635698634358   0.017211047356910786   0.0   0.0   0.0   0.0   1.0  
3.7604220729710306e-11   5.863674381153746e-12   2.4096390506663266   0.012278971065440496   0.06707226857131743   0.004935439187153217   1.0020576810334432   0.0015783923794241413   -0.0018488992936178895   0.0016970168719948019   0.0   0.0   0.0   0.0   100.0  
3.706563243813826e-11   5.585831732941311e-12   2.432541427831309   0.035884431602594025   0.052862214737415356   0.013361807861588356   1.005882852241273   0.005002937030739856   -0.0049519391050369095   0.005347991972525608   0.0   0.0   0.0   0.0   10.0  
3.704279345563192e-11   1.4282513257764325e-12   2.4055615077718784   0.027152621166721878   0.06684323086388348   0.010877504392994702   1.0007585083709503   0.00340331547132743   0.0026026534026157935   0.003683844695220938   0.0   0.0   0.0   0.0   21.544346900318832  
3.741370732954395e-11   1.3442452303525805e-12   2.3889813783456586   0.018296490025812392   0.06874726569441399   0.007438494862221465   0.9970114623862604   0.002310326563634368   0.00019784120211719327   0.0025002938428738404   0.0   0.0   0.0   0.0   46.41588833612777  
3.591923532654905e-11   3.1753794404651915e-12   2.289448961620019   0.07427662276943754   0.052230402334464715   0.02475703086921996   0.9904953450627781   0.010690756575193397   -0.0040961907304502285   0.011617269108239982   0.0   0.0   0.0   0.0   2.154434690031884  
3.728473756096812e-11   6.257499516064982e-12   2.4124830202434935   0.012137876846683266   0.06364030025697608   0.0047959370972268526   0.9988231852386876   0.001575867689856857   -0.0018883665709299629   0.0016999515343470416   0.0   0.0   0.0   0.0   100.0  
3.784712237830147e-11   1.0913127394707455e-11   2.366548866005453   0.026632819762539825   0.07833241416123177   0.010900418586974747   1.0003076708049023   0.0033974850549016336   -0.001537099894590949   0.003660142526953989   0.0   0.0   0.0   0.0   21.544346900318832  
3.7814219471993796e-11   1.538019421724642e-12   2.394966950831231   0.019026478805065323   0.07851243979453507   0.008151559389933576   1.0031260544141185   0.002317236883641371   0.0033494971432782242   0.0024969133888695532   0.0   0.0   0.0   0.0   46.41588833612777  
3.7242762677026106e-11   5.8616996399190345e-12   2.4171151189337046   0.012347839151566476   0.06658863357164299   0.0049838765444032125   1.0006559413177083   0.0015770700588652571   -0.00045546203068213377   0.0016993649277626335   0.0   0.0   0.0   0.0   100.0  
3.754733920080526e-11   2.5018902220756763e-12   2.3482993937780905   0.055663698697780394   0.07111344528848065   0.021838206350190896   0.9990872537484574   0.007313509123875924   0.0004733992832750367   0.007900078510173929   0.0   0.0   0.0   0.0   4.641588833612778  
3.75558930589913e-11   1.5281438542395327e-12   2.4127554590384346   0.01804698562097661   0.06754435506104953   0.007334615523380012   1.0023802316962842   0.00231678246755979   -0.0006066356498083143   0.0024922646149965564   0.0   0.0   0.0   0.0   46.41588833612777  
3.819545706753012e-11   5.136828036321496e-12   2.381472286039063   0.012691594603417424   0.07868815108425162   0.005305308322188984   1.0014830650091864   0.0015779594167788598   -0.0010532401182028694   0.0016984000029028959   0.0   0.0   0.0   0.0   100.0  
3.766418860735998e-11   5.429680273963157e-12   2.3845979069513885   0.012464284777750408   0.07339292849237458   0.005060405199898779   1.0011598926815886   0.001577443096323547   0.0011441046661180418   0.0017007856415351985   0.0   0.0   0.0   0.0   100.0  
3.6714263720958906e-11   1.6327704121244068e-12   2.382367651637278   0.03816199408450029   0.06863147723870248   0.015027803268201849   0.9991041163217235   0.0049816465247727185   0.0006355707571584149   0.005381963173004346   0.0   0.0   0.0   0.0   10.0  
3.770005149022028e-11   2.646178481932913e-12   2.37363653156541   0.02561587359617637   0.0676863395928719   0.009986599983894175   0.9973242039532426   0.0033924205876982166   -0.0015449667450439526   0.0036657180380020096   0.0   0.0   0.0   0.0   21.544346900318832  
3.7683107853711593e-11   2.7511073586564686e-12   2.372101339182901   0.01839848359229709   0.07720551543715194   0.007584803115622546   1.000968234716386   0.002314929553688467   0.0021468800251239683   0.0024979595451756352   0.0   0.0   0.0   0.0   46.41588833612777  
3.7590931161117856e-11   4.9914805840712766e-12   2.4106124115800225   0.011902812918888912   0.06123713006497633   0.004622145607680276   1.0005331926928023   0.0015770706529442096   0.0010121978851172018   0.001701458351923571   0.0   0.0   0.0   0.0   100.0  
3.8647785994948064e-11   6.583884504679776e-12   2.48443052109309   0.08450021914362588   0.07263624743190075   0.036176634338753524   1.0049029166756145   0.010775450473198337   -0.005352766833104085   0.011516361456037965   0.0   0.0   0.0   0.0   2.154434690031884  
