3.867119151852623e-10  2.0063903995478918e-10  1.0343119621649385e-10  5.286457607115523e-11  2.671242977114202e-11  1.3293571522106443e-11  6.482485775878009e-12  3.076582922672408e-12  1.408303759259119e-12  6.143115021984061e-13  2.512830206696439e-13  9.434277389020617e-14  3.159428049202235e-14  9.084577491414504e-15  2.1316560294471327e-15  3.8141791314353096e-16  4.7543555179564845e-17  3.6595540971602825e-18  1.4811074800884011e-19  2.5436361064053347e-21  
4.062824378451923e-10  2.015576183817721e-10  9.986055374564067e-11  4.9387842922659445e-11  2.436806906915935e-11  1.1985475733275214e-11  5.870385856793881e-12  2.8592181451365005e-12  1.3822497073114982e-12  6.61611748474083e-13  3.125041190425388e-13  1.4501791169129184e-13  6.572600761938544e-14  2.88658181288783e-14  1.2156333355273273e-14  4.840765573377752e-15  1.789003636630354e-15  5.985263303809383e-16  1.7535318326884824e-16  4.3040536939133154e-17  
4.4033257305226957e-10  2.1634889206636045e-10  1.0614934661650298e-10  5.198342735660053e-11  2.5393676789590092e-11  1.2363369573973744e-11  5.992600022245035e-12  2.887461943822884e-12  1.3803211581461362e-12  6.529209032591153e-13  3.0452915244686284e-13  1.393947838964197e-13  6.222932684055062e-14  2.686887895289966e-14  1.1096237635059696e-14  4.31844434304923e-15  1.5527727125629851e-15  5.024050201470486e-16  1.4121433449866786e-16  3.2900089404004454e-17  
4.02298108345897e-10  2.034927044510561e-10  1.0250814478862612e-10  5.1354574561375965e-11  2.5539619614349525e-11  1.2577716939380935e-11  6.113987513917914e-12  2.9207429079976196e-12  1.3632916147668203e-12  6.16951702599197e-13  2.679170413195532e-13  1.1011889150086552e-13  4.2059934449353415e-14  1.4567880970394338e-14  4.428713267740264e-15  1.131408060775538e-15  2.292067835616475e-16  3.408045422075652e-17  3.354678925414888e-18  1.9051086830372816e-19  
3.6813250853415496e-10  1.878851439305306e-10  9.556680111851887e-11  4.839009713438853e-11  2.43548439842081e-11  1.2159608753185936e-11  6.006115996283755e-12  2.924512212722371e-12  1.397095650028411e-12  6.506507267402765e-13  2.9290922931649715e-13  1.2602786102293563e-13  5.104981914613028e-14  1.9079885555757677e-14  6.405543277293847e-15  1.8637698020482868e-15  4.480828735873783e-16  8.352475207652164e-17  1.108933816540062e-17  9.364396248696267e-19  
4.634635146388977e-10  2.1676447545676638e-10  1.0124046734778275e-10  4.71966699927745e-11  2.1947749807053064e-11  1.0172561954728602e-11  4.694103723792641e-12  2.1533633641375336e-12  9.801018530563838e-13  4.4144519625423943e-13  1.9607269467324353e-13  8.548093855287907e-14  3.635261982185779e-14  1.495612694710735e-14  5.887386209170804e-15  2.18498725927132e-15  7.496659974019715e-16  2.316347234449971e-16  6.224247973900851e-17  1.388316649157747e-17  
3.5381069665657247e-10  1.8191981414354418e-10  9.320212870261109e-11  4.7521164684152626e-11  2.4075121301079003e-11  1.2093246910369496e-11  6.005843757554237e-12  2.9377383181992253e-12  1.408191020853689e-12  6.570335697847578e-13  2.957204632770574e-13  1.2686135976026654e-13  5.1048029141017844e-14  1.8860746557130123e-14  6.2187846200920526e-15  1.7616995222550649e-15  4.076167325095443e-16  7.200247577426461e-17  8.874035310248798e-18  6.76762884932277e-19  
1.966242870501757e-10  1.1183069360017009e-10  6.266253932191838e-11  3.442055713309708e-11  1.8412386725640685e-11  9.506992766843642e-12  4.682680503865266e-12  2.1658735081612785e-12  9.211904883551116e-13  3.503450680621984e-13  1.1478197989785308e-13  3.0823414956110435e-14  6.349078034652507e-15  9.18225620580907e-16  8.286498009147458e-17  3.987168947903461e-18  8.293468193194598e-20  5.637801766993218e-22  8.625709428636549e-25  1.8062307170457897e-28  
3.928106010375983e-10  2.156150159393523e-10  1.170330341277976e-10  6.258187278411734e-11  3.280461397734085e-11  1.6744855099596404e-11  8.249718565536311e-12  3.876820388498172e-12  1.710593351002313e-12  6.939456630069935e-13  2.516753828075489e-13  7.860719584466855e-14  2.0116236018475923e-14  3.946680772617847e-15  5.432879211608739e-16  4.662471420712596e-17  2.1308252147220377e-18  4.20296086465816e-20  2.703514618908333e-22  3.902698842181638e-25  
6.046565670008198e-12  2.4685372746358e-11  6.99315662842807e-11  1.2169717719475977e-10  1.1058074848029132e-10  4.224232602199671e-11  5.08125558379691e-12  1.309100783475524e-13  4.3207023352797534e-16  9.206051050612614e-20  5.077137391960519e-25  2.142403584777417e-32  1.3617624917030026e-42  1.4927745893475607e-56  1.5683257453197576e-75  3.3470837149352316e-101  8.505289495983057e-136  2.716997818647708e-182  1.1715330305253797e-244  0.0  
4.2673244458022773e-10  2.24461266305092e-10  1.1716296761337795e-10  6.053264299406818e-11  3.084999971161791e-11  1.543859999770038e-11  7.540650432794586e-12  3.565648869481535e-12  1.61474588847647e-12  6.903151485666769e-13  2.732893557425479e-13  9.765651355665703e-14  3.043983250570066e-14  7.90779737301679e-15  1.6112028858676793e-15  2.3742893668678675e-16  2.271305505586394e-17  1.2212188073942022e-18  3.045316110694561e-20  2.7258573985352335e-22  
3.6999121387428537e-10  2.119004247187987e-10  1.1089511221615864e-10  5.1460321865501745e-11  2.0342084644637767e-11  6.493155512584685e-12  1.5584105122775804e-12  2.557244561583075e-13  2.5272645355764416e-14  1.2701990411867984e-15  2.5911614407877538e-17  1.5882260819589488e-19  1.9586589833367126e-22  2.846945927175236e-26  2.3903240504580754e-31  4.478964739447447e-38  5.269615813597879e-47  7.1747478877183615e-59  1.1853605750266485e-74  1.1744807677237402e-95  
9.855395209031806e-16  1.779731578955952e-14  2.3634631869597683e-13  2.08322686514347e-12  1.06303769081316e-11  2.6170695751818438e-11  2.4375957219467776e-11  6.211575414485666e-12  2.810568627181437e-13  1.2687670594862512e-15  2.6491608747938537e-19  9.178435641896113e-25  1.3448464555794432e-32  1.3462379806431378e-43  8.097836877396788e-59  1.1443343595813779e-79  5.038025219970915e-108  2.16730694861415e-146  4.177994663264228e-198  1.2745424610476096e-267  
6.222732037246916e-10  3.084934713293363e-10  1.5230246793717652e-10  7.477601997872057e-11  3.6442644709457896e-11  1.758651040457815e-11  8.37616033125277e-12  3.920155068528116e-12  1.7923274489119938e-12  7.943355806210178e-13  3.377159198566907e-13  1.358449402737417e-13  5.075242102306677e-14  1.718274367380653e-14  5.101330721017961e-15  1.2711711066104466e-15  2.5077427871091485e-16  3.6231597074351173e-17  3.455417558148026e-18  1.893903100195484e-19  
4.0311370213189855e-10  2.010914213912579e-10  1.0025399680927229e-10  4.9942010665033885e-11  2.4852601351483504e-11  1.234998040565508e-11  6.125553648208416e-12  3.0306595982019918e-12  1.4944420405572385e-12  7.336476445435027e-13  3.5802855097352046e-13  1.7334429456564686e-13  8.304557057599027e-14  3.9229180827784246e-14  1.8186479958338547e-14  8.222717705864278e-15  3.59569764787569e-15  1.503890771900903e-15  5.927427404165881e-16  2.1584091373285367e-16  
4.053323748316434e-10  2.0767428922232666e-10  1.0576398103856184e-10  5.3432296970503616e-11  2.6706516225137753e-11  1.3159100802611168e-11  6.3615282444931085e-12  2.9982201024289813e-12  1.3660058616070638e-12  5.948692396737641e-13  2.4390833167977664e-13  9.228725657784629e-14  3.1371135799650106e-14  9.244310835704579e-15  2.251549784315896e-15  4.2535998107413064e-16  5.726663897428498e-17  4.907335425443997e-18  2.3022449591846354e-19  4.836788392793184e-21  
3.963970648367758e-10  1.9700654645819781e-10  9.78883799649154e-11  4.8623768241937495e-11  2.4142859703244926e-11  1.1980978170458068e-11  5.941285509910014e-12  2.943390946334494e-12  1.4563124801943706e-12  7.193052233870747e-13  3.544658583081327e-13  1.7414278760415263e-13  8.520455959283104e-14  4.1462440645986965e-14  2.0030541440854353e-14  9.583503817877334e-15  4.526337163849618e-15  2.1013078986158357e-15  9.533624135897523e-16  4.194934689825884e-16  
6.799033161101798e-15  1.630890872926016e-14  3.7966775761074865e-14  8.492746936992319e-14  1.8012621517052044e-13  3.5586096181746463e-13  6.395544919190381e-13  1.013114974507398e-12  1.3562556871325974e-12  1.4505950884482542e-12  1.1501687251134278e-12  6.11833731513471e-13  1.9113843305086384e-13  2.936361142622474e-14  1.7506878719787472e-15  2.954253336691265e-17  9.261968799589164e-20  3.077349471933008e-23  5.125751369275577e-28  1.5772602656762287e-34  
1.0953360220626885e-10  1.506908362157936e-10  1.4952035551519318e-10  9.595164924387317e-11  3.443661802494633e-11  5.694150895268977e-12  3.3498707364486505e-13  4.9674118689126945e-15  1.1725294920822388e-17  2.3868359291915023e-21  1.8503820851721342e-26  1.836905064138959e-33  5.45847434467518e-43  6.989725567304117e-56  2.9090753054754296e-73  1.253372748704253e-96  5.640535797107752e-128  5.7758026085743764e-170  3.7958137417953075e-226  2.957072175060584e-301  
4.544330153074218e-11  3.783841599547681e-11  3.0605342843884657e-11  2.3815561219627017e-11  1.7600307601633413e-11  1.2142365561065733e-11  7.642677607198085e-12  4.256564348768983e-12  2.0138391317315624e-12  7.665013078912128e-13  2.1827968763783107e-13  4.221885464646171e-14  4.8748160866605574e-15  2.829085690127968e-16  6.560332857977775e-18  4.476307546528526e-20  5.97630908507074e-23  9.060907714943096e-27  7.55150216225863e-32  1.3146858739041045e-38  
3.608066072709109e-10  1.830177513671436e-10  9.268433952162993e-11  4.68358693605044e-11  2.3599134656207894e-11  1.1845144305331079e-11  5.914981160859371e-12  2.933532689529002e-12  1.4416528034935357e-12  6.999052639102897e-13  3.3431968614510613e-13  1.5626994623364585e-13  7.096457956272766e-14  3.1008135801092294e-14  1.287054693337183e-14  4.988430357248107e-15  1.7646258965159378e-15  5.526239277016784e-16  1.4711191157014955e-16  3.153364753986882e-17  
3.087611247481254e-10  1.6857628340703623e-10  9.147807958896294e-11  4.92378833814819e-11  2.621581777815026e-11  1.375737219008602e-11  7.081367022020804e-12  3.55230186275478e-12  1.7217973742497978e-12  7.971816680795137e-13  3.4721589770179516e-13  1.3939898923510255e-13  5.020380398636877e-14  1.56420638355536e-14  4.017416741114119e-15  7.974640921595902e-16  1.1227151178503684e-16  9.996750380278271e-18  4.831906152259797e-19  1.0340829539027704e-20  
1.1922683847613562e-11  2.639133419937508e-11  4.585066266301997e-11  5.7668594665992026e-11  4.714685259914363e-11  2.170152741172697e-11  4.643512829134696e-12  3.577382873029367e-13  7.058037860164642e-15  2.2640758895190243e-17  6.442693892304195e-21  7.250013654990866e-26  1.0985150537069607e-32  5.327405887866423e-42  1.2173433274055717e-54  1.0184380800033624e-71  1.0338416975890113e-94  1.3547458202295067e-125  5.357433744648267e-167  1.981544786025146e-222  
4.5581862339924e-10  2.238232311119872e-10  1.0956309666454496e-10  5.3409425195804815e-11  2.5891892408033805e-11  1.2459452038885997e-11  5.936801115624582e-12  2.7918781751168035e-12  1.2901094644611581e-12  5.823759145250407e-13  2.5482419945457225e-13  1.069602994383454e-13  4.2474413763549857e-14  1.5664796963208298e-14  5.234873992168748e-15  1.5338813057011912e-15  3.7717128126056027e-16  7.340961482041668e-17  1.046095810919919e-17  9.83641323126053e-19  
4.4557122644070866e-10  2.1588300791182204e-10  1.0444969100657709e-10  5.044044527597355e-11  2.429748081392709e-11  1.1665163337233235e-11  5.575490938647929e-12  2.64906119994553e-12  1.2486934476505592e-12  5.824057368811915e-13  2.67836165456938e-13  1.2087690309165574e-13  5.320142555331151e-14  2.2645171649852843e-14  9.218390512167656e-15  3.5359039516332054e-15  1.2528395488638073e-15  3.993467484950923e-16  1.1054585948785535e-16  2.5353628634467498e-17  
8.585426194826645e-11  5.48701264819494e-11  3.5018913774889813e-11  2.2307937010199534e-11  1.4175423235083713e-11  8.977849166084131e-12  5.660930603878952e-12  3.5484770777189344e-12  2.2068893453558325e-12  1.3582018264588985e-12  8.242788126197984e-13  4.910031220448327e-13  2.852943911934669e-13  1.603609669644121e-13  8.62375996915195e-14  4.372009752202831e-14  2.048846351115611e-14  8.645490607373146e-15  3.1719814621916142e-15  9.657718417169749e-16  
3.9154675798156014e-10  1.9641728226573557e-10  9.81880304663968e-11  4.8855578721855485e-11  2.415859897753406e-11  1.18476289853298e-11  5.746366132292909e-12  2.7463577091654236e-12  1.2870309459750185e-12  5.875480301825006e-13  2.590154188216651e-13  1.0898719730508455e-13  4.309680189958117e-14  1.5686851451871454e-14  5.11267278948368e-15  1.4380693212132705e-15  3.3234750272087486e-16  5.910578695480902e-17  7.412183604394943e-18  5.833625804032046e-19  
4.1010069317168223e-10  2.0393501984410762e-10  1.0114206046911959e-10  4.9983094559528975e-11  2.4583818183074988e-11  1.2014940074656223e-11  5.822660524364967e-12  2.7901277660160623e-12  1.3170314209044116e-12  6.093397626946458e-13  2.7447937374743504e-13  1.1930907382411416e-13  4.9452214207973224e-14  1.9237950410922677e-14  6.877137944166825e-15  2.1962625865526868e-15  6.03469099194462e-16  1.3568729580537885e-16  2.3350245949747363e-17  2.8130625102682737e-18  
5.64825975234146e-10  1.9276010068436764e-10  6.59765313371811e-11  2.267019142825117e-11  7.830311613668178e-12  2.7234173194433502e-12  9.560155714438191e-13  3.397587533813232e-13  1.2274879574168137e-13  4.5330067416786255e-14  1.7236695128131474e-14  6.814835404997978e-15  2.8381689290446483e-15  1.2668757553923508e-15  6.202774947661814e-16  3.435478201614279e-16  2.2428350863907687e-16  1.8231939841109175e-16  1.9854251543901757e-16  3.193092627805882e-16  
3.8989914296275226e-10  2.0488526915708207e-10  1.0715510214565907e-10  5.568943466087561e-11  2.8699612113407025e-11  1.4625236870036134e-11  7.342214886372616e-12  3.613098359308446e-12  1.7312861787847516e-12  8.006406007264026e-13  3.531368320256037e-13  1.462267301477949e-13  5.565999406614312e-14  1.8936345899224762e-14  5.546540752488485e-15  1.3305565920693347e-15  2.445728996868871e-16  3.1519550487430824e-17  2.5299870230341686e-18  1.0800404477362624e-19  
3.8223054621834893e-10  1.1773510314945788e-10  2.4944468099733083e-11  3.208698371602595e-12  2.1217356118466588e-13  5.776652544069465e-15  4.8167290351366415e-17  8.289331445493428e-20  1.7394541333569736e-23  2.206155612800522e-28  6.633402020507593e-35  1.357375996841184e-43  3.578831647065442e-55  1.3213213697223638e-70  3.5414860820782627e-91  1.3312996482948073e-118  3.636034266700973e-155  6.460661115626434e-204  6.437186754912465e-269  0.0  
1.0451256430377833e-10  1.273808583967119e-10  1.262532148744905e-10  9.498039513083385e-11  4.946985564979461e-11  1.5779896034353636e-11  2.6176003614344887e-12  1.8156414116497893e-13  3.937213516113912e-15  1.8111832966590447e-17  1.0538090180195472e-20  3.891293021987138e-25  3.6356109962352365e-31  2.5213266489770945e-39  2.5295188483970997e-50  4.146885639164115e-65  6.063560242733495e-85  1.6363598994581639e-111  4.6269057609268355e-147  1.3868441558462194e-194  
4.062672548204869e-10  2.0330049218654423e-10  1.0138709177129932e-10  5.0332687827875343e-11  2.483599155026054e-11  1.2156193915586173e-11  5.886078564027892e-12  2.8093339464618484e-12  1.3153601287649316e-12  6.003019262873467e-13  2.647713882322907e-13  1.1158468258516127e-13  4.425652866857613e-14  1.618815909960136e-14  5.315459023439566e-15  1.5113771708361496e-15  3.546866809465642e-16  6.443984315240997e-17  8.321978487702441e-18  6.817432490520757e-19  
4.0616092227774603e-10  2.0380663647163718e-10  1.0189545946867102e-10  5.069667517465005e-11  2.5060394762034553e-11  1.2281201388837715e-11  5.949572743114769e-12  2.8382614824929167e-12  1.3265186812844e-12  6.032515578428545e-13  2.6451285680339997e-13  1.104781714396255e-13  4.3245807080763286e-14  1.5525896570033867e-14  4.966943013633671e-15  1.362506725515394e-15  3.044609199183655e-16  5.175658368146445e-17  6.109872840749514e-18  4.435190894475423e-19  
4.62945920519492e-10  2.2009389532998516e-10  1.0470576871734175e-10  4.985550416429131e-11  2.3766334580439453e-11  1.134715146132693e-11  5.428906452347749e-12  2.6045888824522754e-12  1.2542034464268482e-12  6.069222735765143e-13  2.9562893298609783e-13  1.4526456783020468e-13  7.22168219282874e-14  3.6464692465172726e-14  1.879816040652807e-14  9.962568623043675e-15  5.4783166596896125e-15  3.164358836031235e-15  1.951695482466179e-15  1.313794363111181e-15  
4.1124585082404335e-10  2.0370255709713918e-10  1.006316517310273e-10  4.953704110989278e-11  2.426992053173299e-11  1.1815806421210417e-11  5.7042711177617235e-12  2.7230689228080633e-12  1.2805949027990422e-12  5.903232574754195e-13  2.64971831081657e-13  1.147844157999116e-13  4.742359342427582e-14  1.8393873631025878e-14  6.557974506968866e-15  2.0896958632394218e-15  5.732486538440259e-16  1.287813291735049e-16  2.216560777559557e-17  2.6744868483761717e-18  
1.0716642699946022e-11  1.876982907263091e-11  2.6189199492194897e-11  2.6984394452079676e-11  1.855736989876149e-11  7.443403084401807e-12  1.4547368146490545e-12  1.0899727132797133e-13  2.2740128137418228e-15  8.62436630166259e-18  3.367168708850739e-21  6.339982029200707e-26  2.0943252426680683e-32  3.151475135316042e-41  3.5773499085974577e-53  2.7847871482566555e-69  6.07412108657293e-91  5.220894668170969e-120  5.998468493473359e-159  4.6901907315769006e-211  
2.061796107107482e-10  1.443623765787553e-10  9.525690385274599e-11  5.807370857861706e-11  3.1859851366454775e-11  1.5184742261036388e-11  5.999185227524972e-12  1.8455395111912007e-12  4.0668887516374447e-13  5.743603817827267e-14  4.4817534861186395e-15  1.5853241099044047e-16  1.9525358411967777e-18  5.8894523725809216e-21  2.7212126622843074e-24  1.0301781899222969e-28  1.387205837811067e-34  2.1837445911774568e-42  9.11330367526127e-53  1.3938496899127126e-66  
4.1061740249723803e-10  2.0262400793720606e-10  9.972307531314826e-11  4.89067147198668e-11  2.3872530147302844e-11  1.1579883854867843e-11  5.570281816453033e-12  2.64975506480699e-12  1.2418644094916189e-12  5.705949602248914e-13  2.5532526766841124e-13  1.1029106182484587e-13  4.545254113418246e-14  1.759275877944387e-14  6.2629917794694864e-15  1.9942781046351843e-15  5.472534011004313e-16  1.23152781303614e-16  2.1272626653134553e-17  2.5822874681664827e-18  
2.8483176059920687e-10  1.568385202511603e-10  8.617440419680348e-11  4.7211953935734246e-11  2.576654967162898e-11  1.3990537141453211e-11  7.5447327972497e-12  4.031759186012311e-12  2.128463569789901e-12  1.1056001465085703e-12  5.620077034106226e-13  2.7756696049523485e-13  1.3191656777812147e-13  5.956199098650638e-14  2.5116123046084413e-14  9.668263016501553e-15  3.2957440486637874e-15  9.553462152307954e-16  2.2309572298104156e-16  3.905124684147134e-17  
8.718430889736171e-11  5.195191863462515e-11  3.0813270215638815e-11  1.816230085131876e-11  1.0616937440116369e-11  6.137913071960004e-12  3.4964883106167283e-12  1.952969158187782e-12  1.062575236749339e-12  5.582428730486459e-13  2.799084952745111e-13  1.3187961981451596e-13  5.718636539684577e-14  2.2199240947293256e-14  7.435025725760564e-15  2.045249975058712e-15  4.3273331430718294e-16  6.451878453552388e-17  6.031786752236175e-18  3.026167247869923e-19  
3.2924220874883464e-10  1.8058444181141934e-10  9.802721807867601e-11  5.248246300376877e-11  2.7585584362776257e-11  1.4147594272049984e-11  7.02194735377388e-12  3.3362809700534714e-12  1.4954464570764346e-12  6.202193250014979e-13  2.3191825917243434e-13  7.553294641656553e-14  2.0461732674408064e-14  4.335834218771728e-15  6.621380935703739e-16  6.533189363127079e-17  3.600260497015549e-18  9.124401004431531e-20  8.207804966464455e-22  1.85510307452443e-24  
3.3933979585871155e-10  1.6604756912370093e-10  8.12318535906122e-11  3.9726624879556523e-11  1.942013463385062e-11  9.48803874193873e-12  4.632038325129201e-12  2.2590703348723386e-12  1.1002798612575335e-12  5.349307158111311e-13  2.5944962173207663e-13  1.25436289246943e-13  6.038734838814179e-14  2.89071438162707e-14  1.373343649848331e-14  6.4591058727632765e-15  2.9972544284061333e-15  1.3661060753102021e-15  6.079342003856492e-16  2.6204460941705987e-16  
4.065683701629213e-10  2.0293226408086735e-10  1.0100986143222376e-10  5.0092161653694625e-11  2.4719132988128288e-11  1.2118240711292694e-11  5.888923130044239e-12  2.828469100833168e-12  1.3374935413081746e-12  6.194367140888442e-13  2.790318750613663e-13  1.2112782743120167e-13  5.005052791878553e-14  1.9364317754804014e-14  6.86270664230184e-15  2.163620547926758e-15  5.835979724342982e-16  1.2784872260323944e-16  2.1222437963439328e-17  2.433472842769129e-18  
4.041474173339272e-10  2.018937361592546e-10  1.0053989550165246e-10  4.985749870296996e-11  2.4586167208545765e-11  1.203395640770477e-11  5.831788593345288e-12  2.7888721815239287e-12  1.3102847827094092e-12  6.012406506771335e-13  2.6733538629502424e-13  1.139801665664197e-13  4.594994515238929e-14  1.7191481143020292e-14  5.822358517169271e-15  1.7267107526391944e-15  4.2898561599992207e-16  8.41630346498902e-17  1.2051879454850501e-17  1.1340584337913857e-18  
2.9736982685757797e-10  1.6424692238506805e-10  9.022206005078752e-11  4.9198062480913665e-11  2.6566989535454876e-11  1.4160589651335335e-11  7.417862831852117e-12  3.796815230566329e-12  1.8842962127040424e-12  8.974186584738715e-13  4.0456899224970953e-13  1.6950702916423524e-13  6.441302207061057e-14  2.1488500988393556e-14  6.025918280779527e-15  1.3405172239166637e-15  2.1898382328153896e-16  2.369811175698277e-17  1.4809187953177323e-18  4.4496407118112615e-20  
2.110281465337624e-10  1.2207787748645648e-10  7.021336884574783e-11  4.0072876758704614e-11  2.2636594503505166e-11  1.2612774619835127e-11  6.900189577455399e-12  3.683927203495617e-12  1.9038171520662457e-12  9.420826592419582e-13  4.399621791202738e-13  1.9020431439604756e-13  7.418634774567354e-14  2.5224197227611716e-14  7.141988567411595e-15  1.584226383461442e-15  2.537798396859235e-16  2.633860612099906e-17  1.5323361781042576e-18  4.120047007095872e-20  
2.2243563282152287e-10  1.2030662185927517e-10  6.482232991486884e-11  3.475036261300416e-11  1.850375046218828e-11  9.764438128059742e-12  5.091160403043498e-12  2.6123299185265653e-12  1.3120798179514216e-12  6.404993944336702e-13  3.010069433485267e-13  1.344715144420742e-13  5.614890128771293e-14  2.1425104805418238e-14  7.249781576589417e-15  2.0899895146272786e-15  4.866011837168426e-16  8.520490295013426e-17  1.0203501467247982e-17  7.361965857266841e-19  
4.066166419181258e-10  2.032159004946165e-10  1.0125008109119246e-10  5.024039343171498e-11  2.479344982967747e-11  1.2146620883220938e-11  5.8932226486293675e-12  2.822417366869228e-12  1.3285663507079095e-12  6.111324596550139e-13  2.726082686489715e-13  1.167191942024436e-13  4.731603007027134e-14  1.7832827250176647e-14  6.098466815681988e-15  1.832024453868119e-15  4.629969514498277e-16  9.292357194691585e-17  1.371479634735305e-17  1.3435339968080883e-18  
4.482522762039761e-10  2.179252686638966e-10  1.0573037885235514e-10  5.115655626309619e-11  2.466124564835589e-11  1.1830724622843098e-11  5.638766640012497e-12  2.6643521135167415e-12  1.2444516787491286e-12  5.723592941756239e-13  2.5788765851091113e-13  1.1305389333028326e-13  4.7781792746808805e-14  1.923382416351037e-14  7.254930202259401e-15  2.5092738035000145e-15  7.731291950863069e-16  2.0417328930433993e-16  4.3899235556933844e-17  7.175405267574788e-18  
3.47968268786916e-10  1.7640565887812367e-10  8.926562010173856e-11  4.505962575250805e-11  2.2670769120448666e-11  1.1356515190338233e-11  5.655753052096036e-12  2.7948425177542396e-12  1.3668441860090082e-12  6.592844781269743e-13  3.121872241615693e-13  1.442360452709195e-13  6.448900602305748e-14  2.7599368359716045e-14  1.1142375908804627e-14  4.161711543927835e-15  1.4012441005372047e-15  4.1084437834243396e-16  1.0016713204701264e-16  1.9095770159732314e-17  
4.028997521002615e-10  2.0110617822700123e-10  1.0008289483799667e-10  4.960994797608537e-11  2.4461137553524886e-11  1.1976117513759558e-11  5.8084942656281096e-12  2.7819829732353062e-12  1.310294322737342e-12  6.035036035448067e-13  2.6980575330496496e-13  1.159223610583593e-13  4.72359747442449e-14  1.793468498714824e-14  6.1972040466795676e-15  1.888563987819449e-15  4.867461245675607e-16  1.0033199944857174e-16  1.5352522234167866e-17  1.5789440264102211e-18  
4.1285635860190644e-10  1.9713474357507039e-10  9.346901049219864e-11  4.390276907316237e-11  2.036456516994427e-11  9.289720031562966e-12  4.144330864716559e-12  1.7947479880671638e-12  7.470444613703621e-13  2.949475201069531e-13  1.0852900721631623e-13  3.635338586079141e-14  1.0743196023541776e-14  2.6863629978604637e-15  5.375749164462163e-16  7.992559882350071e-17  7.995985592128953e-18  4.716407750697256e-19  1.3752400466900514e-20  1.567202886319272e-22  
4.867189203923601e-10  2.2656164103852992e-10  1.0536265195684104e-10  4.893765328384312e-11  2.2692081288636355e-11  1.049876893920625e-11  4.842980470115103e-12  2.225190543747347e-12  1.0170170507303976e-12  4.615628912399878e-13  2.0751768993875525e-13  9.213841005225455e-14  4.023219683797048e-14  1.7180481944470864e-14  7.121965519183348e-15  2.8376960180835013e-15  1.0724999472927577e-15  3.777851771428396e-16  1.2114581879019672e-16  3.427563023011771e-17  
5.497023281915252e-10  2.597772371902641e-10  8.320102301243568e-11  1.5862191943715047e-11  1.5141351469620422e-12  5.745556631771457e-14  6.371557286586745e-16  1.3699980010577084e-18  3.3047713033773587e-22  4.311685074231236e-27  1.1499877328017524e-33  1.713203694751628e-42  2.5269337120842076e-54  3.673152745456861e-70  2.4262986837138774e-91  1.2035333369587172e-119  1.8855729828159384e-157  6.328051599361079e-208  2.7070869971249347e-275  0.0  
3.6758637231053836e-10  1.88518509224014e-10  9.648990495511136e-11  4.9255414767137164e-11  2.505444720692834e-11  1.2684120812701359e-11  6.381093798697914e-12  3.1832810952994024e-12  1.5702939880332024e-12  7.631106550948729e-13  3.6351885362643593e-13  1.6861979741233923e-13  7.548794674704641e-14  3.223247581847897e-14  1.2921170471775712e-14  4.7616895345260425e-15  1.5684889323316285e-15  4.448438166836154e-16  1.0333855595191465e-16  1.8396670215905837e-17  
4.483937548751701e-10  2.218128624243672e-10  1.0914520406163256e-10  5.332651060421208e-11  2.5809239161047376e-11  1.2334773123074888e-11  5.796751337153755e-12  2.663791266744337e-12  1.1880368146074472e-12  5.091464828427647e-13  2.0690128853508266e-13  7.832302088568032e-14  2.6974345815268148e-14  8.189392703590237e-15  2.101492703473038e-15  4.309473592223377e-16  6.553336090705289e-17  6.68855147356435e-18  4.011231115685141e-19  1.1838077181120426e-20  
4.4878971345986645e-10  2.2248117847689934e-10  1.1015553237169134e-10  5.445061512273458e-11  2.685614775561668e-11  1.3207189205027991e-11  6.469606224258673e-12  3.152675936707473e-12  1.5256647212856435e-12  7.314916250097098e-13  3.464066049257639e-13  1.6136054854189184e-13  7.352805307782873e-14  3.2536161688660206e-14  1.3844817431326509e-14  5.5917597690057205e-15  2.1066513054315623e-15  7.233385826745674e-16  2.1946037754986757e-16  5.645657511363997e-17  
4.440791860463452e-10  2.1171715486061698e-10  1.0087498645905885e-10  4.802344285528991e-11  2.283737465314543e-11  1.0844338901226929e-11  5.139393764864479e-12  2.4293481332397578e-12  1.1443515720499627e-12  5.365596880052866e-13  2.5003148812002826e-13  1.1555666309553506e-13  5.282336966348068e-14  2.3795641189506922e-14  1.0512059055323018e-14  4.5244799847452844e-15  1.8809103168260284e-15  7.465451062030396e-16  2.7856398315626247e-16  9.572603969780955e-17  
3.758901633524505e-10  1.925118998025948e-10  9.814213775330211e-11  4.972653037903076e-11  2.4990018702193266e-11  1.2422396151874832e-11  6.085885409578846e-12  2.9242451682280115e-12  1.3691920160555344e-12  6.193368346437035e-13  2.675485550173876e-13  1.0869896608823031e-13  4.069171634382451e-14  1.3658100598375418e-14  3.9634248572339404e-15  9.472554056452878e-16  1.7477094104370842e-16  2.2834479028640118e-17  1.8829746166430558e-18  8.405602762503019e-20  
4.696499360230913e-10  2.2075680226490418e-10  1.0381075934003506e-10  4.884520515734458e-11  2.3000465110828303e-11  1.0841719701316358e-11  5.117474070356952e-12  2.4199578280645895e-12  1.1471485367161888e-12  5.455626878665364e-13  2.605878287553832e-13  1.2519199630161062e-13  6.061081197730041e-14  2.96477952809275e-14  1.470259168543493e-14  7.425780367380279e-15  3.843150678301447e-15  2.0547746346855553e-15  1.1473227356253856e-15  6.78791989324086e-16  
4.195681944801624e-10  2.0832938957241536e-10  1.0313571610507235e-10  5.085669643742921e-11  2.4945615655218607e-11  1.2150176160757517e-11  5.862641931769578e-12  2.793615690977373e-12  1.309148537455639e-12  5.999869264330991e-13  2.669317883816679e-13  1.1414684392614473e-13  4.630178739595551e-14  1.7504683945391527e-14  6.024697761895669e-15  1.8295370861478868e-15  4.701504878570825e-16  9.670268969637451e-17  1.4780757109084363e-17  1.5205679698298177e-18  
3.436852502647674e-10  1.8494990620701968e-10  9.800647884953763e-11  5.0878089827073245e-11  2.5698370412870612e-11  1.2514394275616684e-11  5.8043070676809495e-12  2.5227178229581866e-12  1.005430358617144e-12  3.5698360066110105e-13  1.0864732376210149e-13  2.6924224730353765e-14  5.072886378844651e-15  6.632262144286879e-16  5.326368464623124e-17  2.233460211441188e-18  3.937091141662973e-20  2.1852555890934182e-22  2.597610151371034e-25  3.9553030969914755e-29  
3.0043000404849397e-10  1.6708468599720427e-10  9.206502425331863e-11  5.010389790870697e-11  2.6820843530168246e-11  1.4044429552182502e-11  7.141262201813304e-12  3.491636773898295e-12  1.6202830065058215e-12  7.012810096386576e-13  2.765923083317592e-13  9.637763988757937e-14  2.846775660359031e-14  6.745866280233888e-15  1.191555426625758e-15  1.4224035105397655e-16  1.0069519984858872e-17  3.5513097344577585e-19  4.945799695017312e-21  1.9951069213591523e-23  
3.836999133487036e-10  1.969701045997113e-10  1.0062776741348911e-10  5.10795240742384e-11  2.5707349380228777e-11  1.2791132437394515e-11  6.2682754922541865e-12  3.0100179873744618e-12  1.4067956862498294e-12  6.34179182983042e-13  2.7244698715745074e-13  1.0976575480804145e-13  4.0594412108882326e-14  1.3393004743125458e-14  3.794579294040582e-15  8.7754338269480845e-16  1.5480421319089883e-16  1.9032118298609413e-17  1.4457134233498613e-18  5.778639593618429e-20  
4.195784734816385e-10  2.0408821588644107e-10  9.92201724215038e-11  4.820422156896329e-11  2.3397754465657927e-11  1.1343190385529302e-11  5.490249489587337e-12  2.651611509904036e-12  1.2769546561494816e-12  6.125917936625576e-13  2.923748756047894e-13  1.3859239788665218e-13  6.509967999461e-14  3.0209091769120915e-14  1.3792870216923715e-14  6.162844292639377e-15  2.6753794889594856e-15  1.1176112697719312e-15  4.435350232590115e-16  1.6438791996517793e-16  
7.325525484436802e-11  8.622243663968863e-11  8.670333921945856e-11  7.067793648005911e-11  4.3546984909850443e-11  1.8471877591643463e-11  4.762903622511028e-12  6.323181004736275e-13  3.463772001314269e-14  5.827610051910288e-16  2.0312898927636595e-18  8.677175588190465e-22  2.2555205317297108e-26  1.402498480205714e-32  6.006701073980426e-41  3.368219036096433e-52  2.7018626266126286e-67  1.6188299520029706e-87  1.4129980845996317e-114  9.426109025185509e-151  
4.1695061130257824e-10  2.067449708546446e-10  1.0233237459076691e-10  5.053140220370876e-11  2.4873470615949807e-11  1.219214592106908e-11  5.942673578304604e-12  2.874928749091107e-12  1.3769864436456504e-12  6.507905707461666e-13  3.0215544682834164e-13  1.370003264013537e-13  6.018387832573489e-14  2.534696797294556e-14  1.0091400718966289e-14  3.72744932848433e-15  1.245792561326542e-15  3.6439281200665283e-16  8.922154807039208e-17  1.7234143085504417e-17  
3.9049828875414815e-10  1.9739062796780138e-10  9.963333516977232e-11  5.0193061293123663e-11  2.5221081805091376e-11  1.2629656560611008e-11  6.295489373039819e-12  3.1189894611824337e-12  1.5327091997966048e-12  7.450525093128774e-13  3.56961566909243e-13  1.6775087723190227e-13  7.682777330685949e-14  3.3997714981211095e-14  1.437084987176366e-14  5.71451997470942e-15  2.094553727510559e-15  6.886774484920256e-16  1.958911512687554e-16  4.593052462714758e-17  
4.1743721151404496e-10  2.094370160090168e-10  1.0440041974072742e-10  5.159400187396984e-11  2.5205367619397496e-11  1.212592980413678e-11  5.715313610021973e-12  2.6212035348054396e-12  1.1591511652585937e-12  4.88293902253412e-13  1.9279144063269815e-13  6.981936073350969e-14  2.2533699206849344e-14  6.236932544078718e-15  1.4064996358529653e-15  2.413597403793568e-16  2.877243103229572e-17  2.110120328207059e-18  8.096365661066716e-20  1.309452427064253e-21  
3.728763444274675e-10  1.8782348453741945e-10  9.431154227904181e-11  4.715771273814776e-11  2.3447912464310695e-11  1.1571951331930293e-11  5.654267516476911e-12  2.7262671454198414e-12  1.291385144858202e-12  5.974049339001732e-13  2.6778160959568806e-13  1.150858717318241e-13  4.676263059336482e-14  1.763134667266853e-14  6.016520882843044e-15  1.797332440769455e-15  4.496396330502708e-16  8.878859418321e-17  1.2789071440448938e-17  1.2095228024405352e-18  
3.8220435804452747e-10  1.9272183984492389e-10  9.69730886185208e-11  4.86576743042108e-11  2.4323402956427944e-11  1.2098387984196198e-11  5.9777422759006685e-12  2.927442205091129e-12  1.4167526438469578e-12  6.748980573937636e-13  3.147982380192933e-13  1.427659516210201e-13  6.236568308380156e-14  2.5916036222173118e-14  1.0075266275551938e-14  3.583926745796452e-15  1.132419416476495e-15  3.05520202702744e-16  6.67685960757267e-17  1.1017598048176848e-17  
4.3275031922535534e-10  2.109514006429459e-10  1.0270447633235378e-10  4.9920487881854696e-11  2.4210928983714665e-11  1.1707607441838572e-11  5.639276178068294e-12  2.7021509633389186e-12  1.2857902705315324e-12  6.061719036619381e-13  2.822545159842427e-13  1.292739112472173e-13  5.791788837429218e-14  2.5197369547749466e-14  1.0541024712526979e-14  4.185243950265739e-15  1.5498923982915882e-15  5.230385844790387e-16  1.5594095746837565e-16  3.9412646312901026e-17  
2.0357144940827363e-10  1.265455464380082e-10  7.722692168264762e-11  4.5984509492906747e-11  2.6498035971361197e-11  1.4615898681124848e-11  7.605248436499379e-12  3.661265709112671e-12  1.588971178335713e-12  6.005486932480545e-13  1.887552544484591e-13  4.6393766637845175e-14  8.215105462959253e-15  9.394285774227262e-16  5.996182240518396e-17  1.758674592294202e-18  1.828796769768287e-20  4.7711135273101817e-23  1.9690657939034775e-26  6.950216016606857e-31  
3.989491754205367e-10  2.0268783113779195e-10  1.0251609291125426e-10  5.1542056117935504e-11  2.5708182570362017e-11  1.268723402184952e-11  6.1731890483260366e-12  2.9474545309811864e-12  1.3722808059745807e-12  6.178000263031641e-13  2.6594726177198375e-13  1.0784409080563769e-13  4.03828168511183e-14  1.3597412027125388e-14  3.973620769989509e-15  9.613149228124847e-16  1.807708198351146e-16  2.429302285958694e-17  2.085746202049867e-18  9.853117463983245e-20  
4.0713843802433844e-10  2.014850187147564e-10  9.945616950599675e-11  4.892583441976207e-11  2.3958954723613985e-11  1.1661684061822845e-11  5.630399598626309e-12  2.689237929627929e-12  1.2660993099743902e-12  5.847494918601031e-13  2.6324193947354803e-13  1.145290741683464e-13  4.76110269039957e-14  1.862675217585148e-14  6.720663495592962e-15  2.176746165410483e-15  6.105043621108798e-16  1.4132048646082622e-16  2.5325204095371388e-17  3.2259317697861624e-18  
4.209753864907564e-10  2.120657884376287e-10  1.0638358359641654e-10  5.307195372357802e-11  2.6280705649954376e-11  1.28859669254268e-11  6.23553306907953e-12  2.9648168052314223e-12  1.3770328733958709e-12  6.198953733360109e-13  2.6766614981941776e-13  1.0932841824577389e-13  4.146556101422651e-14  1.4246968464679033e-14  4.290651317477175e-15  1.0839294263700677e-15  2.1662095512055748e-16  3.1672062782823734e-17  3.05254401464535e-18  1.6876915591132246e-19  
4.179669855683538e-10  2.068902771398461e-10  1.0211020367587245e-10  5.0200253455955714e-11  2.4551948662542763e-11  1.1924952388198356e-11  5.738710009280589e-12  2.727849478090969e-12  1.2755285448696979e-12  5.835035396153525e-13  2.592426159729772e-13  1.1077617325993716e-13  4.493856730354369e-14  1.700976744160422e-14  5.870119217320071e-15  1.7909375458907174e-15  4.636075790672615e-16  9.639531895312451e-17  1.4964328630275872e-17  1.5733638195418971e-18  
3.731358873205427e-10  1.8264847119356113e-10  8.930369531021257e-11  4.359752969266343e-11  2.1240902300906764e-11  1.0320689465768935e-11  4.996629334228432e-12  2.4074401053061893e-12  1.1525153096400488e-12  5.470426615595149e-13  2.567079779037966e-13  1.1864465308112e-13  5.3733267030750474e-14  2.368563467596448e-14  1.007055796193267e-14  4.080575289260427e-15  1.550664337470641e-15  5.40937408309875e-16  1.683499503897739e-16  4.499718305002429e-17  
3.7893194066041543e-10  1.9085660086253455e-10  9.582157042501849e-11  4.79033582435564e-11  2.3812064880404404e-11  1.1747142839416657e-11  5.736833994168605e-12  2.7640842579612807e-12  1.3080202013213847e-12  6.043034318614887e-13  2.703939416235166e-13  1.159323450669525e-13  4.695658336411535e-14  1.762906645982259e-14  5.981506105159184e-15  1.7732966681784932e-15  4.391309404024517e-16  8.554232147161935e-17  1.2099875294390251e-17  1.1169621002447002e-18  
3.9543686756138573e-10  1.9979856792970156e-10  1.0064048236117561e-10  5.048623255330213e-11  2.5188333569162238e-11  1.2475570665069406e-11  6.119277648001413e-12  2.962857570001342e-12  1.4099861129354182e-12  6.557053747659873e-13  2.95701753003483e-13  1.27996533215348e-13  5.245715133244104e-14  1.9987400615365407e-14  6.910277206270882e-15  2.0986663462657282e-15  5.361987218536278e-16  1.0879442146181485e-16  1.6233043514778547e-17  1.6076251826361136e-18  
4.0131829102079847e-10  2.007864145055396e-10  1.0011243935720423e-10  4.9688125581399e-11  2.45112021398025e-11  1.1993317936949894e-11  5.804931064870323e-12  2.7692651848019404e-12  1.295817538490191e-12  5.909317921368075e-13  2.6038403077525225e-13  1.0959729799784456e-13  4.33969914627912e-14  1.5839693506592817e-14  5.186373295828323e-15  1.469191346221395e-15  3.430925119850149e-16  6.192785793445122e-17  7.928586285343308e-18  6.42082112886949e-19  
4.262920941752529e-10  2.1163951314825708e-10  1.0472899167818486e-10  5.1599371805794575e-11  2.5275396792510582e-11  1.2285302169986951e-11  5.909972511777881e-12  2.8041414120419425e-12  1.3062701777774867e-12  5.93776235803213e-13  2.6122789027412435e-13  1.1002452732870606e-13  4.3724035358517044e-14  1.608029050889604e-14  5.3331661969893776e-15  1.5410781662984648e-15  3.705533317047521e-16  6.97338706013947e-17  9.464684165919699e-18  8.308083602822975e-19  
4.1541418980541395e-10  2.056712806393152e-10  1.01553138684152e-10  4.9963094175098617e-11  2.4463581773905006e-11  1.1901728108102775e-11  5.74105667955043e-12  2.737970208856253e-12  1.2860902251939169e-12  5.919986228020677e-13  2.652428513400501e-13  1.1463822429934333e-13  4.722398506627152e-14  1.8246873154118297e-14  6.473401728415249e-15  2.0494031809067676e-15  5.574175068711295e-16  1.2382239566796925e-16  2.099689736406096e-17  2.4839266003662596e-18  
4.3024328738606287e-10  2.192393745936812e-10  1.1138790273132693e-10  5.636947011216478e-11  2.8376891932057306e-11  1.4185300326110303e-11  7.0250397106285e-12  3.435898461318508e-12  1.6527451481529197e-12  7.775628060829741e-13  3.551528275905905e-13  1.5594074538816442e-13  6.496110734506869e-14  2.52275793510537e-14  8.922018946899304e-15  2.7852461969880833e-15  7.362144953342412e-16  1.5587817530768394e-16  2.4550953917246096e-17  2.6061339662875892e-18  
3.957819055655459e-10  1.991505709804683e-10  9.994946786355134e-11  4.99892879654748e-11  2.48868451217894e-11  1.2313767104441594e-11  6.042951626492366e-12  2.9332973250838737e-12  1.4032246621608273e-12  6.583386396407894e-13  3.0095708974408693e-13  1.3290311301551227e-13  5.6044116273460126e-14  2.222321344699284e-14  8.118104008241194e-15  2.6582157380514063e-15  7.522589820630164e-16  1.752486491564902e-16  3.1497271721764606e-17  4.005388224550548e-18  
4.0361604818165056e-10  2.0236330492229923e-10  1.0113514956048216e-10  5.03286069519802e-11  2.490293818131116e-11  1.2228776139275156e-11  5.944432627884689e-12  2.850779815817699e-12  1.3427143744804461e-12  6.173873462359388e-13  2.7491726115834045e-13  1.1729259767415097e-13  4.7268097429516826e-14  1.765358345562718e-14  5.957276100429553e-15  1.755986196525488e-15  4.3217678835441657e-16  8.362632368175202e-17  1.1741580501336157e-17  1.0748632885946122e-18  
4.202257467799668e-10  2.0898421803762814e-10  1.0362256306255244e-10  5.1177013235704895e-11  2.5142101417984003e-11  1.2265045271791228e-11  5.927306983064908e-12  2.8288233563740155e-12  1.327700359300067e-12  6.094256538859306e-13  2.715447802226544e-13  1.1629468050595422e-13  4.724311844576e-14  1.788655507292401e-14  6.164838213799548e-15  1.874640953174302e-15  4.823617557220237e-16  9.93325968981659e-17  1.5198873132550735e-17  1.5649758119735564e-18  
4.2400351211298273e-10  2.0930208127631815e-10  1.0311463990514841e-10  5.066684597643708e-11  2.4808635221922978e-11  1.2090628392255161e-11  5.855767425699952e-12  2.81257114938736e-12  1.3359869158928185e-12  6.252763044138833e-13  2.8692516009587963e-13  1.2824276587318112e-13  5.534160429222757e-14  2.27898034301673e-14  8.81696014479428e-15  3.1386630528063153e-15  9.999088315654378e-16  2.7471786385517034e-16  6.195585499335251e-17  1.073874736344191e-17  
3.974555887532303e-10  1.9961360390654594e-10  9.989687464480261e-11  4.975770730616916e-11  2.4628087841842793e-11  1.2087867076562201e-11  5.866775942434399e-12  2.805150758327638e-12  1.31478334160661e-12  6.000750818844935e-13  2.6433786211746026e-13  1.1106573555569165e-13  4.381467054833615e-14  1.589079015576108e-14  5.152047817019319e-15  1.4384111885050855e-15  3.2900237997569765e-16  5.768317622716959e-17  7.094521230206017e-18  5.438341263684518e-19  
4.515882372343697e-10  2.1913271365541155e-10  1.0623472251235611e-10  5.143813920191579e-11  2.4864700365835106e-11  1.1992784616584931e-11  5.767333802573366e-12  2.7626184108754897e-12  1.3163985825741828e-12  6.228943657500783e-13  2.920035628922723e-13  1.3519380912715071e-13  6.156269877302791e-14  2.7419954410669865e-14  1.1857641314864488e-14  4.929892873139944e-15  1.94483858932733e-15  7.153763318860129e-16  2.3969174966656835e-16  7.091215190387201e-17  
4.157348945248595e-10  2.0609329511000833e-10  1.0188916480128152e-10  5.0189660569026275e-11  2.4603470624396705e-11  1.1983193512233761e-11  5.786380931890881e-12  2.762178655957698e-12  1.2985020261963121e-12  5.980815565670192e-13  2.6806846961705327e-13  1.158649903657113e-13  4.7710867872236063e-14  1.841718431736526e-14  6.5224633813279385e-15  2.0592213035044914e-15  5.577706020789877e-16  1.2316217111152922e-16  2.070973387174479e-17  2.42149400780356e-18  
4.215263291373453e-10  2.0795095701993246e-10  1.023680851168344e-10  5.024867863423613e-11  2.457119951860227e-11  1.1954092742092703e-11  5.776408083532629e-12  2.7660914672576856e-12  1.3086726677525299e-12  6.092594970842192e-13  2.77618226283658e-13  1.2292996116614962e-13  5.239429208502739e-14  2.1222459207282542e-14  8.031881196665356e-15  2.776598478253442e-15  8.506817944983016e-16  2.218651045481551e-16  4.6682572695569496e-17  7.37669081845492e-18  
4.078833841929507e-10  2.0244413820393838e-10  1.0020633855169192e-10  4.9421131716673104e-11  2.4256784128822317e-11  1.1829255847243084e-11  5.719428744152647e-12  2.7338533666698575e-12  1.286964668937501e-12  5.936291835482816e-13  2.6648441449252084e-13  1.1537280093636865e-13  4.759545711174919e-14  1.841044201379304e-14  6.53541542666586e-15  2.068976358519192e-15  5.622459015487139e-16  1.2464337023379446e-16  2.106161105163699e-17  2.477790056475883e-18  
4.0486222273197935e-10  2.0185906213925744e-10  1.003636512463526e-10  4.97149911698857e-11  2.45042600656112e-11  1.1998303141274461e-11  5.8232156635800695e-12  2.7931329401465913e-12  1.318864849956039e-12  6.098377504591473e-13  2.7422078539291644e-13  1.1879921222467465e-13  4.8973357078494304e-14  1.889497402931656e-14  6.673916860325369e-15  2.095425202906797e-15  5.622935281390923e-16  1.2237909749009402e-16  2.0145217133413e-17  2.285114192130298e-18  
3.5373466487585004e-10  1.818585884257197e-10  9.329719685702769e-11  4.772815525082371e-11  2.4324401821372865e-11  1.2334588647636923e-11  6.212886255718378e-12  3.1015341037250556e-12  1.5299534702623371e-12  7.427971846684572e-13  3.530596831812662e-13  1.6313184260966315e-13  7.25845229378368e-14  3.071136531020898e-14  1.2151126082901517e-14  4.3962075847745484e-15  1.4116430492839173e-15  3.866119162126113e-16  8.564146720973695e-17  1.4296190476636644e-17  
4.139038812286521e-10  2.051034277612104e-10  1.0137331239399213e-10  4.9931798668179205e-11  2.4481290555741172e-11  1.1929687375232602e-11  5.765985232763369e-12  2.756662502262814e-12  1.2989135918100286e-12  6.002855036086266e-13  2.7033883765243703e-13  1.1762173280740126e-13  4.8876708018753725e-14  1.9102617964798667e-14  6.879880854752104e-15  2.221902741106869e-15  6.204904014746226e-16  1.4274286493300459e-16  2.5357338735210835e-17  3.1910850534252153e-18  
3.9900194460779686e-10  1.9999220726345417e-10  9.992386994173357e-11  4.9714449873543464e-11  2.459453664115241e-11  1.2075849043163622e-11  5.8698470845374e-12  2.815195243659693e-12  1.3262314328099842e-12  6.10052771208209e-13  2.718295065265175e-13  1.1609085146025825e-13  4.6851720077374075e-14  1.7534093536346312e-14  5.93392311845277e-15  1.7560089066646382e-15  4.3451238155640324e-16  8.46935827297947e-17  1.2009084578764542e-17  1.1140158648229366e-18  
4.1020566109712886e-10  2.0392850151565477e-10  1.0105763746003467e-10  4.986701123017838e-11  2.4467776510743483e-11  1.1914920876693968e-11  5.743913076104168e-12  2.7320194256051286e-12  1.276353318591436e-12  5.82199081058743e-13  2.572299097624252e-13  1.0891840458479606e-13  4.3576339356513536e-14  1.616423445184247e-14  5.420756809047154e-15  1.5891210614711835e-15  3.893732322460148e-16  7.511210775659658e-17  1.0532883154717315e-17  9.653463189479615e-19  
4.149246685329871e-10  2.0526160162344268e-10  1.0126781919548235e-10  4.9781582282545843e-11  2.4354373747241002e-11  1.1838578339366729e-11  5.705679441972087e-12  2.7187010766858243e-12  1.2758794759700612e-12  5.867441064665953e-13  2.6262779482995255e-13  1.1338812759544799e-13  4.665570910983685e-14  1.8004669827205904e-14  6.378489287475617e-15  2.0161054686973212e-15  5.473305354489883e-16  1.2130956171910972e-16  2.0514883413716745e-17  2.418758610464491e-18  
3.8965661058551785e-10  1.9650931213794694e-10  9.881654954881132e-11  4.9499781609145244e-11  2.466868292556479e-11  1.2209943843623304e-11  5.9884465192595e-12  2.9015118255881933e-12  1.3831832901171577e-12  6.452491201771408e-13  2.9243526066270575e-13  1.275271138747042e-13  5.282824088705142e-14  2.0435252292737483e-14  7.21476035768566e-15  2.255072059236162e-15  5.99171475007742e-16  1.2819315049821173e-16  2.0545882389588955e-17  2.2402142598665917e-18  
4.164343426237435e-10  2.062430871450568e-10  1.0186399157701481e-10  5.012714738065518e-11  2.4547447526513645e-11  1.194301626592689e-11  5.760412985742448e-12  2.7464291097778237e-12  1.2893845315619789e-12  5.930085795481768e-13  2.6535285327855707e-13  1.1447131134213944e-13  4.7030548791757816e-14  1.8105343654165127e-14  6.390761842028637e-15  2.0093253029930273e-15  5.414280685443802e-16  1.1876155278862207e-16  1.9799472059148407e-17  2.2894568502693293e-18  
4.0872051609795734e-10  2.0397655633052514e-10  1.0147192694436071e-10  5.026438947571224e-11  2.4757476216395855e-11  1.2102092575063398e-11  5.856320106678435e-12  2.795987978041562e-12  1.3111113160569352e-12  6.002526160274972e-13  2.6616252348177157e-13  1.1309626671308497e-13  4.540087023315939e-14  1.6895128589535696e-14  5.682784515020285e-15  1.6704075143273128e-15  4.102243324689282e-16  7.927252580749026e-17  1.1127752489017629e-17  1.0199465579019645e-18  
4.050891280557712e-10  2.0211278614952663e-10  1.0054077763260386e-10  4.981545641309634e-11  2.455181255031224e-11  1.2015246049850027e-11  5.824885836379311e-12  2.7885744912143716e-12  1.3127927409759994e-12  6.043671150900981e-13  2.700585808539025e-13  1.1597098984846393e-13  4.7229839398851395e-14  1.7921741352071506e-14  6.188712988265283e-15  1.8846092184987983e-15  4.853255103583177e-16  9.994299342134956e-17  1.5275539425306755e-17  1.5688558072073584e-18  
3.9467188637442435e-10  1.9715601337818205e-10  9.821393516623707e-11  4.8744052553298376e-11  2.4072272952291467e-11  1.1809769460873428e-11  5.742976072352216e-12  2.7601132091567136e-12  1.3058949006508308e-12  6.050763776501298e-13  2.726494662010631e-13  1.1837322215643962e-13  4.8907080185460484e-14  1.891378945321759e-14  6.697273402721179e-15  2.1084364878622795e-15  5.674628521227979e-16  1.2391411152942898e-16  2.0475235711533878e-17  2.3328171246135244e-18  
4.0185866663910067e-10  2.0127440786570889e-10  1.0053324433292682e-10  5.0030922328338355e-11  2.477672585175995e-11  1.2190393248131998e-11  5.945871354089682e-12  2.8666714061697043e-12  1.3608978389379406e-12  6.328762668124394e-13  2.863329391436482e-13  1.2488219446629428e-13  5.186754378111554e-14  2.0182491678290975e-14  7.199358631672102e-15  2.286962096180867e-15  6.224094294549917e-16  1.378320178951871e-16  2.3185487269949812e-17  2.7030210635030097e-18  
3.996656158813326e-10  2.0003242277917386e-10  9.98026318957879e-11  4.958694177892036e-11  2.4500255945183683e-11  1.2015561887180262e-11  5.834592048835614e-12  2.79597549418226e-12  1.3164279158344318e-12  6.054066340043193e-13  2.6982188570769786e-13  1.1533058162640588e-13  4.6622059802402646e-14  1.7496053465860045e-14  5.945908416492947e-15  1.7703570721601565e-15  4.418878932099554e-16  8.718204123326895e-17  1.2570166052566844e-17  1.1929661269150666e-18  
4.168830398395525e-10  2.0675146067670803e-10  1.0228280753786546e-10  5.0433148722279275e-11  2.4757594277511707e-11  1.208200444458134e-11  5.8499656295045856e-12  2.8029285470591997e-12  1.3243285268825377e-12  6.141554247145062e-13  2.778163455203569e-13  1.21571335944387e-13  5.08971813196003e-14  2.008806898470998e-14  7.328589351836603e-15  2.4073901165536894e-15  6.875788510903866e-16  1.6296226567486533e-16  3.011764684035568e-17  3.9947899578733955e-18  
4.597728946368419e-10  2.2291921908245224e-10  1.0776314566141811e-10  5.1890066957071886e-11  2.4855328778664424e-11  1.1822684814091618e-11  5.571351561900006e-12  2.592993280756644e-12  1.1869607795747737e-12  5.314497307021279e-13  2.3103299036418404e-13  9.656017513681421e-14  3.8294393211775e-14  1.4160726122478082e-14  4.769956111551918e-15  1.4187536524307173e-15  3.5747123783453007e-16  7.219110084864375e-17  1.0853906639128393e-17  1.1010597111085373e-18  
