0.16397849740093132    -0.011201066916650283    48591.077085434816
-0.03418292262922614    -0.0041027218463507275    47466.91032734459
-0.0903571004338772    0.0011332251227822016    47804.81133585112
0.022072860737948733    0.030580864325702783    46798.852802723
0.007653192317782737    0.009092569127504455    48845.57776221591
0.09096883701241036    -0.02568620497486994    48642.12734677478
-0.12404117526008976    -0.030659976149108523    48546.60121385704
-0.03224543046134994    0.001152976196110578    6864.5740701254845
0.025603600795709554    -0.022585131094883498    7084.009245396634
-0.06388855649264137    0.02914898316080169    861.7707875340832
-0.022476883121269484    0.01688571547182327    1774.0492029082752
-0.026735931239468443    0.015399561537295185    3450.7740885005906
-0.048621510332466505    -0.03316147281703053    669.5347259537077
0.1533173419026429    -0.023584728445468557    2180.350229167411
0.0027920857945027    0.05367574228245368    961.5634717738254
0.07872663848308128    -0.010719524110872567    25883.45951295551
-0.01032838309261716    0.009901209309347764    25971.56676721518
-0.35055048943688966    -0.018547965819864416    1011.8466277903367
0.21010563580100294    0.017648774859437204    823.9851234101269
-0.028855917285219048    -0.005929398729038173    693.7750802057665
-0.0768464286002797    -0.027171558034243423    48582.883754152776
0.057920272194926195    -0.0007814002404608697    49376.62030120112
0.19797184183979655    0.004935870969882243    800.2851514350514
-0.006187082493569464    0.020465540766045214    90037.82791655448
-0.12198780173258224    0.04529291687509346    88876.59185250732
-0.08277210214293859    -0.016185503602436736    1801.599059112741
0.03235272834363608    -0.01274818247321612    160643.39668531803
-0.0035059659834456615    -0.020761498073389714    159865.10157102314
-0.17143369704935812    0.025146796063500055    1558.12293069461
0.03334724799816362    0.023282436488662354    3626.6737328567197
-0.18408811930263563    -0.002544333304894553    998.0437226757334
-0.09603082467720413    0.0162495264740815    1617.221792270441
-0.10547444970419445    -0.002442759285034249    275984.9856380959
0.046720207990893166    -0.024626401251741415    274698.3107757719
-0.06837993713045253    0.003119904575322319    3117.53970268008
0.06335712551976942    0.05436432020604264    441681.13502969703
0.03375069114734641    -0.03750337599903794    1832.7112326123622
0.14314419713657303    -0.003540262025063701    7263.469298341464
-0.006362251139785283    0.04218878191072542    441852.1821153145
0.009270399183127345    0.03216616950752257    3625.9078922960953
0.020351184058795563    -0.00014977036860945082    1922.1359790840145
-0.11357716351021799    0.013989516795114018    3659.9455249870007
-0.06276881813610773    -0.014559044921295523    6799.563167790289
-0.07934557801935344    0.044046526597730486    623223.1537038112
0.05486527580315384    -0.021366705346937007    622165.6660008475
0.01941657797764805    0.008627220449242714    7242.043762875398
-0.12966589380077137    0.017074982497615885    13554.792222852426
-0.020338720789706957    -0.029254845603740944    6981.75296862264
0.02099843127921599    -0.03105506292074772    642941.391871335
-0.08286026383404557    -0.0017462341958823487    3538.159188649507
-0.14594792374869595    -0.03092962629282585    13328.91393872786
-0.0924389701650646    0.010638392707752062    647515.1414859105
-0.11275859978231491    -0.012676971143002794    13322.845072800095
-0.08742888029714159    -0.047814530817041595    25187.280008336103
-0.16565199793518873    0.01637928340206851    1530.4621162656924
-0.1337931494209574    0.020536664040392894    13201.230970484312
-0.01704819646370097    0.009741604419287873    25971.815381977485
-0.045522438458568036    0.031623929545395245    6853.791055345502
-0.07403013953618974    0.021806870847951965    25924.211286643236
-0.0956343781352022    0.019667622337127436    48017.60568947298
0.06593602670795438    -0.024622994220497275    25292.875471024887
0.06687087944506884    0.026195884366754203    48427.54677892859
-0.03647876229084282    0.035610621988198615    13134.463291678365
-0.09378704319579552    -0.0072585695154368125    48421.6795617721
0.11762386997681436    0.02950602648570231    89129.40373071084
-0.11693195355336983    -0.058959937593700065    48060.53570950565
0.005651385631158327    0.040656104117587424    3451.213136192392
0.06617419690846015    0.0007811831663934366    88518.9536423737
-0.06084333208749834    0.029181766501447888    25739.741565536264
0.1454872224412949    0.04779838649372483    88675.93520667774
-0.13427553818555035    0.0035570013785512656    160229.12144716954
0.06850680646133138    0.019775427313554642    89846.36803222835
0.02972401585520954    0.013477424164342812    159595.9941615811
0.038401683077883664    0.028813206506547624    7137.919833521372
-0.04515612964457483    0.015503769608802596    47890.371433897126
0.0006920400912896691    -0.0010968410616103766    272973.00578606216
-0.05722563560644746    -0.009132948571575759    160892.86592564537
0.22353524719400433    0.009421416141180416    273440.47688289743
0.17195701573294986    0.023648544695908633    13555.995733832518
-0.029113409299537138    0.009586288985114341    87548.1134719328
-0.10176256292692576    -0.002076901524886004    159436.6421036943
0.11429446649236844    0.05961066443988566    440796.03361724416
-0.07018886747629334    -0.018933997102752082    273340.314568836
-0.06094854405440928    -0.03504202983414872    438956.7983648853
0.011234176258422381    0.019634626982064054    25964.333158810092
0.015579796623588283    -0.006004336501284596    160094.01873082443
-0.028526161080312612    0.007622894399228673    621955.6583991349
-0.055596624243878595    -0.029760403539290894    274645.7701052696
-0.002591890145212569    0.011044678037238234    440117.921873912
-0.05077786354218438    0.010892916133990264    626550.9082393522
0.008466197309195525    0.033754495716151765    47631.655695177935
0.1193544016295603    0.016595201565499505    643877.373494237
0.14772329925359637    -0.022986476284951273    275978.3188058295
-0.03279971814202392    -0.008818650878905335    440879.0903377079
0.033292810336275284    -0.00861663788218519    623604.7854710878
-0.07154632531505604    0.030960105247592802    88927.36587734307
-0.12506435416318815    0.023316381852423965    643803.0061212878
0.20806425905458467    -0.036682930647560084    440723.23600218736
-0.03823526495986626    -0.016151451379220312    623841.0078896944
-0.12094970370798451    -0.002353966589968632    644793.9662168663
0.05305448167449603    0.01887249801095691    159620.96399584407
0.03778763890055375    0.028383696330400728    624860.3689920944
-0.1112331452763397    -0.02710893714504415    643469.5979045351
-0.11380295485233123    -0.010949499741750785    643702.797723383
-0.03468683717221876    -0.003965590443779074    274841.7367520708
0.06620244436225925    0.044453113787514986    439121.44546512625
0.06856471967628466    -0.015458777550320747    624581.0991078857
0.10712185754030022    0.010437426413302954    639323.0389357752
-0.15927967906799967    -0.012472035468501758    89673.118431539
