3.8542688870198574e-10  2.0016295628185317e-10  1.0328026396063101e-10  5.283313203312029e-11  2.6717871153476782e-11  1.3305719813938644e-11  6.4922467280980455e-12  3.0825501231152327e-12  1.4113488343932128e-12  6.156034925647443e-13  2.5170227031437194e-13  9.441196659450248e-14  3.156688414383935e-14  9.054128987039225e-15  2.1167171616763593e-15  3.767592051664101e-16  4.661823454225002e-17  3.551997213869469e-18  1.417695386204902e-19  2.389085928101008e-21  
4.050923983374676e-10  2.0113573911714945e-10  9.973346999501629e-11  4.9364477652802536e-11  2.437533497130705e-11  1.1997838669950973e-11  5.880447193472466e-12  2.865874877450052e-12  1.386190802955117e-12  6.63763559022625e-13  3.135949896851968e-13  1.4552719216972496e-13  6.593917180117536e-14  2.894053878946456e-14  1.2173594977643846e-14  4.838674750229111e-15  1.7832949443700478e-15  5.942456018928309e-16  1.7312585990974822e-16  4.2164908493295745e-17  
4.3845908500279004e-10  2.1568353883329982e-10  1.0594335509432367e-10  5.19384180807398e-11  2.5396931845847242e-11  1.237590493477585e-11  6.003114520571445e-12  2.894106576317269e-12  1.3838941762659911e-12  6.545726706588068e-13  3.051411649516022e-13  1.3951678781265214e-13  6.216236624417599e-14  2.675841362729804e-14  1.1001013895975698e-14  4.2539006567988236e-15  1.5158166493734749e-15  4.843644475602828e-16  1.338373353764352e-16  3.0465596237405456e-17  
4.0082848209148575e-10  2.0290972533226128e-10  1.0229347282570597e-10  5.1285391209986603e-11  2.5523480159876055e-11  1.2578228054256471e-11  6.117998654531744e-12  2.9242332053107845e-12  1.3655160963023562e-12  6.181435330054213e-13  2.684661577061242e-13  1.1033077311273565e-13  4.2121949050359735e-14  1.4576518713654786e-14  4.424890795636836e-15  1.1279203850456698e-15  2.277593727874608e-16  3.3709393374803044e-17  3.296876857840623e-18  1.8557671591012328e-19  
3.669133867409845e-10  1.8741623008725328e-10  9.540489517748578e-11  4.834596892279382e-11  2.4351050735917647e-11  1.2166483841983946e-11  6.013561032876567e-12  2.9299249566851967e-12  1.4004177595477564e-12  6.524675865455705e-13  2.938045233957338e-13  1.26421081883071e-13  5.119868411383353e-14  1.9124826625512674e-14  6.413998102362253e-15  1.8631228540262124e-15  4.468045077043601e-16  8.298427251321176e-17  1.0961148983664937e-17  9.19033313935105e-19  
4.615079580807205e-10  2.160960110133213e-10  1.0104045891479853e-10  4.7153987658917556e-11  2.1950316820406256e-11  1.0183458306814585e-11  4.703188106640073e-12  2.159131649989157e-12  9.832977102376018e-13  4.430463027219735e-13  1.967991621724536e-13  8.577148494330141e-14  3.6446441674015924e-14  1.4972303761455054e-14  5.879599606694882e-15  2.174222714636683e-15  7.420814922244397e-16  2.2760459106756547e-16  6.053559743361086e-17  1.3313621329516181e-17  
3.5363117575176295e-10  1.819708739734578e-10  9.329980392851746e-11  4.7606103633037933e-11  2.4135051238529342e-11  1.2131230681457918e-11  6.0282167637197e-12  2.950133993966343e-12  1.4146593877863582e-12  6.601916846191088e-13  2.971415303890695e-13  1.2743456077132765e-13  5.124457617912044e-14  1.8911199224749527e-14  6.223918062848548e-15  1.758318261339449e-15  4.052319982603661e-16  7.118527636634959e-17  8.7061879559319e-18  6.57009348727139e-19  
1.9593594372282298e-10  1.1148686646964098e-10  6.250006078089876e-11  3.4350426689220086e-11  1.838691358038685e-11  9.501307600267467e-12  4.6843805592810575e-12  2.1692492394848015e-12  9.24016250600783e-13  3.5209519699714125e-13  1.156410266885532e-13  3.1153972638176945e-14  6.444139797942891e-15  9.371193815027529e-16  8.518583149454478e-17  4.138326362202587e-18  8.71787870559454e-20  6.02698721048029e-22  9.429815184226588e-25  2.0342422305987976e-28  
3.9190211195111873e-10  2.1515174226483796e-10  1.1680651714348966e-10  6.247816934296116e-11  3.276224500516384e-11  1.6731295636916155e-11  8.248293004210791e-12  3.879423166652612e-12  1.7136592814175507e-12  6.962240245055017e-13  2.530014281740116e-13  7.922952995189504e-14  2.0346633016013766e-14  4.010547269869222e-15  5.55521154909499e-16  4.8071009812470107e-17  2.2213058731292355e-18  4.446369365488074e-20  2.9167358867618734e-22  4.322052772980388e-25  
3.3413328286526005e-12  1.6812290192735343e-11  5.688902058760068e-11  1.1341144349697125e-10  1.1165492099094991e-10  4.290401966805839e-11  4.7015393162968965e-12  9.668868122341005e-14  2.135825798055689e-16  2.4079451895698206e-20  5.136552832754033e-26  5.520333825893653e-34  5.118993933202811e-45  3.8939926632141217e-60  1.0539630609583222e-80  1.5459320638681124e-108  4.6355544435341264e-146  1.6669353160089683e-196  3.525167361253746e-264  0.0  
4.2468019634803413e-10  2.2368396670058654e-10  1.1690951728985436e-10  6.04765676287272e-11  3.08569668439632e-11  1.5458119220873312e-11  7.5568650355499e-12  3.575747208540772e-12  1.6199792780003312e-12  6.925831213428774e-13  2.7406653034208545e-13  9.78278832224278e-14  3.043390148700556e-14  7.881807042334171e-15  1.5984899648915483e-15  2.339889347232481e-16  2.21746009069556e-17  1.1768313644002866e-18  2.882631977694879e-20  2.518197158345554e-22  
3.692306522965237e-10  2.1098947285986768e-10  1.1031828597797126e-10  5.1237965047697765e-11  2.03206110456675e-11  6.5283402264256076e-12  1.5837249473974635e-12  2.641689311472115e-13  2.6739490316727147e-14  1.3904100967021745e-15  2.9741953476333974e-17  1.9461331828708467e-19  2.624102835793083e-22  4.305270156555772e-26  4.257254205781204e-31  9.942801890188894e-38  1.572468801029551e-46  3.183019572861336e-58  8.942613744496661e-74  1.802413962266086e-94  
5.001893787642048e-17  2.2212787977431284e-15  6.559631449729851e-14  1.1242584516377338e-12  9.327292042598941e-12  2.9407355774863626e-11  2.5516747844280777e-11  3.962608782978955e-12  6.20457296966653e-14  4.557096927595165e-17  5.659033426898637e-22  3.047191777880618e-29  1.1590021422465555e-39  2.769354536709512e-54  1.6495380286108872e-74  3.3129234618891893e-102  7.224515071863803e-140  8.125735990010659e-191  1.744588287835598e-259  0.0  
6.187278714703274e-10  3.0715240194898017e-10  1.5184109875361486e-10  7.464476102099505e-11  3.6422937318431324e-11  1.7596954572378765e-11  8.389739262715371e-12  3.9299727536597185e-12  1.7980537549285329e-12  7.972171288320669e-13  3.3897091040885913e-13  1.3629940559773938e-13  5.087236131742047e-14  1.7192496746125046e-14  5.089557810715945e-15  1.2627645932535442e-15  2.4756275380909625e-16  3.5453277857404474e-17  3.3399969431502777e-18  1.8000848636232833e-19  
4.466080859516456e-10  2.177025615047375e-10  1.0609232067589301e-10  5.1683146020526916e-11  2.51655647770869e-11  1.2245824888626307e-11  5.9538906580199585e-12  2.891493299856527e-12  1.4021295256009218e-12  6.785472592212809e-13  3.2749645083030984e-13  1.5749940492012084e-13  7.538391829846977e-14  3.585211125256687e-14  1.6906948403498362e-14  7.883171553031407e-15  3.620618908994567e-15  1.629764558586035e-15  7.141874835974451e-16  3.0196584506949516e-16  
4.041015362803346e-10  2.0708375210861235e-10  1.0549025805904008e-10  5.331211817879471e-11  2.665846939086584e-11  1.3143303474622281e-11  6.358960241190638e-12  3.0001926422350576e-12  1.3688380349419938e-12  5.972260855227221e-13  2.454898439573697e-13  9.319676342483792e-14  3.182182049150993e-14  9.432997947832643e-15  2.315778115269472e-15  4.421389062017134e-16  6.036975650305205e-17  5.271302439729218e-18  2.5356950021983523e-19  5.508095805180694e-21  
3.948715148710894e-10  1.9644674347823462e-10  9.770632951092783e-11  4.8579419950628727e-11  2.414261295299347e-11  1.1990922871254214e-11  5.9507186609285284e-12  2.949969021591314e-12  1.4602942527610173e-12  7.21488960164631e-13  3.555554764434162e-13  1.7462349219698422e-13  8.537312403156712e-14  4.1486192979648593e-14  1.999726968016345e-14  9.535645785052956e-15  4.482067064255826e-15  2.066667102453982e-15  9.288517028331397e-16  4.034580499616988e-16  
4.886864971957626e-22  1.3439210779178121e-20  3.367335433068713e-19  7.45218524098253e-18  1.3976023555725756e-16  2.101875768153472e-15  2.3549246272770823e-14  1.781770080761525e-13  7.986695973453859e-13  1.7811247172783616e-12  1.5657174633871381e-12  3.977213700631502e-13  1.929619438880509e-14  1.029434636155608e-16  2.8919539545231774e-20  1.6026208780206394e-25  4.730190358085564e-33  1.297308651257803e-43  3.2220099770264725e-58  3.248441947176985e-78  
9.402782992906244e-11  1.41481110622467e-10  1.475199179836397e-10  9.431623187587701e-11  3.1409452666805774e-11  4.38327324749499e-12  1.9178648595069006e-13  1.7869720124917643e-15  2.116727111812847e-18  1.6021628895976476e-22  3.0963497480571705e-28  4.496029232100651e-36  9.598198345318251e-47  3.421312992136228e-61  1.1194603068878864e-80  7.024695626828616e-107  4.860937674551933e-142  3.81732672327727e-189  3.530320057019151e-252  0.0  
4.550731147479001e-11  3.787557035528494e-11  3.0627174478751884e-11  2.383116780592767e-11  1.7615761765186523e-11  1.2160281330607228e-11  7.662344639360472e-12  4.2750392674528464e-12  2.027943034050143e-12  7.74832382382637e-13  2.2184888880191667e-13  4.3232779853243864e-14  5.04366438276624e-15  2.968520862011834e-16  7.016050107965133e-18  4.9118933410015874e-20  6.7885550083082e-23  1.078125801222075e-26  9.561727710508643e-32  1.8091200700378205e-38  
3.600292714228826e-10  1.827160981457777e-10  9.257816860683287e-11  4.680553938976231e-11  2.3595450558611716e-11  1.1849013467251151e-11  5.919699485646476e-12  2.9372084692699197e-12  1.4440853034538574e-12  7.01370447703813e-13  3.351427260422672e-13  1.5670436583718013e-13  7.11796593295546e-14  3.1107112206485915e-14  1.2912162234765319e-14  5.003969984939075e-15  1.7695387045062107e-15  5.538227861542095e-16  1.4728508728735137e-16  3.152364053066379e-17  
3.0762598704868914e-10  1.6809838097941717e-10  9.129388654498333e-11  4.9177853382751546e-11  2.6203725812783808e-11  1.3760781866667925e-11  7.08767999265979e-12  3.5574440332171138e-12  1.725045626580067e-12  7.989108634997613e-13  3.479946910779994e-13  1.3968313423236654e-13  5.027723594679401e-14  1.5648210181253918e-14  4.0120580811923044e-15  7.943275051926414e-16  1.1140824630666767e-16  9.867051085198125e-18  4.733941982356349e-19  1.0028341032397156e-20  
1.2961964078452461e-11  2.7549474906200674e-11  4.634061684328998e-11  5.7060093970213695e-11  4.6349023413140306e-11  2.1618785294192735e-11  4.8123085613153474e-12  3.9944517856749303e-13  8.897248113396179e-15  3.429308001090362e-17  1.274139593553183e-20  2.0914592316034005e-25  5.35865907133136e-32  5.351663557561357e-41  3.2751881305587275e-53  1.0418353635537239e-69  6.416673593562539e-92  9.513570239651784e-122  9.77179589393615e-162  2.8433084553591306e-215  
4.5409159990356043e-10  2.23191720083367e-10  1.0935789640874162e-10  5.3358699510290314e-11  2.589031551738804e-11  1.2469193144579462e-11  5.946078285806489e-12  2.798189345607363e-12  1.2937829807280134e-12  5.842895786421975e-13  2.55722781672399e-13  1.0733488632921099e-13  4.2607157872536e-14  1.570049160429466e-14  5.239098377368907e-15  1.5315878315204678e-15  3.7532358395740055e-16  7.269315443366499e-17  1.028790407468385e-17  9.582135536265792e-19  
4.435832670039634e-10  2.151321858679163e-10  1.041871610833445e-10  5.0360999603410126e-11  2.4281159411320238e-11  1.166731381118933e-11  5.580938472105906e-12  2.6535243831566704e-12  1.2515391167650824e-12  5.839904953918096e-13  2.686290198204629e-13  1.212308928960425e-13  5.3336325452049436e-14  2.2682801083718348e-14  9.219752079908963e-15  3.528066215818874e-15  1.2456877221653208e-15  3.950769537668934e-16  1.0859558898351964e-16  2.4664649770058288e-17  
8.577665085927233e-11  5.486504701694905e-11  3.5043216883312544e-11  2.23402201301142e-11  1.4205977932260813e-11  9.003020194779022e-12  5.680016166583341e-12  3.5620736650848692e-12  2.21604393913667e-12  1.3640052589656164e-12  8.276927018417516e-13  4.928047837722496e-13  2.8607688191365396e-13  1.6055529124642187e-13  8.614083368480021e-14  4.3522445636310865e-14  2.0297332708722738e-14  8.507201489317181e-15  3.0923490041870856e-15  9.296454907491314e-16  
3.9020976175870185e-10  1.9591921730093313e-10  9.802339340169646e-11  4.881431430483957e-11  2.4157424057650724e-11  1.1855908394725552e-11  5.7543032162470854e-12  2.7517860851209467e-12  1.2901912137715534e-12  5.891807087780513e-13  2.5976512413153465e-13  1.0928506374968275e-13  4.3191717447119694e-14  1.570536231920828e-14  5.110135345404203e-15  1.4336958984594378e-15  3.3010834713232983e-16  5.839911379830735e-17  7.27000756781185e-18  5.664217244148646e-19  
4.0862940699186213e-10  2.033957782094037e-10  1.0096778594737378e-10  4.994150441912556e-11  2.458426903118479e-11  1.2024723781129844e-11  5.831611303148028e-12  2.79616116831704e-12  1.32053058213586e-12  6.111535386062068e-13  2.753201626358665e-13  1.1964776581546313e-13  4.956100261131434e-14  1.925736553182328e-14  6.87084534659042e-15  2.1878884875070844e-15  5.986410791911104e-16  1.338023946817887e-16  2.2835969399328816e-17  2.7199687308342126e-18  
5.601145467556657e-10  1.9423818625273673e-10  6.688593979690644e-11  2.2816958603187396e-11  7.686763338778522e-12  2.5467052850193595e-12  8.251731156814434e-13  2.595481275916036e-13  7.846878069956474e-14  2.2503370629361243e-14  6.01482249328218e-15  1.4636089972587213e-15  3.142358093091659e-16  5.709269124710644e-17  8.302662182659564e-18  8.972608427960706e-19  6.52652195502925e-20  2.800022605927181e-21  5.941375562930275e-23  4.930405129072854e-25  
3.897542817650204e-10  2.0475714246536232e-10  1.0706601140728379e-10  5.563520211636777e-11  2.867001028321478e-11  1.4610963515310663e-11  7.336564294359676e-12  3.611790410573526e-12  1.7318302727074082e-12  8.017209975543611e-13  3.54148313565492e-13  1.4696093976462589e-13  5.6107379700696004e-14  1.9167538458542627e-14  5.646006055522668e-15  1.3648211616547142e-15  2.5347777804562623e-16  3.312496932102972e-17  2.7090122199844298e-18  1.1858087997685398e-19  
3.7900570822925243e-10  1.0959056359452907e-10  2.366594737498988e-11  3.4627027734817243e-12  3.014825525543243e-13  1.3136336899524003e-14  2.2739626336637535e-16  1.1494221519338793e-18  1.1252736908092921e-21  1.2340871208995145e-25  7.305782203552891e-31  8.818474938818851e-38  5.924841462599254e-47  3.9229361357583024e-59  2.5439891703605695e-75  7.435175190887423e-97  1.613952653376851e-125  1.0903875893681156e-163  1.5474031313848204e-214  2.7269970694156765e-282  
1.0573922622687284e-10  1.2799820816072246e-10  1.2623325637219339e-10  9.472467392190215e-11  4.937298434409908e-11  1.5829545246749716e-11  2.654676060938828e-12  1.8760902984689624e-13  4.188168638793332e-15  2.0109660402659962e-17  1.2439606673541695e-20  5.004986817936606e-25  5.264637750004196e-31  4.294000063021073e-39  5.370267906591181e-50  1.1860990267349327e-64  2.591362284293912e-84  1.1996010887529686e-110  6.994536292312515e-146  5.526176823998316e-193  
4.048659290900537e-10  2.027763458759671e-10  1.0121227691806583e-10  5.028771914882501e-11  2.4833661768927655e-11  1.2164264668312961e-11  5.894115780685374e-12  2.81492945107751e-12  1.3186713958127815e-12  6.020478898264089e-13  2.655974485547595e-13  1.1192965513689338e-13  4.437795007537452e-14  1.6220045338649622e-14  5.318803144534287e-15  1.509163436332442e-15  3.5307000105782395e-16  6.386150991974605e-17  8.19599377409001e-18  6.6565335490282655e-19  
4.0482649066127513e-10  2.0331511481399397e-10  1.0173696290705678e-10  5.066002337127896e-11  2.506234031148299e-11  1.2291460428511252e-11  5.958708568131067e-12  2.844388501159273e-12  1.3300722592873546e-12  6.050983146221872e-13  2.653751509124766e-13  1.1083315822846741e-13  4.336859600743895e-14  1.555740980898247e-14  4.970123210880833e-15  1.3604360437755356e-15  3.030293036073621e-16  5.1278461671615707e-17  6.014802626210935e-18  4.327720563800096e-19  
4.614875777048666e-10  2.1959449631553003e-10  1.0455919923513814e-10  4.98282437414023e-11  2.3773093273646282e-11  1.1359475482749104e-11  5.4389401619672144e-12  2.6112493209007585e-12  1.2582106688576829e-12  6.091907511401436e-13  2.9685669782298333e-13  1.4590351213675527e-13  7.253580999959576e-14  3.661540860831997e-14  1.8862944438930344e-14  9.984714592505737e-15  5.479885279594982e-15  3.156141180574661e-15  1.93855224141612e-15  1.2973346793805664e-15  
4.0974120870809674e-10  2.0315622925039774e-10  1.0045772105799188e-10  4.949711118306021e-11  2.4271720444975508e-11  1.1826415039902275e-11  5.7136584889749855e-12  2.729310149082626e-12  1.2841837633888478e-12  5.921718904233944e-13  2.658246153151833e-13  1.1512671884581601e-13  4.7533395149695294e-14  1.8413655176691728e-14  6.551899884332556e-15  2.0814644143951343e-15  5.684960575868194e-16  1.2692559721103744e-16  2.165902470653305e-17  2.582639870167727e-18  
6.925791077246021e-12  1.5181813282731922e-11  2.511686559502461e-11  2.8551852931245337e-11  1.9677741299220694e-11  6.95832601694909e-12  1.0105657047126664e-12  4.479800283084313e-14  4.0803889516966694e-16  4.504849492846343e-19  2.9821835684704345e-23  4.630832427739148e-29  4.825081825532852e-37  6.356763786806643e-48  1.143589163784771e-62  1.444265820491931e-82  2.446314920748286e-109  2.8361926141668572e-145  1.9756623483521792e-193  6.940580269945589e-258  
2.0621618003039907e-10  1.4439018546200165e-10  9.529157260089063e-11  5.811688451316685e-11  3.190448392550787e-11  1.5221634349176576e-11  6.022908513263739e-12  1.8568772203787395e-12  4.1043934056902065e-13  5.821113747641611e-14  4.568588312242042e-15  1.628801162798339e-16  2.027541727922848e-18  6.2040194645890306e-21  2.9223397304115674e-24  1.1352922218306878e-28  1.5826078977542924e-34  2.609468826710613e-42  1.158561890386681e-52  1.9248081152260983e-66  
4.091935352975103e-10  2.0211405259897712e-10  9.956473448403068e-11  4.88730447526154e-11  2.3876613545167566e-11  1.1591197721487085e-11  5.5798138942069586e-12  2.655980279818911e-12  1.245414837667825e-12  5.724190460226003e-13  2.5616922162935115e-13  1.1063386541846787e-13  4.556632504086491e-14  1.7616613178939164e-14  6.2597788987832195e-15  1.9876178651202746e-15  5.431844911003602e-16  1.2152631745014017e-16  2.082196179405207e-17  2.4995141441048644e-18  
2.8465762319297535e-10  1.567131735227334e-10  8.609159788920465e-11  4.716059684228954e-11  2.5736447467696843e-11  1.3973932382897223e-11  7.536260564744278e-12  4.027933220752285e-12  2.1271265710612346e-12  1.1054769939462954e-12  5.623825685164515e-13  2.780651760955548e-13  1.3236378415222196e-13  5.989617256846637e-14  2.5333854046288516e-14  9.792517024673338e-15  3.3568702439745558e-15  9.804553659910103e-16  2.313016646095435e-16  4.1044577261875944e-17  
8.723433007560652e-11  5.196335504869166e-11  3.081015033641239e-11  1.8155403790373448e-11  1.0610555407187293e-11  6.133331844632499e-12  3.4937253722376102e-12  1.951604488134936e-12  1.0621216144298366e-12  5.58290728270926e-13  2.8016597058676995e-13  1.321675885325155e-13  5.74163591685947e-14  2.2346408610561343e-14  7.5113738478266e-15  2.0765311662590185e-15  4.4233517208226836e-16  6.655823410821468e-17  6.2999936174694e-18  3.213842302310443e-19  
3.2899803927737564e-10  1.80520712046507e-10  9.803271352558435e-11  5.250828608807234e-11  2.761217681423702e-11  1.4168588667084857e-11  7.036468176902414e-12  3.3454132914770976e-12  1.5007113014861365e-12  6.229830237529728e-13  2.332157360429264e-13  7.606201323745025e-14  2.0641327422940096e-14  4.383680226007294e-15  6.713701052892517e-16  6.648968542879839e-17  3.68188149635993e-18  9.390791016520945e-20  8.518445269213503e-22  1.946712288341354e-24  
3.385015778399138e-10  1.6571816492150045e-10  8.110902991440245e-11  3.968452405745855e-11  1.940782885593425e-11  9.485737587918049e-12  4.632510109442648e-12  2.2599373637683977e-12  1.1009206499920661e-12  5.352889786604603e-13  2.5960755121941214e-13  1.2548017415059556e-13  6.037692521671344e-14  2.8876903324375005e-14  1.3700657722213186e-14  6.431018903988932e-15  2.9758706009938834e-15  1.351061076822676e-15  5.980028804770082e-16  2.558699590113027e-16  
4.0625387905437853e-10  2.029652525098145e-10  1.011184191907201e-10  5.019007312771867e-11  2.478812735465919e-11  1.2161495413754523e-11  5.914066380073894e-12  2.8422304630031318e-12  1.3446107995630652e-12  6.228998522245594e-13  2.805975767313908e-13  1.21769743665129e-13  5.027802408667066e-14  1.942632831987411e-14  6.870095517772697e-15  2.159104354028029e-15  5.79731090233301e-16  1.2618938567416876e-16  2.0761542435332332e-17  2.3517669307630546e-18  
4.026680933421929e-10  2.0134579620546713e-10  1.0035995106169234e-10  4.9812853859794366e-11  2.458515060673551e-11  1.2043086798058718e-11  5.8404566430391916e-12  2.7947761730664424e-12  1.3137149848043504e-12  6.030116142776447e-13  2.6814855393763876e-13  1.1430265793099826e-13  4.605129647362825e-14  1.7209265502384225e-14  5.8173240023042064e-15  1.7202698202520895e-15  4.2560706353490225e-16  8.300898420729283e-17  1.1789461337813382e-17  1.0969168390565331e-18  
2.9709230151897685e-10  1.6406224233260637e-10  9.010730161512674e-11  4.9131083595799365e-11  2.6530501753806402e-11  1.4142433430720197e-11  7.410050692545762e-12  3.794384019923736e-12  1.8843298729726856e-12  8.983194658440851e-13  4.0555116484242266e-13  1.702592302848668e-13  6.48788739742433e-14  2.1726587987694238e-14  6.124396735886831e-15  1.372036867843026e-15  2.26268301331362e-16  2.4800698882440386e-17  1.5765718723439279e-18  4.846914163125518e-20  
2.1062933428313107e-10  1.2184608800091177e-10  7.008191775342745e-11  4.000080804440225e-11  2.259897755785619e-11  1.2594597734947583e-11  6.892540733927378e-12  3.681619795229238e-12  1.9039226003005595e-12  9.43028191695347e-13  4.4097765606300954e-13  1.9098202307010195e-13  7.466907806504902e-14  2.547087855666848e-14  7.243398281298992e-15  1.6161674348262523e-15  2.6093835148559815e-16  2.7367795726320556e-17  1.6147561280616702e-18  4.4239888616892154e-20  
2.2233245117244712e-10  1.2023505166789182e-10  6.477698980102756e-11  3.472364934533401e-11  1.848911507938795e-11  9.757110576415654e-12  5.087972015062843e-12  2.6113098534352633e-12  1.312072228641204e-12  6.408693999852399e-13  3.014363518518617e-13  1.3482518624695245e-13  5.639077651778965e-14  2.156693833488388e-14  7.320702808754124e-15  2.1194302143123434e-15  4.962972723440893e-16  8.757682972095238e-17  1.0596916789776116e-17  7.752878382617552e-19  
4.0524668009444983e-10  2.027182388899964e-10  1.0109318936333599e-10  5.02063140545965e-11  2.479729242561155e-11  1.215800690313094e-11  5.9029554291818684e-12  2.8288363108215974e-12  1.3322528548075387e-12  6.130343116869894e-13  2.7348911887338676e-13  1.1707629961734258e-13  4.743433018745334e-14  1.785823472170118e-14  6.096411091781778e-15  1.826509423049676e-15  4.598062460423201e-16  9.177420525895124e-17  1.3441194279238346e-17  1.3028419855340195e-18  
4.4782750741020567e-10  2.1759084458635157e-10  1.05513663851359e-10  5.1030239456668056e-11  2.4593143745695494e-11  1.1796601837795262e-11  5.623085035715797e-12  2.658020613041138e-12  1.2424987835802858e-12  5.722308495477721e-13  2.583621581241905e-13  1.1360428350908252e-13  4.8220965860281814e-14  1.9527264697717567e-14  7.42669333634104e-15  2.59782088032145e-15  8.127598803829933e-16  2.1912502932929294e-16  4.844457249009381e-17  8.220153734535979e-18  
3.4624509146479574e-10  1.7560514145395425e-10  8.889924783471705e-11  4.4895395975848504e-11  2.2599342721260416e-11  1.1326870132429563e-11  5.644391921242818e-12  2.791138799716254e-12  1.3661166569069932e-12  6.595525565628016e-13  3.1266812039869546e-13  1.4465931503739657e-13  6.47906036597742e-14  2.7789373584283937e-14  1.1250627972241401e-14  4.217402875947514e-15  1.4267051199825795e-15  4.2089719987172324e-16  1.0345311858150719e-16  1.9934126243119984e-17  
4.006864758336212e-10  2.0018441305228767e-10  9.971322845169956e-11  4.946951395484881e-11  2.4412109605336458e-11  1.1961425676367845e-11  5.805504364275039e-12  2.7822876229112887e-12  1.3111019668902008e-12  6.040868361990324e-13  2.701044345257638e-13  1.160346041033716e-13  4.725756685861578e-14  1.7924822385502984e-14  6.1834679418092855e-15  1.879576243303584e-15  4.82626931857197e-16  9.895727753310146e-17  1.5030669214292265e-17  1.5301837160308473e-18  
4.10286453287591e-10  1.9623830059747017e-10  9.319611843815772e-11  4.384309794031231e-11  2.0366810118536326e-11  9.303255029851303e-12  4.155267351442401e-12  1.801208666004747e-12  7.502303914474085e-13  2.9628484910499366e-13  1.0899304186196281e-13  3.64738568962065e-14  1.0758415756276579e-14  2.6817375256570223e-15  5.340790564483122e-16  7.885058769923366e-17  7.810161509555797e-18  4.54314656085153e-19  1.299567579535708e-20  1.4427027476654454e-22  
4.845649028181425e-10  2.258223141370365e-10  1.0513872457064086e-10  4.888771575854828e-11  2.2692983776610394e-11  1.050968599120261e-11  4.852468581118822e-12  2.2313547066705077e-12  1.0205117621849503e-12  4.63366891920094e-13  2.0837302921833264e-13  9.2506003067706e-14  4.036885993924407e-14  1.7218125131188002e-14  7.123177639957619e-15  2.8293754758892212e-15  1.0644924776259075e-15  3.725378858282117e-16  1.183841334178775e-16  3.3077723384098273e-17  
5.643216175930198e-10  2.5864793987411356e-10  8.333470666053579e-11  1.6781344063479885e-11  1.8056535915859624e-12  8.422999006367957e-14  1.2890317453509787e-15  4.462608930144595e-18  2.1289417218803858e-21  7.226196676582801e-26  7.227719543563284e-32  6.5755523482466375e-40  1.1348326533872756e-50  4.593858330687459e-65  2.6857703407941507e-84  5.511168454979978e-110  2.7920021986708436e-144  4.702171248832294e-190  3.9096351345692246e-251  0.0  
3.661092710438632e-10  1.87828833841712e-10  9.617337128190482e-11  4.9113623889836077e-11  2.4993187873233774e-11  1.2659146286145909e-11  6.371928904190696e-12  3.180645234534966e-12  1.5701070671654208e-12  7.636635006065793e-13  3.6415411806655234e-13  1.691274248460383e-13  7.583473693976929e-14  3.244540825442741e-14  1.3039942730896782e-14  4.821433622003855e-15  1.595048806073561e-15  4.549451538657578e-16  1.064751770692692e-16  1.9142289924981986e-17  
4.463138902494573e-10  2.2103394050960916e-10  1.0888074018695274e-10  5.3252594615126964e-11  2.5798435913845875e-11  1.2340395078812983e-11  5.80373834042356e-12  2.668553811545092e-12  1.1905878159180557e-12  5.102709916309788e-13  2.0728872503471398e-13  7.84018981677556e-14  2.6959164847329898e-14  8.164265557927215e-15  2.0871734508780796e-15  4.256903099648877e-16  6.423951758812848e-17  6.487099327438103e-18  3.834002299949328e-19  1.1092135239822848e-20  
4.468684346373012e-10  2.2166729432090293e-10  1.0982101664293742e-10  5.431899528166386e-11  2.6807795433029712e-11  1.319150759017829e-11  6.465857571583618e-12  3.1527437804263193e-12  1.5265999718174656e-12  7.323633874893225e-13  3.4701398452579035e-13  1.6173038499944425e-13  7.373391639073682e-14  3.264243654519545e-14  1.3895735777822848e-14  5.614213739456236e-15  2.1156149356316054e-15  7.264944979843307e-16  2.204031562037126e-16  5.668213503091191e-17  
4.4230198551340667e-10  2.110854364985973e-10  1.006740934287353e-10  4.797377540238397e-11  2.2834540786650262e-11  1.0852176764333141e-11  5.147024485639708e-12  2.4345302433777643e-12  1.147360720061462e-12  5.38128058669395e-13  2.507679578239249e-13  1.1585788185773734e-13  5.291773783033292e-14  2.3803393702051065e-14  1.0491183224642474e-14  4.499929493466109e-15  1.86142518766902e-15  7.336586158766223e-16  2.7111273696780335e-16  9.193421518274153e-17  
3.7499000973406036e-10  1.9216287127221508e-10  9.80207384527742e-11  4.9693283797308284e-11  2.498725612805362e-11  1.2427782155052604e-11  6.091721749883085e-12  2.928512689757755e-12  1.371829307561785e-12  6.207910955808712e-13  2.6827362159989277e-13  1.0902417836592738e-13  4.0820576029924195e-14  1.3701791337037865e-14  3.975476542838731e-15  9.497456303102441e-16  1.750993588430629e-16  2.2849997806191274e-17  1.880869572091871e-18  8.374420602152218e-20  
4.67448720448231e-10  2.2001563909547838e-10  1.0359683659810459e-10  4.880570848726168e-11  2.300928058356517e-11  1.0857918344116045e-11  5.13024764931762e-12  2.4280697708775027e-12  1.1517517902220576e-12  5.479698735362749e-13  2.6175085962183416e-13  1.2569887983919396e-13  6.079356459172526e-14  2.968212139294119e-14  1.4676231076526207e-14  7.379804852756595e-15  3.7951088166237034e-15  2.0109631530287365e-15  1.108971721972518e-15  6.449935878082221e-16  
4.1809755434641663e-10  2.0779841932204046e-10  1.0296891993191168e-10  5.0820106476202975e-11  2.4948933483446158e-11  1.2161411008944062e-11  5.872226372669675e-12  2.7998620085042335e-12  1.312671698034266e-12  6.017578727095554e-13  2.677197999945733e-13  1.1444429786914631e-13  4.638502963220872e-14  1.7511251408206995e-14  6.0134672066148835e-15  1.8200481006499476e-15  4.654760505741567e-16  9.509845601461546e-17  1.440058420698126e-17  1.4626361962367874e-18  
3.42238486956075e-10  1.8436185108629896e-10  9.779468645677385e-11  5.081916345345788e-11  2.5693828686652466e-11  1.2524103321086416e-11  5.8141131413033526e-12  2.5291525430060726e-12  1.0087902303818403e-12  3.5842532740321307e-13  1.0914814812975004e-13  2.705917789209296e-14  5.099216091744535e-15  6.6658768826709e-16  5.350586049920039e-17  2.241261346200796e-18  3.9439066919769166e-20  2.1831348172814404e-22  2.58483640005746e-25  3.9137314077098653e-29  
2.9967440109168487e-10  1.6673776015106984e-10  9.1915368209405e-11  5.00458430309749e-11  2.6802861152630263e-11  1.4042269844856379e-11  7.144124629761462e-12  3.4951493063281596e-12  1.6230027290420613e-12  7.029928592728323e-13  2.7751156556180514e-13  9.679844060215148e-14  2.8627823113404354e-14  6.794201082347346e-15  1.2023861541580554e-15  1.4387971335457547e-16  1.021699615189936e-17  3.6176650806096626e-19  5.0642902514609694e-21  2.0567419974142298e-23  
3.8259520562861874e-10  1.9653492466524635e-10  1.0047269994172854e-10  5.1034850488722196e-11  2.5701926618032686e-11  1.2796873894110848e-11  6.275191822818162e-12  3.0152876625238768e-12  1.410155507526401e-12  6.36089757438368e-13  2.7343306422779857e-13  1.1022701114230258e-13  4.078736223204664e-14  1.3463469564189764e-14  3.816255248219166e-15  8.828849725112403e-16  1.5578870249836869e-16  1.9155750377961475e-17  1.4550392279473376e-18  5.814253811035903e-20  
4.176718712655364e-10  2.0340047401758947e-10  9.899945381331997e-11  4.815030758008082e-11  2.3396228055515883e-11  1.1353590645220415e-11  5.500151504030071e-12  2.658406029546134e-12  1.2809773192836877e-12  6.147416040471185e-13  2.934166969935275e-13  1.390373028458276e-13  6.525036969229791e-14  3.0230175752539295e-14  1.3766981210575509e-14  6.127582496748212e-15  2.645296004613608e-15  1.0964018815982488e-15  4.3040349626465666e-16  1.5715374494222286e-16  
7.411898025293511e-11  8.656218426990831e-11  8.653685320213213e-11  7.03115680404175e-11  4.3328393565232414e-11  1.8466700141213554e-11  4.813604757239473e-12  6.513243078176929e-13  3.676192304152056e-14  6.465863001061384e-16  2.4021271034143033e-18  1.1222597750977991e-21  3.3021135549436203e-26  2.433322472599365e-32  1.3129601263771014e-40  1.0063769750178727e-51  1.2302988188876877e-66  1.2987750663130945e-86  2.42364695241681e-113  4.473877180691878e-149  
4.153784161552292e-10  2.0616054131068538e-10  1.0213701494076298e-10  5.047952842108551e-11  2.4868708843868175e-11  1.219921873335029e-11  5.950199928031387e-12  2.880215465480314e-12  1.380097011071955e-12  6.524016440625469e-13  3.0288685889394746e-13  1.372748397219512e-13  6.025036264200837e-14  2.5335921457026425e-14  1.0062857844336881e-14  3.703776461666263e-15  1.231630324433222e-15  3.577041026998068e-16  8.672953143740727e-17  1.6529563026171705e-17  
3.8950784568291095e-10  1.9703866119415097e-10  9.952909769983588e-11  5.0176427932373695e-11  2.5230004476469822e-11  1.2642275571650507e-11  6.30550698812463e-12  3.1255767621580746e-12  1.5365983231651904e-12  7.471650873035905e-13  3.580194282638909e-13  1.682314415414439e-13  7.70170484516562e-14  3.405414312343729e-14  1.4375447677705876e-14  5.704620961472703e-15  2.084646802076474e-15  6.82493428577e-16  1.9297566718220068e-16  4.487578951326282e-17  
4.1631914008137246e-10  2.0910018960891397e-10  1.0434051201891569e-10  5.161527977994456e-11  2.5238988473258164e-11  1.215222423964128e-11  5.731811534540825e-12  2.6302442315260963e-12  1.1635598768179423e-12  4.901884246365996e-13  1.9348274821936415e-13  7.001471030433531e-14  2.2564188441777995e-14  6.230915181580035e-15  1.4002543782068275e-15  2.390795958641334e-16  2.829846910190166e-17  2.054943633343422e-18  7.778318089299465e-20  1.2349518168002614e-21  
3.7146130920067063e-10  1.872804357598074e-10  9.412190806879273e-11  4.7102947959879084e-11  2.3439617134215477e-11  1.157655188710162e-11  5.660337947362642e-12  2.73076242345784e-12  1.2940834138558048e-12  5.988088699094538e-13  2.684163909300131e-13  1.153241819309664e-13  4.6825489465207664e-14  1.763222458367228e-14  6.004490851202316e-15  1.7882550014562665e-15  4.454004677238087e-16  8.740733907165309e-17  1.2482272820160526e-17  1.1666614889067582e-18  
3.8096294098657337e-10  1.9224973929700173e-10  9.681125462763169e-11  4.861330828279152e-11  2.4318862702596144e-11  1.2104384454426226e-11  5.984440662241525e-12  2.9323271124563693e-12  1.4197477665983374e-12  6.765328660794786e-13  3.156001535897678e-13  1.431126128461089e-13  6.248937276865815e-14  2.594466491505998e-14  1.0071729288132811e-14  3.5747030367324795e-15  1.1258360983087732e-15  3.02342807136181e-16  6.56493033965917e-17  1.0737040448547122e-17  
4.3127634109586926e-10  2.1041948641521872e-10  1.0253449024275903e-10  4.9879890589870186e-11  2.4210821788496263e-11  1.1716505064838169e-11  5.647536950121682e-12  2.707798497940706e-12  1.2891442788136513e-12  6.079810239512749e-13  2.831493101628785e-13  1.2967490637131633e-13  5.807398263177553e-14  2.5243666057771797e-14  1.0545026381103022e-14  4.177395259246122e-15  1.541851951793205e-15  5.178606874395071e-16  1.5337446377373061e-16  3.8409856885906205e-17  
2.0374945303366305e-10  1.265151561687889e-10  7.713494729070564e-11  4.5896020159592584e-11  2.643527441576895e-11  1.4580415597139936e-11  7.590239665982041e-12  3.658213332986791e-12  1.5909146291436342e-12  6.03256584121752e-13  1.9053840872755568e-13  4.716448438147279e-14  8.435235198163314e-15  9.780299396119057e-16  6.362124466511036e-17  1.9148365275377798e-18  2.062074378843512e-20  5.639627637955418e-23  2.4799859167375745e-26  9.531668649151842e-31  
3.978523570348432e-10  2.022929370872481e-10  1.0239522847096879e-10  5.151874834004121e-11  2.5713775112911006e-11  1.2697522654953917e-11  6.1812280455093265e-12  2.9523387771941725e-12  1.3747917996301336e-12  6.188869988345993e-13  2.6631028155717695e-13  1.079022131133132e-13  4.034802804346877e-14  1.355627731923776e-14  3.948978100153069e-15  9.510110189966964e-16  1.776967772879137e-16  2.3670661563703622e-17  2.0079954283119628e-18  9.331973255156887e-20  
4.056617896678683e-10  2.0095016381915054e-10  9.928676733829047e-11  4.888764961552372e-11  2.396144688127955e-11  1.167261073053022e-11  5.639975835474596e-12  2.6956169994037644e-12  1.2697956755893165e-12  5.866799777322313e-13  2.641533541316007e-13  1.149102588074171e-13  4.7744396790898815e-14  1.8659364477361403e-14  6.720692978585714e-15  2.170942341162756e-15  6.064984028711642e-16  1.3961391102363309e-16  2.482573534467048e-17  3.1286260266773604e-18  
4.1954997473575235e-10  2.115575811726882e-10  1.0623057381320447e-10  5.304423289288058e-11  2.628955954230117e-11  1.2900399445676285e-11  6.246764600624394e-12  2.9717724426218936e-12  1.3807628243456273e-12  6.216484510008677e-13  2.683681883161906e-13  1.095454456543435e-13  4.149755682161897e-14  1.422976873530479e-14  4.272622293641323e-15  1.0746707835480875e-15  2.134458033710107e-16  3.0940131616585485e-17  2.9468686346172307e-18  1.6031366082030504e-19  
4.181165760832718e-10  2.071453400444108e-10  1.0232394720727705e-10  5.034754224939563e-11  2.4643975913437458e-11  1.197893468736629e-11  5.7688813971797894e-12  2.7440093542440644e-12  1.2838254221738843e-12  5.875708129486627e-13  2.611306225758481e-13  1.1159484236550967e-13  4.526323058382935e-14  1.712364358566755e-14  5.9034614487286674e-15  1.7981375964381633e-15  4.643048042978331e-16  9.618825091487764e-17  1.4855057698477942e-17  1.5506505953622184e-18  
3.710430685792867e-10  1.8181009670527737e-10  8.898186028220679e-11  4.3481509508899207e-11  2.120315465480519e-11  1.0310660675157559e-11  4.995271987615707e-12  2.4081322034808413e-12  1.1532739765943236e-12  5.47468028117889e-13  2.568520962458894e-13  1.1863257368986397e-13  5.366018396583262e-14  2.3604880796050243e-14  1.0005016046167861e-14  4.035702688032278e-15  1.523808367493898e-15  5.268446422858082e-16  1.6196292713913648e-16  4.2570967160152293e-17  
3.7769094869537333e-10  1.9039643864702743e-10  9.567124897241638e-11  4.786715795288853e-11  2.381249627906172e-11  1.1755826946014713e-11  5.744807155947742e-12  2.769463043171271e-12  1.311127869122589e-12  6.05897066678878e-13  2.711168098204047e-13  1.1621168578897883e-13  4.703855724087794e-14  1.7638755908514445e-14  5.973405808781759e-15  1.7658531328219725e-15  4.3549251273719854e-16  8.434319927106935e-17  1.1834703800101613e-17  1.08049388839148e-18  
3.940969883692777e-10  1.992885256918997e-10  1.0046584184508647e-10  5.0438664860118983e-11  2.5183751616764193e-11  1.2482236629074569e-11  6.126568796385984e-12  2.968100791539972e-12  1.4131474481208357e-12  6.573927297996178e-13  2.9650489432555983e-13  1.283302514543332e-13  5.257062421561457e-14  2.0012834771109268e-14  6.908810462528669e-15  2.093448179222564e-15  5.330846644538891e-16  1.0765048908293592e-16  1.595626865331555e-17  1.5658449733237496e-18  
3.9988639500193e-10  2.0024916575681203e-10  9.99319345570566e-11  4.9640587827995475e-11  2.4507624362149233e-11  1.2000718564656254e-11  5.8125709371819736e-12  2.7746083845024028e-12  1.2989641040233803e-12  5.925709921016435e-13  2.6114309842326396e-13  1.0990238844797061e-13  4.349631811862619e-14  1.5860439798449422e-14  5.184749132994272e-15  1.4650903255272605e-15  3.408955453821215e-16  6.121474954132862e-17  7.781083860702286e-18  6.239190532147123e-19  
4.2489028924369e-10  2.1113669268291265e-10  1.0457355097720604e-10  5.156733698455759e-11  2.528056670379951e-11  1.2297328195925975e-11  5.919929877399384e-12  2.810588712967799e-12  1.3099161066893681e-12  5.95628432434044e-13  2.620714324892631e-13  1.1035982966307084e-13  4.383236251883462e-14  1.6102648633310777e-14  5.331116255551405e-15  1.5363436064039793e-15  3.6797054130811434e-16  6.886448223007824e-17  9.274718892513054e-18  8.055212372266379e-19  
4.1402538178987953e-10  2.0517800229189015e-10  1.0140335620149658e-10  4.9934101692913675e-11  2.447032269958202e-11  1.1914572945173927e-11  5.7514653628554785e-12  2.7446870037269337e-12  1.2899075678494407e-12  5.939616000567583e-13  2.661553267702241e-13  1.1501268813473457e-13  4.735128586131533e-14  1.827599738221127e-14  6.4720645434879135e-15  2.0433722110818157e-15  5.535624238398908e-16  1.2227167192727425e-16  2.0570993224687148e-17  2.4072580550193345e-18  
4.2977146909724376e-10  2.1902360709071543e-10  1.1129339284167946e-10  5.6331036618608874e-11  2.8363445874043077e-11  1.4182310792513152e-11  7.0259239666288335e-12  3.4378246619946313e-12  1.6546066360007921e-12  7.790143685591792e-13  3.561617412357732e-13  1.5658426600036045e-13  6.533980804413605e-14  2.5431686490131727e-14  9.021045625717049e-15  2.8273325688011117e-15  7.512846771955088e-16  1.6018757971166701e-16  2.546619513176881e-17  2.737094912628908e-18  
3.9425159144864633e-10  1.985891470374893e-10  9.976975593977865e-11  4.9948665213542205e-11  2.488994950849276e-11  1.232605114049966e-11  6.053731689521209e-12  2.9404967182439013e-12  1.407392059094413e-12  6.604968914417206e-13  3.019533828967404e-13  1.3329835779908831e-13  5.616441155643508e-14  2.2238005725352476e-14  8.104439741051964e-15  2.6444382553953593e-15  7.445819973417351e-16  1.7222828481156095e-16  3.065002406721966e-17  3.845164667090439e-18  
4.0224882280054714e-10  2.018688283669085e-10  1.009812460400411e-10  5.0296901779985175e-11  2.490845469500369e-11  1.2241235601948545e-11  5.954797491052487e-12  2.857539615529793e-12  1.346566403150158e-12  6.193585545776032e-13  2.7582036498535905e-13  1.1765244986413297e-13  4.738338089532648e-14  1.767585058168443e-14  5.9534304093376654e-15  1.7498042758732369e-15  4.288586554277513e-16  8.249495643941893e-17  1.1487852240547686e-17  1.0398120859545076e-18  
4.1871367352039467e-10  2.084367814159791e-10  1.0345002605517996e-10  5.113897045950557e-11  2.5145476530769207e-11  1.2276729212374015e-11  5.9373336949487075e-12  2.835398460700386e-12  1.3314377139469474e-12  6.113243844293802e-13  2.724036326488112e-13  1.1662868291846278e-13  4.7343786056857405e-14  1.7900689714524902e-14  6.156534179049405e-15  1.8661279645855047e-15  4.779557480601655e-16  9.778563304495737e-17  1.4827417737623127e-17  1.5078877128499193e-18  
4.225070285798164e-10  2.0876509029379978e-10  1.0294712913164697e-10  5.0630669419395184e-11  2.481248743371848e-11  1.2102346664150003e-11  5.8657743662273256e-12  2.8191785004245077e-12  1.3398033229075646e-12  6.272686961727354e-13  2.878660216857322e-13  1.286346200809455e-13  5.547500912440289e-14  2.2817255053416772e-14  8.810371253268418e-15  3.127084312373729e-15  9.919676673089478e-16  2.7089209061978806e-16  6.058113491295187e-17  1.0379709418673785e-17  
3.9619547480567686e-10  1.9915442865511818e-10  9.97522452631352e-11  4.9726906011320364e-11  2.4632464867085745e-11  1.209912660267079e-11  5.876324458349221e-12  2.8114523145433246e-12  1.3184147715531036e-12  6.01959038669993e-13  2.652188320546642e-13  1.1143003063428792e-13  4.3941703626464645e-14  1.5923872298245362e-14  5.155567187911383e-15  1.4362707038953776e-15  3.274613073349745e-16  5.7150376171102e-17  6.983989547244398e-18  5.306312248614473e-19  
4.497477466932124e-10  2.184956358287441e-10  1.0604596750210234e-10  5.140227006807566e-11  2.4872493818314382e-11  1.2007559455014922e-11  5.7790237621829345e-12  2.769957191582375e-12  1.3204331618308877e-12  6.248739108972991e-13  2.928495580822425e-13  1.3547658444366022e-13  6.159888149824459e-14  2.7369397034953523e-14  1.1792362930434844e-14  4.876686863637747e-15  1.909399425573847e-15  6.950159154981513e-16  2.2953811660089995e-16  6.658704395735334e-17  
4.1433236550291355e-10  2.0559149089932346e-10  1.0173453167648378e-10  5.0158059205420846e-11  2.4608861974529175e-11  1.1995358596304155e-11  5.796452390918496e-12  2.768728541796163e-12  1.3022357844758954e-12  6.000016824933e-13  2.689583853404091e-13  1.1622739455176739e-13  4.783179149885905e-14  1.8443093872804594e-14  6.519649234973725e-15  2.0526048681392856e-15  5.537298149806089e-16  1.215699997572521e-16  2.0279287885422273e-17  2.3452379547806806e-18  
4.2035771293393247e-10  2.07565697312836e-10  1.0227049680367825e-10  5.0244585216806465e-11  2.4589710628249313e-11  1.1972483839872307e-11  5.7894450045438046e-12  2.7740747217351004e-12  1.3131168123541457e-12  6.115419008824606e-13  2.7869635005771915e-13  1.2338930325158e-13  5.256253133444051e-14  2.126874777836347e-14  8.035740208570835e-15  2.7707372460580556e-15  8.456772457200753e-16  2.1937667487992352e-16  4.5814009864445104e-17  7.165027266082673e-18  
4.0641431370678416e-10  2.0190805842336456e-10  1.0003447508683223e-10  4.938109347724175e-11  2.4258169296027797e-11  1.1839590964907453e-11  5.72870755172693e-12  2.7400864755594757e-12  1.2905886085802755e-12  5.955223298587745e-13  2.6737583260803976e-13  1.157432968709684e-13  4.772354524524412e-14  1.8440942238666928e-14  6.535010551548533e-15  2.0634127558181415e-15  5.585799510794588e-16  1.231547660297486e-16  2.0651702823820017e-17  2.4041220090407183e-18  
4.0351254676803264e-10  2.013649133116317e-10  1.00205206773308e-10  4.967862020874352e-11  2.450635867393622e-11  1.2008654123503844e-11  5.83245052265176e-12  2.7993807123863585e-12  1.3225460468982843e-12  6.117992272643121e-13  2.751720847249204e-13  1.192140106424182e-13  4.913041840464355e-14  1.8942466594011602e-14  6.6824290914048936e-15  2.093986827323957e-15  5.602641862668204e-16  1.2142403062070638e-16  1.9869626528900515e-17  2.235370481625484e-18  
3.526738139691812e-10  1.8142888223908058e-10  9.313512562608586e-11  4.767443659358978e-11  2.431144175784485e-11  1.2335014332026035e-11  6.216413853672113e-12  3.104807795176195e-12  1.5322213341771667e-12  7.441548037026283e-13  3.537885450956214e-13  1.6348356284147667e-13  7.273362433690037e-14  3.076340088368368e-14  1.2163166084181753e-14  4.395459895403195e-15  1.408905456771231e-15  3.848658499122514e-16  8.494226434741634e-17  1.410706864474074e-17  
4.1240404123275197e-10  2.04549935223665e-10  1.011914110023333e-10  4.9885949123172185e-11  2.4479333347198546e-11  1.1938128065817414e-11  5.774212676246533e-12  2.76232753019131e-12  1.3022403298678122e-12  6.020289062575062e-13  2.7115790022449505e-13  1.179587070439507e-13  4.89897627780817e-14  1.912641925013354e-14  6.8763972600392505e-15  2.2148625600307567e-15  6.161243027855235e-16  1.4095881335000418e-16  2.4848677398406955e-17  3.0941584895464593e-18  
4.0028176084497784e-10  2.0081127826146606e-10  1.0041989723044099e-10  5.000310963328579e-11  2.475718891613051e-11  1.2164883419983077e-11  5.917210548822606e-12  2.839630736112577e-12  1.338402202947807e-12  6.158616835923274e-13  2.7445645889871436e-13  1.1719778819644357e-13  4.7275500950363405e-14  1.767567050585522e-14  5.972280042766308e-15  1.7630400188116772e-15  4.346938204992111e-16  8.429900313765326e-17  1.1868578270337542e-17  1.0902644433834924e-18  
4.087214203850367e-10  2.0338934558607828e-10  1.0088655973585499e-10  4.982843519761055e-11  2.4470298375302195e-11  1.1925911636197016e-11  5.7534767427644355e-12  2.7383160779901846e-12  1.2799360464816085e-12  5.840187539315322e-13  2.580527275112167e-13  1.092391566149109e-13  4.367460858750652e-14  1.618015833207479e-14  5.4150321233497515e-15  1.582572829156136e-15  3.8604787464978113e-16  7.400429414385885e-17  1.0287362597159701e-17  9.316084477874705e-19  
4.134925063815461e-10  2.047499715335062e-10  1.0111029718921613e-10  4.974931909895524e-11  2.4359716030390022e-11  1.1850809214528198e-11  5.715806746333374e-12  2.7252814210787268e-12  1.2796266791635122e-12  5.886693798295446e-13  2.6351959088902333e-13  1.1375134554200578e-13  4.677711546808114e-14  1.8030899079925928e-14  6.3758600777344974e-15  2.009569630956185e-15  5.433109506472515e-16  1.197170898968682e-16  2.0081532779510585e-17  2.3413120537832087e-18  
3.8890731032964245e-10  1.9631734770308005e-10  9.881073474517896e-11  4.95404385551185e-11  2.4709404018778996e-11  1.2239392935451683e-11  6.006901321178608e-12  2.912042534637228e-12  1.3887350218615673e-12  6.479462750176358e-13  2.936211943479561e-13  1.2797893131425133e-13  5.2961053149857384e-14  2.045156660117075e-14  7.201561548768082e-15  2.2422949526619775e-15  5.925204897949438e-16  1.2580368589643858e-16  1.9951304467965913e-17  2.1442527552274605e-18  
4.1430416920705817e-10  2.0538260253069647e-10  1.0153303347235426e-10  5.000920966917003e-11  2.451080342096565e-11  1.1934876684641368e-11  5.760783680712973e-12  2.7484139329379493e-12  1.2910142009151703e-12  5.939862150119058e-13  2.6583692887230407e-13  1.1466832316356127e-13  4.708915260831091e-14  1.81103408023825e-14  6.382117482380344e-15  2.001577401781105e-15  5.373571407905025e-16  1.1725148386478337e-16  1.9404821502536035e-17  2.22122736295566e-18  
4.075226997367933e-10  2.0356727886597196e-10  1.0135997775537219e-10  5.025291633630096e-11  2.4772546647323567e-11  1.2118970631195943e-11  5.8686892298999684e-12  2.8036431095160664e-12  1.3153607750392792e-12  6.024018365024159e-13  2.6714765933495635e-13  1.134955267846158e-13  4.553573223872853e-14  1.6927110925975438e-14  5.6835066099379345e-15  1.6661429893728186e-15  4.0758067096619253e-16  7.832624711022458e-17  1.091033069506645e-17  9.8944433019983e-19  
4.044079018664017e-10  2.0195723207404212e-10  1.0055312703305532e-10  4.9864717817645946e-11  2.4596480866238082e-11  1.204651005834311e-11  5.844228077581323e-12  2.79959883988379e-12  1.3186627515230676e-12  6.072898292354098e-13  2.714077332472114e-13  1.1653719600682376e-13  4.74378673064075e-14  1.7983423864583646e-14  6.200061079093143e-15  1.8834190174127748e-15  4.832710604038245e-16  9.900975306831965e-17  1.5024657411344395e-17  1.5278915939747152e-18  
3.9340366117383394e-10  1.9668906085068045e-10  9.80626762532568e-11  4.870826735748752e-11  2.4073275632027552e-11  1.1818944996140136e-11  5.751348872154736e-12  2.765816048124427e-12  1.3092603358210439e-12  6.068662143680413e-13  2.735124903843381e-13  1.1874502305279867e-13  4.9044390731573956e-14  1.8952802199244506e-14  6.702430109535926e-15  2.105799159800658e-15  5.650579535038725e-16  1.2286023362970746e-16  2.0179120375535006e-17  2.279993501632982e-18  
4.0135427433113807e-10  2.011981039689303e-10  1.0058126839973322e-10  5.00963883458544e-11  2.482886516948938e-11  1.2225175809437564e-11  5.96691530811662e-12  2.8785422477609688e-12  1.3671988567847882e-12  6.360207515332148e-13  2.8779498075934773e-13  1.2550354418750508e-13  5.2100298143828765e-14  2.0253604633924054e-14  7.213227293861824e-15  2.2857916698610513e-15  6.198792785460403e-16  1.3657864390973754e-16  2.2812967424969538e-17  2.633838951170953e-18  
3.992582158432007e-10  2.0001210483812162e-10  9.988199673473687e-11  4.966943837503865e-11  2.4561359570181735e-11  1.2054890177556278e-11  5.8578345805939205e-12  2.8088429227860338e-12  1.3231387462704886e-12  6.086934807258147e-13  2.7131704846328983e-13  1.1594886410980967e-13  4.684541752455643e-14  1.7560818074633923e-14  5.957338456635295e-15  1.7689878457561906e-15  4.3981827374422424e-16  8.629288289076775e-17  1.2346060251358143e-17  1.1592887343009041e-18  
4.1532609607969215e-10  2.0616749498240282e-10  1.0208498551647039e-10  5.0379163043776155e-11  2.4751581355517885e-11  1.2088483542381354e-11  5.857280699205237e-12  2.8081915250605474e-12  1.327491794128143e-12  6.158407067583288e-13  2.786197966020969e-13  1.2190725233929985e-13  5.101247249186885e-14  2.0113697104908907e-14  7.325897662226056e-15  2.4004602733578684e-15  6.83081519873464e-16  1.610515135542944e-16  2.954795318290427e-17  3.879983930680166e-18  
4.5810489307274345e-10  2.2235065895747833e-10  1.0760141095595793e-10  5.186471647857736e-11  2.4867095050381953e-11  1.1838854238492705e-11  5.583448045136304e-12  2.6003916592642202e-12  1.1909640769772189e-12  5.334028615894661e-13  2.318849542808418e-13  9.688014190994504e-14  3.8387250324266296e-14  1.4172777596920242e-14  4.7621690298791055e-15  1.411202811497714e-15  3.536797427777329e-16  7.089224897191958e-17  1.0548551407021693e-17  1.0549613686310927e-18  
