|                            Parameters |                      0 |                       1 |   2 |   3 |   4 |                       5 |   6 |   7 |                       8 |                       9 |  10 |  11 |  12 |                      13 |  14 |  15 |
|                 Source.spectral.index |   0.003837615953118616 |   3.899442612261654e-15 | 0.0 | 0.0 | 0.0 |  -5.164906276010603e-06 | 0.0 | 0.0 |  -7.489425199499448e-06 |  -7.478795483464253e-06 | 0.0 | 0.0 | 0.0 |  -0.0003658468670160398 | 0.0 | 0.0 |
|             Source.spectral.amplitude |  3.899442612261654e-15 |  1.7818498077050405e-26 | 0.0 | 0.0 | 0.0 |   6.530607286647649e-17 | 0.0 | 0.0 |  -1.536941146175519e-17 | -6.2533852034384365e-18 | 0.0 | 0.0 | 0.0 | -1.1448285874324058e-14 | 0.0 | 0.0 |
|             Source.spectral.reference |                    0.0 |                     0.0 | 0.0 | 0.0 | 0.0 |                     0.0 | 0.0 | 0.0 |                     0.0 |                     0.0 | 0.0 | 0.0 | 0.0 |                     0.0 | 0.0 | 0.0 |
|                  Source.spatial.lon_0 |                    0.0 |                     0.0 | 0.0 | 0.0 | 0.0 |                     0.0 | 0.0 | 0.0 |                     0.0 |                     0.0 | 0.0 | 0.0 | 0.0 |                     0.0 | 0.0 | 0.0 |
|                  Source.spatial.lat_0 |                    0.0 |                     0.0 | 0.0 | 0.0 | 0.0 |                     0.0 | 0.0 | 0.0 |                     0.0 |                     0.0 | 0.0 | 0.0 | 0.0 |                     0.0 | 0.0 | 0.0 |
|                  Source.spatial.sigma | -5.164906276010603e-06 |   6.530607286647649e-17 | 0.0 | 0.0 | 0.0 |   0.0001513219561916877 | 0.0 | 0.0 | -1.0163781474508112e-07 |   5.385133676213921e-08 | 0.0 | 0.0 | 0.0 |  -6.069141118553662e-06 | 0.0 | 0.0 |
|                      Source.spatial.e |                    0.0 |                     0.0 | 0.0 | 0.0 | 0.0 |                     0.0 | 0.0 | 0.0 |                     0.0 |                     0.0 | 0.0 | 0.0 | 0.0 |                     0.0 | 0.0 | 0.0 |
|                    Source.spatial.phi |                    0.0 |                     0.0 | 0.0 | 0.0 | 0.0 |                     0.0 | 0.0 | 0.0 |                     0.0 |                     0.0 | 0.0 | 0.0 | 0.0 |                     0.0 | 0.0 | 0.0 |
|           dataset N-bkg.spectral.norm | -7.489425199499448e-06 |  -1.536941146175519e-17 | 0.0 | 0.0 | 0.0 | -1.0163781474508112e-07 | 0.0 | 0.0 |   4.268152593961233e-06 |   2.375243457238902e-06 | 0.0 | 0.0 | 0.0 |  1.3843572919106443e-06 | 0.0 | 0.0 |
|           dataset N-bkg.spectral.tilt | -7.478795483464253e-06 | -6.2533852034384365e-18 | 0.0 | 0.0 | 0.0 |   5.385133676213921e-08 | 0.0 | 0.0 |   2.375243457238902e-06 |   3.846389203199632e-06 | 0.0 | 0.0 | 0.0 |   6.017520328153788e-07 | 0.0 | 0.0 |
|      dataset N-bkg.spectral.reference |                    0.0 |                     0.0 | 0.0 | 0.0 | 0.0 |                     0.0 | 0.0 | 0.0 |                     0.0 |                     0.0 | 0.0 | 0.0 | 0.0 |                     0.0 | 0.0 | 0.0 |
|       dataset N-irf.e_reco_model.bias |                    0.0 |                     0.0 | 0.0 | 0.0 | 0.0 |                     0.0 | 0.0 | 0.0 |                     0.0 |                     0.0 | 0.0 | 0.0 | 0.0 |                     0.0 | 0.0 | 0.0 |
| dataset N-irf.e_reco_model.resolution |                    0.0 |                     0.0 | 0.0 | 0.0 | 0.0 |                     0.0 | 0.0 | 0.0 |                     0.0 |                     0.0 | 0.0 | 0.0 | 0.0 |                     0.0 | 0.0 | 0.0 |
|  dataset N-irf.spectral.norm_nuisance | -0.0003658468670160398 | -1.1448285874324058e-14 | 0.0 | 0.0 | 0.0 |  -6.069141118553662e-06 | 0.0 | 0.0 |  1.3843572919106443e-06 |   6.017520328153788e-07 | 0.0 | 0.0 | 0.0 |    0.011816918411624733 | 0.0 | 0.0 |
|  dataset N-irf.spectral.tilt_nuisance |                    0.0 |                     0.0 | 0.0 | 0.0 | 0.0 |                     0.0 | 0.0 | 0.0 |                     0.0 |                     0.0 | 0.0 | 0.0 | 0.0 |                     0.0 | 0.0 | 0.0 |
|      dataset N-irf.spectral.reference |                    0.0 |                     0.0 | 0.0 | 0.0 | 0.0 |                     0.0 | 0.0 | 0.0 |                     0.0 |                     0.0 | 0.0 | 0.0 | 0.0 |                     0.0 | 0.0 | 0.0 |
