|                            Parameters |                       0 |                      1 |   2 |   3 |   4 |                       5 |   6 |   7 |                     8 |                     9 |  10 |                     11 |                     12 |                     13 |  14 |  15 |
|                 Source.spectral.index |     0.00383906873793667 |  4.537444313827292e-15 | 0.0 | 0.0 | 0.0 | -4.3674791832830865e-06 | 0.0 | 0.0 |                   0.0 |                   0.0 | 0.0 |                    0.0 |                    0.0 |                    0.0 | 0.0 | 0.0 |
|             Source.spectral.amplitude |   4.537444313827292e-15 | 2.0527397868072356e-26 | 0.0 | 0.0 | 0.0 |   5.658559284760298e-17 | 0.0 | 0.0 |                   0.0 |                   0.0 | 0.0 |                    0.0 |                    0.0 |                    0.0 | 0.0 | 0.0 |
|             Source.spectral.reference |                     0.0 |                    0.0 | 0.0 | 0.0 | 0.0 |                     0.0 | 0.0 | 0.0 |                   0.0 |                   0.0 | 0.0 |                    0.0 |                    0.0 |                    0.0 | 0.0 | 0.0 |
|                  Source.spatial.lon_0 |                     0.0 |                    0.0 | 0.0 | 0.0 | 0.0 |                     0.0 | 0.0 | 0.0 |                   0.0 |                   0.0 | 0.0 |                    0.0 |                    0.0 |                    0.0 | 0.0 | 0.0 |
|                  Source.spatial.lat_0 |                     0.0 |                    0.0 | 0.0 | 0.0 | 0.0 |                     0.0 | 0.0 | 0.0 |                   0.0 |                   0.0 | 0.0 |                    0.0 |                    0.0 |                    0.0 | 0.0 | 0.0 |
|                  Source.spatial.sigma | -4.3674791832830865e-06 |  5.658559284760298e-17 | 0.0 | 0.0 | 0.0 |  0.00012489884265589528 | 0.0 | 0.0 |                   0.0 |                   0.0 | 0.0 |                    0.0 |                    0.0 |                    0.0 | 0.0 | 0.0 |
|                      Source.spatial.e |                     0.0 |                    0.0 | 0.0 | 0.0 | 0.0 |                     0.0 | 0.0 | 0.0 |                   0.0 |                   0.0 | 0.0 |                    0.0 |                    0.0 |                    0.0 | 0.0 | 0.0 |
|                    Source.spatial.phi |                     0.0 |                    0.0 | 0.0 | 0.0 | 0.0 |                     0.0 | 0.0 | 0.0 |                   0.0 |                   0.0 | 0.0 |                    0.0 |                    0.0 |                    0.0 | 0.0 | 0.0 |
|           dataset N-bkg.spectral.norm |                     0.0 |                    0.0 | 0.0 | 0.0 | 0.0 |                     0.0 | 0.0 | 0.0 | 4.268054084185647e-06 | 2.375221300695922e-06 | 0.0 |                    0.0 |                    0.0 |                    0.0 | 0.0 | 0.0 |
|           dataset N-bkg.spectral.tilt |                     0.0 |                    0.0 | 0.0 | 0.0 | 0.0 |                     0.0 | 0.0 | 0.0 | 2.375221300695922e-06 | 3.846375565093526e-06 | 0.0 |                    0.0 |                    0.0 |                    0.0 | 0.0 | 0.0 |
|      dataset N-bkg.spectral.reference |                     0.0 |                    0.0 | 0.0 | 0.0 | 0.0 |                     0.0 | 0.0 | 0.0 |                   0.0 |                   0.0 | 0.0 |                    0.0 |                    0.0 |                    0.0 | 0.0 | 0.0 |
|       dataset N-irf.e_reco_model.bias |                     0.0 |                    0.0 | 0.0 | 0.0 | 0.0 |                     0.0 | 0.0 | 0.0 |                   0.0 |                   0.0 | 0.0 | 1.0000000000057499e-48 |  5.749985372884137e-60 | 2.1554692665523125e-31 | 0.0 | 0.0 |
| dataset N-irf.e_reco_model.resolution |                     0.0 |                    0.0 | 0.0 | 0.0 | 0.0 |                     0.0 | 0.0 | 0.0 |                   0.0 |                   0.0 | 0.0 |  5.749985372884137e-60 | 1.0000000000057499e-48 | 2.1554692665523125e-31 | 0.0 | 0.0 |
|  dataset N-irf.spectral.norm_nuisance |                     0.0 |                    0.0 | 0.0 | 0.0 | 0.0 |                     0.0 | 0.0 | 0.0 |                   0.0 |                   0.0 | 0.0 | 2.1554692665523125e-31 | 2.1554692665523125e-31 |   0.008080103613761287 | 0.0 | 0.0 |
|  dataset N-irf.spectral.tilt_nuisance |                     0.0 |                    0.0 | 0.0 | 0.0 | 0.0 |                     0.0 | 0.0 | 0.0 |                   0.0 |                   0.0 | 0.0 |                    0.0 |                    0.0 |                    0.0 | 0.0 | 0.0 |
|      dataset N-irf.spectral.reference |                     0.0 |                    0.0 | 0.0 | 0.0 | 0.0 |                     0.0 | 0.0 | 0.0 |                   0.0 |                   0.0 | 0.0 |                    0.0 |                    0.0 |                    0.0 | 0.0 | 0.0 |
