6.282831837093137e-12  3.17601946903199e-12  1.6055020935173114e-12  8.115935678045765e-13  4.102667458120381e-13  2.0739297278379726e-13  1.0483873138430422e-13  5.2996779257937265e-14  2.679027659557339e-14  1.3542689388239291e-14  6.845932897035982e-15  3.4606713546438865e-15  1.7493957952813123e-15  8.843329328111995e-16  4.470370502569432e-16  2.259806424568543e-16  1.1423494033852616e-16  5.774663463326564e-17  
4.4189227502967845e-12  2.349086826183994e-12  1.2487679076491156e-12  6.638414850367932e-13  3.528962544252705e-13  1.875986499706069e-13  9.972691132160157e-14  5.301454377899224e-14  2.8182381413891257e-14  1.4981674188673767e-14  7.964215592687305e-15  4.233754466156798e-15  2.2506518904587377e-15  1.1964401744401702e-15  6.360242101779038e-16  3.3810866984779247e-16  1.797376118658558e-16  9.554800571598501e-17  
5.875974928188926e-12  3.0277949563764772e-12  1.5601738281555987e-12  8.039323696393109e-13  4.142533628563217e-13  2.134580657758106e-13  1.0999149296116561e-13  5.667683945254377e-14  2.920465977731175e-14  1.5048689393181234e-14  7.754346538506084e-15  3.995689502800618e-15  2.0589142519631192e-15  1.0609252530672379e-15  5.466776440653557e-16  2.8169415861939854e-16  1.451524492755814e-16  7.479471222961058e-17  
5.138337554646121e-12  2.658994685334086e-12  1.3759805893332068e-12  7.120445154195087e-13  3.684698722274101e-13  1.9067634649119306e-13  9.867148402513252e-14  5.1060668713681646e-14  2.6422952033682525e-14  1.3673389161611452e-14  7.07572609322929e-15  3.661557435004315e-15  1.8947882765931883e-15  9.805179016974111e-16  5.073998860061079e-16  2.6257006004002817e-16  1.3587515159314418e-16  7.03128788470604e-17  
3.5325222821733148e-12  1.910800579916091e-12  1.0335840978648736e-12  5.590829825925931e-13  3.024173669760681e-13  1.6358262851184386e-13  8.848458876027951e-14  4.786279887603654e-14  2.5889791073722886e-14  1.4004222435404024e-14  7.575118913158226e-15  4.0975089344067506e-15  2.2164113408674163e-15  1.1988940867646804e-15  6.485019295726916e-16  3.507855758922026e-16  1.8974580435728883e-16  1.0263668960624091e-16  
5.484982023878172e-12  2.835882104750359e-12  1.4662267400389853e-12  7.580783593239668e-13  3.9194674546723735e-13  2.0264692876783265e-13  1.047738709759684e-13  5.417088779009122e-14  2.800779485029933e-14  1.4480777487275018e-14  7.48694846405338e-15  3.87095218835101e-15  2.001385600080263e-15  1.034769773768495e-15  5.350035918425518e-16  2.7661113664155887e-16  1.4301534060850317e-16  7.394274828446355e-17  
5.697363511631458e-12  2.8399662184741386e-12  1.4156386731526537e-12  7.056537644317951e-13  3.5174740892591293e-13  1.7533561914137877e-13  8.739959004549715e-14  4.356609556875972e-14  2.17164025840198e-14  1.08249806422726e-14  5.395930815530398e-15  2.6897109868528965e-15  1.3407409101641827e-15  6.68319457731461e-16  3.3313736770199593e-16  1.660590672253153e-16  8.277550488544784e-17  4.1261126679364164e-17  
5.199392416419235e-12  2.7144184655708397e-12  1.4171016565251412e-12  7.398185395500472e-13  3.8623303341841414e-13  2.0163857504073587e-13  1.0526835207389603e-13  5.495687492393266e-14  2.869103621271306e-14  1.4978572928293182e-14  7.819781945302622e-15  4.082430947515424e-15  2.131292478205634e-15  1.1126722499545105e-15  5.808867382017676e-16  3.0326037396230954e-16  1.5832149086491228e-16  8.265403798784381e-17  
6.196474551648831e-12  3.2187685030256166e-12  1.6719943880529512e-12  8.68520128444389e-13  4.5115415392720144e-13  2.3435273857190927e-13  1.2173490058348391e-13  6.323538658168271e-14  3.284772154056677e-14  1.7062800889386176e-14  8.863298899781589e-15  4.604054627147184e-15  2.3915834554871834e-15  1.2423118072567492e-15  6.453208324838241e-16  3.35212926742755e-16  1.7412688479766428e-16  9.045048561807677e-17  
5.0001638313486715e-12  2.5924731699644802e-12  1.3441393849634882e-12  6.969062234247841e-13  3.613302977960042e-13  1.8734168201819787e-13  9.713247418079009e-14  5.036101650654226e-14  2.6111061258993575e-14  1.3538001560837164e-14  7.019151172880883e-15  3.639272972923812e-15  1.886881682022221e-15  9.783059716706613e-16  5.072297766867637e-16  2.629873003006838e-16  1.3635303623381872e-16  7.069600117163032e-17  
5.157635995732447e-12  2.65463484958393e-12  1.3663403525290322e-12  7.032552741638885e-13  3.6196543542310217e-13  1.8630358172117018e-13  9.589043915633902e-14  4.9354801644968624e-14  2.540291260365104e-14  1.307487715968802e-14  6.72963826661204e-15  3.4637442972756552e-15  1.7827889229103612e-15  9.17601321249882e-16  4.722893293419146e-16  2.4308728142022003e-16  1.2511700501599501e-16  6.439771284089224e-17  
4.061527581788369e-12  2.1150004942346033e-12  1.101365680900527e-12  5.735253331486599e-13  2.9865766971632177e-13  1.555230406139069e-13  8.098709195973174e-14  4.2173230655751126e-14  2.1961294582938348e-14  1.1436127900550744e-14  5.955250992323626e-15  3.101138312720653e-15  1.6148872393490018e-15  8.409366280487965e-16  4.3790946832867284e-16  2.280370435247277e-16  1.1874804492801993e-16  6.183687508077136e-17  
5.698208808952853e-12  2.9267300867872074e-12  1.5032353653743283e-12  7.720959899628717e-13  3.965661209469356e-13  2.0368541001030464e-13  1.0461747501778492e-13  5.373392271220184e-14  2.7598969001594007e-14  1.4175460333142219e-14  7.28083993445127e-15  3.739605551091808e-15  1.9207467549979372e-15  9.8653936797104e-16  5.067091338429694e-16  2.6025737507864923e-16  1.336741273422943e-16  6.865808246672729e-17  
5.0397377963498265e-12  2.618172915822363e-12  1.360155963294475e-12  7.06608884885066e-13  3.6708740002812345e-13  1.9070402614782557e-13  9.907184388841543e-14  5.146839555365344e-14  2.673812898698945e-14  1.3890612560082748e-14  7.216253515278346e-15  3.7488854124700214e-15  1.9475676410307527e-15  1.0117726468174422e-15  5.256217382551017e-16  2.7306353121460184e-16  1.4185808282381123e-16  7.369609399298337e-17  
5.5968340969233534e-12  2.8665887901186e-12  1.4682106257447917e-12  7.51988722268298e-13  3.85153893115198e-13  1.972682794155877e-13  1.0103694850086099e-13  5.1749145846501397e-14  2.6504898807584758e-14  1.3575289974526269e-14  6.952997603587773e-15  3.561189172843754e-15  1.8239713355050766e-15  9.342023889417619e-16  4.784801638688173e-16  2.4506816716158374e-16  1.2551911466993205e-16  6.428843178614689e-17  
5.302956187016548e-12  2.7733385464698173e-12  1.4503998189097836e-12  7.585296924428075e-13  3.966956468250694e-13  2.07463778646774e-13  1.0849934904724959e-13  5.6742959279267675e-14  2.967541700518847e-14  1.5519641302063488e-14  8.116457676150016e-15  4.244742769923138e-15  2.219914388977803e-15  1.160970207502097e-15  6.071638750574084e-16  3.1753439389964953e-16  1.660640486881475e-16  8.684812982940872e-17  
5.637363312871511e-12  2.8841802956755027e-12  1.4756004742446922e-12  7.549447456027338e-13  3.8624382335259793e-13  1.9760954950276115e-13  1.0110073402788455e-13  5.1725022635276185e-14  2.6463487059173197e-14  1.353921393653322e-14  6.9269145675824004e-15  3.5439387878430503e-15  1.8131452336306108e-15  9.276389449825327e-16  4.745973991974308e-16  2.42812888078138e-16  1.2422760579081897e-16  6.355716190630236e-17  
5.447624781867586e-12  2.859817541904049e-12  1.5013068448114185e-12  7.881349803795417e-13  4.137440320375579e-13  2.1720153058586323e-13  1.140234087643812e-13  5.985840758663312e-14  3.142362605744838e-14  1.6496333838637798e-14  8.660013634909048e-15  4.546212321501095e-15  2.38660668949229e-15  1.252887258122746e-15  6.577231550039207e-16  3.452822636862749e-16  1.8126143303500938e-16  9.515608115845181e-17  
5.97052008172663e-12  3.0745735136785663e-12  1.5832795404114999e-12  8.153241716072762e-13  4.198585833012909e-13  2.1620998875117102e-13  1.1133929636073677e-13  5.733518134710521e-14  2.9525272096696134e-14  1.5204306882827304e-14  7.829595846910332e-15  4.0319214547816354e-15  2.0762745530401122e-15  1.0691964285389067e-15  5.505924065420396e-16  2.8353255776959753e-16  1.4600766439962166e-16  7.518797217198598e-17  
5.831512231174431e-12  2.9500805777972722e-12  1.492404554854884e-12  7.549866170145882e-13  3.8193718319665514e-13  1.932166857275255e-13  9.774562228026692e-14  4.9448144910372646e-14  2.5015125772756355e-14  1.2654802694035052e-14  6.401887908929382e-15  3.2386256656387414e-15  1.638375484129346e-15  8.288312710776534e-16  4.19294162156765e-16  2.1211505954662787e-16  1.073060456053945e-16  5.428462952172334e-17  
5.4462977266890404e-12  2.8493115997172595e-12  1.4906597104486325e-12  7.79860782013206e-13  4.079957585619651e-13  2.134490448087881e-13  1.1166904011543654e-13  5.842131798469197e-14  3.056398077336649e-14  1.5990000789771503e-14  8.365406559857977e-15  4.376486770187011e-15  2.2896240980721833e-15  1.1978508757719487e-15  6.266734883668179e-16  3.2785354918971067e-16  1.7152145688565163e-16  8.973399935699001e-17  
5.752610231338543e-12  2.949583272175142e-12  1.5123641494256182e-12  7.754469392488673e-13  3.976013024500822e-13  2.0386539388901543e-13  1.0452958420764053e-13  5.3596315520674275e-14  2.7480880739805927e-14  1.4090498551978367e-14  7.224737493792072e-15  3.7043992206277386e-15  1.8993871538694188e-15  9.738884351867518e-16  4.993498467430961e-16  2.5603576388556115e-16  1.312793281424376e-16  6.731193227065292e-17  
4.837634431778993e-12  2.5156343839837065e-12  1.3081634098494436e-12  6.802624092611411e-13  3.537455198406987e-13  1.8395238529096586e-13  9.565769220052414e-14  4.974327493854794e-14  2.586716598206217e-14  1.3451271086798424e-14  6.9948402533161676e-15  3.637410163968201e-15  1.891501767272904e-15  9.83606130273022e-16  5.114882979493834e-16  2.659807324162761e-16  1.383135260382822e-16  7.192487708170503e-17  
5.622260509692613e-12  2.819764354769487e-12  1.4142124867250757e-12  7.092780480844898e-13  3.557282616415918e-13  1.7841042236157702e-13  8.947919589055982e-14  4.4877011058214314e-14  2.250742311075645e-14  1.1288276182865087e-14  5.661473486040332e-15  2.8394310622724727e-15  1.4240760426198964e-15  7.142249734849657e-16  3.582093213302912e-16  1.7965476236684533e-16  9.010327682491366e-17  4.519000992586693e-17  
5.0407575909440136e-12  2.5945729115198673e-12  1.335475565277476e-12  6.873944368780314e-13  3.538148687525337e-13  1.821151796324255e-13  9.373811442545012e-14  4.824877373634529e-14  2.4834552959911058e-14  1.2782812348535032e-14  6.579554373361458e-15  3.3866206098989766e-15  1.7431574396326434e-15  8.972359792723505e-16  4.618242645199435e-16  2.377096507792257e-16  1.2235363625234828e-16  6.297772200286386e-17  
5.231798567169755e-12  2.709542429745463e-12  1.4032688920136587e-12  7.267513369326442e-13  3.7638367724055915e-13  1.9492867132662045e-13  1.0095333353384604e-13  5.2283614730636854e-14  2.7077623626813643e-14  1.402346997338999e-14  7.262738887463892e-15  3.761364073768488e-15  1.948006105500598e-15  1.008870110057092e-15  5.224926636998655e-16  2.705983465054109e-16  1.4014257083143287e-16  7.257967542255629e-17  
4.477546531026591e-12  2.3341325243735283e-12  1.2167767779934624e-12  6.343023423066023e-13  3.3066004277228564e-13  1.7237215850185218e-13  8.985712569767438e-14  4.68422691275917e-14  2.4418744311988597e-14  1.2729423336647225e-14  6.635812899028749e-15  3.4592307653203046e-15  1.8032873545138604e-15  9.400486708057177e-16  4.900447514765756e-16  2.5545896282573453e-16  1.3317004516702685e-16  6.94211733016612e-17  
5.872547653154176e-12  2.9775228989028238e-12  1.5096757211887238e-12  7.654418993675975e-13  3.8809745237615323e-13  1.9677474236163625e-13  9.976952694335056e-14  5.058554968506265e-14  2.564809030710241e-14  1.300419863966664e-14  6.593441470107354e-15  3.343033402083272e-15  1.6949983370766912e-15  8.5940492275739e-16  4.3573896510921335e-16  2.2093013512798827e-16  1.1201689202946866e-16  5.679525834116059e-17  
3.609153885025701e-12  1.909770369715407e-12  1.010547896052637e-12  5.347276648598285e-13  2.8294915726740725e-13  1.4972149536965263e-13  7.922457303712587e-14  4.192138849146903e-14  2.2182546976038936e-14  1.17378123208946e-14  6.211019781874806e-15  3.2865380427125463e-15  1.739059395321459e-15  9.202168181688558e-16  4.869293105910766e-16  2.576568356841253e-16  1.363381573686128e-16  7.214282945497587e-17  
5.716855453238561e-12  2.916366029030951e-12  1.4877393498671766e-12  7.589473855854322e-13  3.871653553684571e-13  1.9750646124428908e-13  1.0075488855690099e-13  5.1398559339066044e-14  2.622018583881951e-14  1.3375825203328038e-14  6.823471846072943e-15  3.4808893901039886e-15  1.7757222744477043e-15  9.058574526769231e-16  4.621092703393299e-16  2.357379487274689e-16  1.2025809486450597e-16  6.134782057156048e-17  
5.294931283285604e-12  2.6510484481545895e-12  1.3273180516333008e-12  6.645571533851076e-13  3.327282481933191e-13  1.665892641165208e-13  8.340735440881383e-14  4.1760114653076034e-14  2.0908314239179058e-14  1.046830469590334e-14  5.241235709042731e-15  2.6241643280114832e-15  1.3138578004662336e-15  6.578179199448425e-16  3.293540713820043e-16  1.6489989257969437e-16  8.256152552993913e-17  4.133662788492407e-17  
5.978222374774172e-12  3.00249360660179e-12  1.507967969830692e-12  7.573596137008817e-13  3.8037517768334915e-13  1.910390693935031e-13  9.594718103587047e-14  4.81883709858732e-14  2.4202056519034235e-14  1.2155205244896982e-14  6.1048123918465596e-15  3.066071990457711e-15  1.5398994837621533e-15  7.733968502601775e-16  3.884296957688635e-16  1.9508435870192057e-16  9.797888118416703e-17  4.920876907804393e-17  
5.112062599359372e-12  2.6822302196491565e-12  1.4073299791165974e-12  7.384070374016544e-13  3.8743220209559307e-13  2.032804450900594e-13  1.0665850472030935e-13  5.596227725757056e-14  2.936265123972682e-14  1.5406186632785702e-14  8.083418102350929e-15  4.241260330986901e-15  2.225332027545567e-15  1.1676016670421538e-15  6.126248290163077e-16  3.2143597574506624e-16  1.6865311624585246e-16  8.849001283538982e-17  
5.125854608526978e-12  2.6279057200384695e-12  1.3472657733839746e-12  6.907116378989987e-13  3.541116950746938e-13  1.8154478035160772e-13  9.30737609949919e-14  4.771673946766908e-14  2.4463255820809938e-14  1.2541738853717725e-14  6.4298560513375246e-15  3.296436747976659e-15  1.6900059887266858e-15  8.66426526668573e-16  4.441966070668004e-16  2.2772920687034005e-16  1.167514358208394e-16  5.985572932675447e-17  
6.375361649585816e-12  3.2404210677490905e-12  1.6470169495395333e-12  8.371334389437299e-13  4.2549191421113213e-13  2.162658432178848e-13  1.0992198295814072e-13  5.5870322181559125e-14  2.8397348889347366e-14  1.443359179713996e-14  7.336197930948954e-15  3.728787736170022e-15  1.895240301894835e-15  9.632985452842747e-16  4.896181694843941e-16  2.488594559420877e-16  1.2648842030721626e-16  6.429058687461804e-17  
5.2290472320546844e-12  2.719383189935572e-12  1.4142241608321413e-12  7.354719204279406e-13  3.8248458817142673e-13  1.9891236650277985e-13  1.0344502960731844e-13  5.379692745402753e-14  2.7977268840079215e-14  1.4549670562857924e-14  7.566603970450134e-15  3.935037250381956e-15  2.0464290482712316e-15  1.0642521488714754e-15  5.534678259841797e-16  2.8783276099041095e-16  1.4968837285535575e-16  7.784593001500072e-17  
5.557358130555213e-12  2.7842726089981875e-12  1.3949387063243107e-12  6.988733747238497e-13  3.5014011130633024e-13  1.75422475629512e-13  8.788780251761572e-14  4.403236132460519e-14  2.206049973125651e-14  1.1052454007748636e-14  5.53735142365431e-15  2.774249118571294e-15  1.3899168723545481e-15  6.963574032063637e-16  3.4887959319384057e-16  1.7479094784755136e-16  8.757140298679072e-17  4.387384309949159e-17  
4.600808670614233e-12  2.4184579035673107e-12  1.2712849088215458e-12  6.682627458652495e-13  3.5127853277620407e-13  1.8465283057135247e-13  9.706447919985834e-14  5.102284699989542e-14  2.68206344631429e-14  1.4098516160946553e-14  7.411016253684061e-15  3.895669677955802e-15  2.0477950284078878e-15  1.0764425182405411e-15  5.658420295985002e-16  2.974401299044597e-16  1.5635217295604083e-16  8.218797509242588e-17  
5.3326328812330076e-12  2.7424987298116443e-12  1.4104288539134194e-12  7.253638918141439e-13  3.7304453470863246e-13  1.9185160227363074e-13  9.866660377080086e-14  5.0742858460881694e-14  2.6096344521620843e-14  1.3420986086468436e-14  6.902225995060237e-15  3.5497185810302357e-15  1.8255707671016857e-15  9.388655888121094e-16  4.828454802959769e-16  2.483206974677075e-16  1.277078719946807e-16  6.567837774187403e-17  
5.859959765664128e-12  3.0207276022802078e-12  1.557142985971235e-12  8.026855109110544e-13  4.137731956739153e-13  2.13294316554788e-13  1.0995024798664633e-13  5.667782071080061e-14  2.9216626786651794e-14  1.5060763982900177e-14  7.763613965601713e-15  4.002034815452924e-15  2.0629931801169863e-15  1.06344423711055e-15  5.481906854289788e-16  2.8258465945295656e-16  1.456684542088758e-16  7.509005829502856e-17  
6.1004905939751685e-12  3.1572047675193213e-12  1.6339574318647513e-12  8.456267761320342e-13  4.3763970258109383e-13  2.2649295727287074e-13  1.172175636526141e-13  6.066394908739356e-14  3.139559127661332e-14  1.6248252321789442e-14  8.409005620773082e-15  4.35193731176657e-15  2.2522708652684735e-15  1.1656243385725706e-15  6.03248978453036e-16  3.122012109409769e-16  1.615744072422007e-16  8.362007628664831e-17  
5.3553684242411635e-12  2.8100355049427445e-12  1.4744642970399756e-12  7.736717060768545e-13  4.0595619031638216e-13  2.130107992340356e-13  1.1176969750100544e-13  5.864709828979494e-14  3.077293948820009e-14  1.6146984801619853e-14  8.472545116585875e-15  4.445661009440092e-15  2.3326995063344126e-15  1.223999530170686e-15  6.422493963709374e-16  3.3699709597218e-16  1.7682701351748867e-16  9.278356722722414e-17  
5.152024765876592e-12  2.7145714096520347e-12  1.4302916373590946e-12  7.536122131933861e-13  3.9707382259667543e-13  2.0921585111184582e-13  1.1023459584973541e-13  5.808195725886122e-14  3.060304011654141e-14  1.612456102676808e-14  8.495935936947427e-15  4.4764584490014035e-15  2.358619508710175e-15  1.2427426838082742e-15  6.547937776549472e-16  3.450069727562232e-16  1.817821355552615e-16  9.577993320842337e-17  
6.083156372122841e-12  3.113952720326553e-12  1.5940247054746157e-12  8.159773091856627e-13  4.1769676895166383e-13  2.138179442352136e-13  1.0945287748266839e-13  5.6028657613775005e-14  2.868093143095954e-14  1.46816979521059e-14  7.51552491507278e-15  3.847178639237563e-15  1.9693612421564924e-15  1.0081111551598715e-15  5.160496100984059e-16  2.6416452066784704e-16  1.3522516559283214e-16  6.922142823487237e-17  
5.867801109164879e-12  3.0421594854450343e-12  1.5772065485362638e-12  8.177021976156413e-13  4.239374257011436e-13  2.1979021388736797e-13  1.1395016149083688e-13  5.907742239352754e-14  3.0628669507799904e-14  1.5879423268825805e-14  8.232681582408012e-15  4.268230960905158e-15  2.2128628871737284e-15  1.1472580097662759e-15  5.947955242061695e-16  3.083715368330845e-16  1.5987511818571962e-16  8.288720054189996e-17  
5.025704771813606e-12  2.5966766816236826e-12  1.3416486035360487e-12  6.932018098782671e-13  3.581628959714367e-13  1.850552872520248e-13  9.561420159686356e-14  4.9401860831758735e-14  2.552490961468757e-14  1.3188187648573957e-14  6.814061090892815e-15  3.520683037554446e-15  1.8190633875428783e-15  9.398720568147138e-16  4.856122602601161e-16  2.509057116924461e-16  1.296377404602018e-16  6.698111269872927e-17  
5.558322731641292e-12  2.8916978483833614e-12  1.5043956333704668e-12  7.826565361831978e-13  4.071743097644559e-13  2.1183100232022353e-13  1.1020433378998919e-13  5.733341698367571e-14  2.982750850150897e-14  1.5517656372389334e-14  8.073006140602496e-15  4.1999530458844994e-15  2.185010797764367e-15  1.1367441812296319e-15  5.913871615103919e-16  3.0766709042750636e-16  1.600627215010382e-16  8.32720678013353e-17  
3.898587472642332e-12  2.0107417976271712e-12  1.037063450569363e-12  5.348775271772867e-13  2.7586930088242846e-13  1.4228279802851952e-13  7.338400666572302e-14  3.78486542922459e-14  1.952088332079394e-14  1.0068122440541312e-14  5.1927511584352175e-15  2.67822175908903e-15  1.3813239980133021e-15  7.124339054494349e-16  3.6744606650137004e-16  1.8951457918353136e-16  9.774434671483159e-17  5.041278278362353e-17  
5.097088807405984e-12  2.6063475537717383e-12  1.332730864171278e-12  6.8147916564096e-13  3.484678457502986e-13  1.7818569612123647e-13  9.11135494692409e-14  4.6590041050407296e-14  2.3823371361593403e-14  1.2181852821686388e-14  6.229073791313435e-15  3.185177235810379e-15  1.6287098794161895e-15  8.328252008974925e-16  4.2585719164334433e-16  2.1775799709101038e-16  1.113484666399659e-16  5.693697218334407e-17  
5.180298577121575e-12  2.704449443840559e-12  1.4118967633625376e-12  7.371010299097065e-13  3.84814203412435e-13  2.0089779438523735e-13  1.048815855312811e-13  5.4754941522462837e-14  2.858560543246303e-14  1.492352681273955e-14  7.791042000378107e-15  4.0674256302363134e-15  2.123458101843166e-15  1.1085818697615398e-15  5.787511234138582e-16  3.021453552409736e-16  1.5773933215920942e-16  8.235008904965343e-17  
5.355836470790235e-12  2.806762678211076e-12  1.4709031492584487e-12  7.708368403549496e-13  4.039623103315545e-13  2.1169920743962438e-13  1.1094241537974587e-13  5.81401304197245e-14  3.046873239285623e-14  1.5967347285353508e-14  8.367797387949866e-15  4.3852013659155765e-15  2.2980947229100213e-15  1.2043322335242935e-15  6.311385315175284e-16  3.3075245756765473e-16  1.7333308413923862e-16  9.083638645700708e-17  
5.820175053765074e-12  2.995401096871283e-12  1.5416078809061626e-12  7.934012112615959e-13  4.083304774372026e-13  2.1015064816824346e-13  1.0815576442570285e-13  5.566325624246064e-14  2.8647553941910014e-14  1.4743699924414717e-14  7.587966773776612e-15  3.905209686517917e-15  2.0098483757702272e-15  1.03438504404306e-15  5.323547946396348e-16  2.73980785982836e-16  1.4100647133005803e-16  7.257014350707074e-17  
5.731922200169184e-12  2.9255396211727252e-12  1.4931783398593293e-12  7.621095057093491e-13  3.8897624161040675e-13  1.9853120241103615e-13  1.0132916644880585e-13  5.171781487502356e-14  2.6396470721966846e-14  1.347260452243412e-14  6.876338679127308e-15  3.5096431095655276e-15  1.791301349642663e-15  9.142697491053016e-16  4.666379413468415e-16  2.3816928047494536e-16  1.215602100382812e-16  6.204362139014605e-17  
5.3315036307821255e-12  2.768739353688008e-12  1.4378528346863579e-12  7.467011192157744e-13  3.87774428639432e-13  2.013777716907181e-13  1.0457885805777769e-13  5.430955691309255e-14  2.8203864785623162e-14  1.4646740538108702e-14  7.606298286468567e-15  3.950078413159726e-15  2.0513420434573363e-15  1.0652963660763572e-15  5.532262896843876e-16  2.8729970113876914e-16  1.4919955868604024e-16  7.748183594996859e-17  
6.2711186933056185e-12  3.19404411140152e-12  1.626809869899164e-12  8.285766446851192e-13  4.220156693296953e-13  2.1494357378063963e-13  1.0947636134690402e-13  5.5759162662798414e-14  2.8399594054870717e-14  1.4464653053686482e-14  7.367224600438887e-15  3.752319403159071e-15  1.911154018907646e-15  9.73400526861281e-16  4.957782451439389e-16  2.52512775137456e-16  1.2861133426519602e-16  6.550510283081672e-17  
5.167307853773414e-12  2.6898488921626536e-12  1.4002043747761432e-12  7.28878226897697e-13  3.794185186219449e-13  1.9750680835397853e-13  1.0281242857585446e-13  5.351914477155919e-14  2.7859461125031664e-14  1.450227909078262e-14  7.549180434002796e-15  3.92973579313837e-15  2.0456291300597016e-15  1.0648549312285708e-15  5.543116334722464e-16  2.8854764906630917e-16  1.502038578193806e-16  7.818881552779529e-17  
5.3995139332107476e-12  2.7627481943549777e-12  1.4136045725273204e-12  7.232935276378631e-13  3.700847728495257e-13  1.8935982953197282e-13  9.68890040092439e-14  4.9574818065191775e-14  2.5365753434335917e-14  1.2978795937191615e-14  6.640809799532434e-15  3.3978771996247704e-15  1.7385785487400613e-15  8.895716921355755e-16  4.551636715076401e-16  2.3289181714287364e-16  1.1916284599879208e-16  6.097158775578867e-17  
3.5663845901482052e-12  1.8644349638221872e-12  9.746895340242e-13  5.095483115102728e-13  2.6638172741118565e-13  1.3925907140825965e-13  7.280187405480586e-14  3.805937245088837e-14  1.9896683295061696e-14  1.0401590479580982e-14  5.437744718576431e-15  2.842744836229798e-15  1.4861304864688082e-15  7.769194739761308e-16  4.061580557960085e-16  2.1233135712731784e-16  1.1100261234796778e-16  5.802995899793045e-17  
5.738242167768094e-12  2.9943971288891607e-12  1.5625715860972743e-12  8.153995133519008e-13  4.25501380090452e-13  2.2204014289219125e-13  1.1586760316759553e-13  6.046339769436142e-14  3.155172249018202e-14  1.6464691533375333e-14  8.591799302670568e-15  4.48347393012089e-15  2.339619184985566e-15  1.2208876456219141e-15  6.3709797423353585e-16  3.3245797041849426e-16  1.7348713473427086e-16  9.053110045886472e-17  
5.176728553187215e-12  2.6463822525913848e-12  1.3528503484152803e-12  6.915871898004064e-13  3.5354453037343893e-13  1.8073460121933274e-13  9.239287634688662e-14  4.7231927600247246e-14  2.414531371941827e-14  1.2343264487178721e-14  6.309968881370077e-15  3.2257031618512567e-15  1.6490035187175022e-15  8.429828996360986e-16  4.309391465893068e-16  2.2029930635993622e-16  1.1261864875070343e-16  5.757149332877258e-17  
5.453573027795932e-12  2.8252214223169964e-12  1.46360487783635e-12  7.582199474721394e-13  3.927955539438527e-13  2.0348758656699328e-13  1.0541666643400567e-13  5.4611063748597967e-14  2.8291240698836672e-14  1.4656266429164024e-14  7.592673220990021e-15  3.9333814596891965e-15  2.0376867615816302e-15  1.0556228478925925e-15  5.468650128187164e-16  2.833032108411167e-16  1.4676512007816518e-16  7.603161435271677e-17  
5.612098003065742e-12  2.8845734675993428e-12  1.4826476810334897e-12  7.620690444412394e-13  3.916973910421987e-13  2.0132932477497497e-13  1.0348166196996846e-13  5.3188746229768635e-14  2.7338589965009912e-14  1.4051816488515714e-14  7.222521237548776e-15  3.712318124099927e-15  1.9081018111617204e-15  9.807490629972297e-16  5.0409717078163865e-16  2.591019121787024e-16  1.331763096201557e-16  6.845155751614478e-17  
5.983051516740582e-12  3.0329279329779358e-12  1.5374515530912585e-12  7.793648020452051e-13  3.9507553486526543e-13  2.0027165435169629e-13  1.0152168888525027e-13  5.146336533483702e-14  2.6087804494470864e-14  1.322442749155067e-14  6.70372558627334e-15  3.398251967033642e-15  1.722641579347182e-15  8.732413133820975e-16  4.4266340748971646e-16  2.243948944324239e-16  1.1375023956211794e-16  5.766226113640828e-17  
5.59739016031454e-12  2.8799899925780357e-12  1.4818231568269922e-12  7.624331590621719e-13  3.922899432090548e-13  2.0184247984735737e-13  1.0385274304424358e-13  5.343469940505138e-14  2.7493420171788735e-14  1.4146016748642234e-14  7.278461122788971e-15  3.744940873269872e-15  1.9268608992601666e-15  9.914156326467968e-16  5.101068567190513e-16  2.624620761497447e-16  1.3504296307621396e-16  6.948280735994397e-17  
5.910253226671068e-12  2.920868580400747e-12  1.4435038460742235e-12  7.133848361452771e-13  3.525573733842729e-13  1.7423513260983478e-13  8.610763446571826e-14  4.2554705255025204e-14  2.1030689677847775e-14  1.0393443114582585e-14  5.136477282998876e-15  2.5384657026453646e-15  1.2545189569581197e-15  6.199878185185623e-16  3.0640022853336417e-16  1.5142410421808492e-16  7.483434150165024e-17  3.6983402985300656e-17  
6.778501615671115e-12  3.3842782966758976e-12  1.6896565404473333e-12  8.435887874471275e-13  4.2117556158372227e-13  2.1027881867915627e-13  1.0498515492882389e-13  5.24155634155733e-14  2.6169331178628235e-14  1.3065468530922087e-14  6.523149818667373e-15  3.256789716807586e-15  1.6260057724184696e-15  8.1181009578039865e-16  4.0530952767206423e-16  2.0235744058323454e-16  1.0103027677288838e-16  5.044102552091713e-17  
4.7233974663066605e-12  2.408765665621119e-12  1.2283853038545995e-12  6.264330633162139e-13  3.1945870858626395e-13  1.629126437729042e-13  8.307968694461306e-14  4.2367702241923215e-14  2.1606029816373254e-14  1.1018311112564586e-14  5.6189490065992456e-15  2.865465280133473e-15  1.4612859561471409e-15  7.452041594911243e-16  3.8002776731466457e-16  1.9380072170932255e-16  9.883151434025483e-17  5.040057715284614e-17  
4.8585447215878015e-12  2.4837224406743945e-12  1.2696964864601572e-12  6.490778282341133e-13  3.318131786594761e-13  1.6962524483642334e-13  8.671362542638679e-14  4.432861890244486e-14  2.2661103651655626e-14  1.1584516536398511e-14  5.922086825293952e-15  3.027412689698951e-15  1.5476347889065794e-15  7.911618551325062e-16  4.044475385946447e-16  2.0675644359505969e-16  1.0569535697167704e-16  5.403221438288056e-17  
5.5958589488122205e-12  2.902808181355756e-12  1.505809101842083e-12  7.811267260971558e-13  4.052033962849891e-13  2.1019610118994722e-13  1.090375879386263e-13  5.656239823749057e-14  2.934130289251502e-14  1.522057200996974e-14  7.895553007967212e-15  4.095756536665407e-15  2.124641756025188e-15  1.1021413384890763e-15  5.717272225125616e-16  2.9657903714058733e-16  1.5384806216622881e-16  7.980748221622905e-17  
6.236408716165874e-12  3.1725059833659665e-12  1.6138766191515217e-12  8.209906476143248e-13  4.1764384927055345e-13  2.1245843097041552e-13  1.0807913242167646e-13  5.4980632266124785e-14  2.7969043206129334e-14  1.422805350945933e-14  7.23791318766579e-15  3.681978513600424e-15  1.8730489608134246e-15  9.5283348250005e-16  4.847132479542314e-16  2.465771166289049e-16  1.2543555329184153e-16  6.380996843802805e-17  
4.619297351021655e-12  2.373549810843746e-12  1.2196094506257245e-12  6.26676215203095e-13  3.2200724461407556e-13  1.654581154804884e-13  8.501792564066417e-14  4.3685059866972e-14  2.2446848017050955e-14  1.1533942895692986e-14  5.926526460198495e-15  3.04524794348937e-15  1.5647504654886237e-15  8.040212372465598e-16  4.1313306127799856e-16  2.1228161448251723e-16  1.0907740888105956e-16  5.604762879352274e-17  
6.718531470237364e-12  3.414213110373353e-12  1.7350296288235524e-12  8.81704719529475e-13  4.4806336417878545e-13  2.276961593517926e-13  1.15710288161095e-13  5.880147835799777e-14  2.98816458936849e-14  1.51852093901331e-14  7.716796626350442e-15  3.92150998004326e-15  1.9928269809608585e-15  1.0127117860864813e-15  5.146383361309047e-16  2.6152812740442336e-16  1.3290296626146926e-16  6.753842738216484e-17  
4.331961261157473e-12  2.312348984693618e-12  1.2343041649418932e-12  6.588567649942191e-13  3.516898420245413e-13  1.8772782121214467e-13  1.0020686026695011e-13  5.348922061590759e-14  2.855190467474283e-14  1.5240664402448953e-14  8.135283935489908e-15  4.342517029664765e-15  2.3179835273681695e-15  1.2373118162682188e-15  6.604622132130434e-16  3.5254681103579814e-16  1.881852609960279e-16  1.0045103613927489e-16  
6.153719994390754e-12  3.0905963108809423e-12  1.5521969744378276e-12  7.795632962388399e-13  3.915217867647681e-13  1.966348470368624e-13  9.875635118216532e-14  4.959861919584803e-14  2.4910023473801728e-14  1.2510615809992083e-14  6.283234060772107e-15  3.155642444947857e-15  1.5848652372394366e-15  7.9597034962924e-16  3.997619372309929e-16  2.0077331590694959e-16  1.008348234939127e-16  5.064249491083174e-17  
4.633735351456375e-12  2.4622717145587677e-12  1.3084005745840997e-12  6.952571698118915e-13  3.694453683104608e-13  1.963156743899249e-13  1.0431811389981847e-13  5.5432501360033966e-14  2.945569175053418e-14  1.565214910413626e-14  8.317230287883847e-15  4.419605205742117e-15  2.348487356792015e-15  1.247937905821574e-15  6.631285505039474e-16  3.523728804470975e-16  1.8724370528191481e-16  9.949745599949531e-17  
6.304382300946122e-12  3.212595568565855e-12  1.6370787484794655e-12  8.342247791618204e-13  4.2510537920914035e-13  2.1662576795443344e-13  1.1038844869276844e-13  5.62518933913678e-14  2.8664915102852606e-14  1.4607105793524084e-14  7.443508515466398e-15  3.793073029181755e-15  1.9328792295745185e-15  9.84959184117402e-16  5.019168189782734e-16  2.557674442104004e-16  1.3033431645324484e-16  6.641593537354423e-17  
5.492769333684369e-12  2.8206276656611112e-12  1.4484388374918833e-12  7.437972375780072e-13  3.8195215172955124e-13  1.9613873088031452e-13  1.0072047395763902e-13  5.172162493720716e-14  2.6559907643705425e-14  1.363895072706224e-14  7.003826196636552e-15  3.59658029230657e-15  1.846903311966819e-15  9.484153185876518e-16  4.870269118602766e-16  2.5009635359894963e-16  1.2842860334879264e-16  6.595020647350515e-17  
5.883787613280875e-12  2.974774664773115e-12  1.5040115122784873e-12  7.60410748367977e-13  3.844548406132685e-13  1.9437590116683605e-13  9.827419754723636e-14  4.9686292619493876e-14  2.5120812338186286e-14  1.27007908874003e-14  6.4213723264140616e-15  3.2465712505622117e-15  1.6414287085675266e-15  8.298872864235109e-16  4.195813711388157e-16  2.1213546693241792e-16  1.0725322768380621e-16  5.422598594632483e-17  
5.969279015037265e-12  3.068408076150594e-12  1.5772638702376713e-12  8.107661219162496e-13  4.167607696155894e-13  2.1422890571705475e-13  1.1012078724938134e-13  5.6605749554823545e-14  2.909723915619217e-14  1.4956949305876604e-14  7.688369722560253e-15  3.952077912543061e-15  2.03149957538847e-15  1.0442583916944902e-15  5.367835670927169e-16  2.7592461807582903e-16  1.418344366848728e-16  7.290762082050481e-17  
5.423397391431576e-12  2.822366696602061e-12  1.468775602295625e-12  7.643591360740335e-13  3.9777682035751175e-13  2.07005308560094e-13  1.0772673413585578e-13  5.6061602131369434e-14  2.91747750337665e-14  1.5182718044274586e-14  7.901172397906958e-15  4.111814833114722e-15  2.1398117102597293e-15  1.1135701244348607e-15  5.795081950847703e-16  3.015793444897265e-16  1.5694359768208106e-16  8.167433646714475e-17  
5.097547215444127e-12  2.639286823840363e-12  1.3665071933797581e-12  7.075176114589542e-13  3.6632165051872514e-13  1.8966531640399733e-13  9.820039900914787e-14  5.084386828541209e-14  2.632472951544238e-14  1.3629792685542644e-14  7.0569100640481846e-15  3.653759143738719e-15  1.891756556239307e-15  9.794687409013077e-16  5.071260417936321e-16  2.6256766706880584e-16  1.3594604518063812e-16  7.038691171146002e-17  
4.305430638978643e-12  2.2378394756829093e-12  1.1631648350309426e-12  6.045797512083332e-13  3.1424323067796874e-13  1.6333462678755688e-13  8.489665871329422e-14  4.412685051808396e-14  2.2935872461378887e-14  1.1921409286825314e-14  6.1964069438961554e-15  3.220714773780679e-15  1.6740352510687162e-15  8.70115554669584e-16  4.522611324908592e-16  2.350723773000317e-16  1.2218388581204315e-16  6.350768271286954e-17  
4.698107141416222e-12  2.46982463270011e-12  1.2984024273344707e-12  6.825783664911499e-13  3.5883576354537e-13  1.8864222999200222e-13  9.917041318501719e-14  5.21345133149878e-14  2.740744332202985e-14  1.4408266265225318e-14  7.574516686230425e-15  3.981971319370668e-15  2.093347502569383e-15  1.1004860193734506e-15  5.785324593026006e-16  3.0413817220256303e-16  1.5988736034313657e-16  8.405379637933037e-17  
4.8199276247398544e-12  2.513143697226154e-12  1.3103705562899261e-12  6.832362975052968e-13  3.562441448245285e-13  1.857481682181497e-13  9.685038336108661e-14  5.049846169235553e-14  2.6330248211685428e-14  1.3728774058753418e-14  7.158278024612511e-15  3.7323758158128715e-15  1.9460866401901027e-15  1.014703073329602e-15  5.29073220976411e-16  2.758624473619089e-16  1.438365935891791e-16  7.499739762765321e-17  
5.256431929909533e-12  2.7277962462248874e-12  1.4155747587216735e-12  7.34604683287155e-13  3.812190330341464e-13  1.978315064603002e-13  1.0266356492448849e-13  5.327668859014494e-14  2.7647642561594237e-14  1.434759102792799e-14  7.445602924230283e-15  3.86385441273011e-15  2.0051258541050032e-15  1.0405489600110229e-15  5.399871214883457e-16  2.8022332689677644e-16  1.454203439531334e-16  7.546508233141259e-17  
4.586328638305745e-12  2.3442418009364415e-12  1.1982284861487461e-12  6.124587934763316e-13  3.1305028885777863e-13  1.6001155407972087e-13  8.178780965967874e-14  4.180476745819947e-14  2.1367959228962163e-14  1.0921952432031414e-14  5.582612904178153e-15  2.853479451759508e-15  1.4585186401729257e-15  7.45502695812357e-16  3.8105393661448e-16  1.947707277586286e-16  9.955450592813604e-17  5.0885981505792157e-17  
5.901271075321765e-12  2.9896318509084143e-12  1.5145717744339915e-12  7.672943607471628e-13  3.887175543426556e-13  1.969274698005059e-13  9.976505544651611e-14  5.054178728000325e-14  2.5604879885287556e-14  1.2971640086803861e-14  6.571538210505729e-15  3.329194624823837e-15  1.6865970332846888e-15  8.544437538959545e-16  4.328681446509918e-16  2.1929451739711445e-16  1.1109638340147874e-16  5.628233004356331e-17  
6.124003633857775e-12  3.0956434826265527e-12  1.5648273816407748e-12  7.910099299468081e-13  3.9985030720665824e-13  2.0212169546848824e-13  1.0217118517290969e-13  5.1646860845101535e-14  2.610714782880421e-14  1.3196991193699657e-14  6.670992086482671e-15  3.3721425410331462e-15  1.70459583366724e-15  8.616619614381693e-16  4.355644435620574e-16  2.2017495605686953e-16  1.1129698943788472e-16  5.625989476631085e-17  
5.3847289882860236e-12  2.7725164494987527e-12  1.4275272682178045e-12  7.350124475812616e-13  3.7844692015856434e-13  1.948566610658228e-13  1.0032878149943034e-13  5.165778958800989e-14  2.6597823528179253e-14  1.3694821673135786e-14  7.051258929524451e-15  3.630587800112153e-15  1.8693353777056905e-15  9.624928377256514e-16  4.955731720062854e-16  2.5516321699879003e-16  1.3137972551174719e-16  6.764545642024823e-17  
5.540574829131298e-12  2.861158389666753e-12  1.4775050573667572e-12  7.629850910835477e-13  3.9400626502983605e-13  2.0346522978882472e-13  1.050696483973025e-13  5.425807164099111e-14  2.801892252524665e-14  1.446899964802055e-14  7.471805906375615e-15  3.858448051741234e-15  1.992506437470797e-15  1.0289323194518467e-15  5.313416800582223e-16  2.7438537562655223e-16  1.4169288272185706e-16  7.31703465178669e-17  
4.741191311294536e-12  2.5140914689515446e-12  1.3331366526378673e-12  7.06916735749343e-13  3.748537483338202e-13  1.9877211209459701e-13  1.0540204739092463e-13  5.5891097987184374e-14  2.963713619932978e-14  1.571555889453145e-14  8.333422963217058e-15  4.4189289575974606e-15  2.3432067733131305e-15  1.242522347651803e-15  6.588670713985839e-16  3.493746559921015e-16  1.8526142153453756e-16  9.823779063634622e-17  
5.3886242534577565e-12  2.8298804255166622e-12  1.486135021862709e-12  7.804560515321569e-13  4.098629259202232e-13  2.1524289255506508e-13  1.1303657848889946e-13  5.9362090542471e-14  3.117449095399307e-14  1.63715407823328e-14  8.597649532854838e-15  4.515126491305488e-15  2.37115587866017e-15  1.2452320464844932e-15  6.539438691260283e-16  3.434240109502722e-16  1.8035194894447927e-16  9.471331197276675e-17  
4.7425536780079045e-12  2.4807055884100628e-12  1.2975921063172544e-12  6.787364378277541e-13  3.5502924978681563e-13  1.8570649987142183e-13  9.713820513437342e-14  5.081045037874671e-14  2.6577615513069828e-14  1.3902054421781595e-14  7.271800476274325e-15  3.80368832997036e-15  1.98960972028283e-15  1.0407127229256366e-15  5.443695618381522e-16  2.8474545696222526e-16  1.48942889067579e-16  7.790812341824319e-17  
5.60201865644349e-12  2.8552719242358193e-12  1.4552928616101905e-12  7.417427724052595e-13  3.7805609779924183e-13  1.9268999766552555e-13  9.821144379492852e-14  5.005702324532279e-14  2.551337684653992e-14  1.300381756468871e-14  6.62786710958802e-15  3.3781327832255097e-15  1.7217878560954242e-15  8.775716088244056e-16  4.472861891134011e-16  2.279756238235604e-16  1.1619604253992466e-16  5.922352607482864e-17  
5.106468519479734e-12  2.619965041938815e-12  1.3442199427640474e-12  6.896760932303983e-13  3.538506597331722e-13  1.815494122858809e-13  9.314717436503586e-14  4.77908244534987e-14  2.451993758817066e-14  1.2580392705147602e-14  6.454595573362488e-15  3.311645748437057e-15  1.6990991052020382e-15  8.717531972315782e-16  4.472685757745209e-16  2.2947914560068567e-16  1.1773838162994094e-16  6.040778334149491e-17  
6.047892098134456e-12  3.1411543146635812e-12  1.6314527885795423e-12  8.473439808222304e-13  4.400935331146167e-13  2.2857578772361636e-13  1.1871769703978974e-13  6.16595997799776e-14  3.202476412385895e-14  1.663302260878178e-14  8.638859603594442e-15  4.486851067659426e-15  2.3303807941247384e-15  1.2103532218327827e-15  6.286332797173671e-16  3.2649956495328786e-16  1.6957735034743053e-16  8.807508749657699e-17  
5.981461332237209e-12  3.075573500559526e-12  1.5814116036099207e-12  8.131370164221826e-13  4.1810228656894437e-13  2.1498163102123265e-13  1.105401791887314e-13  5.68380245188019e-14  2.922521977899285e-14  1.502714913759707e-14  7.726724141383552e-15  3.97296023419823e-15  2.0428337719449234e-15  1.0503930504708152e-15  5.400956140581814e-16  2.777086845673006e-16  1.4279344522837128e-16  7.342214749948333e-17  
3.726866146450445e-12  1.9819663148738575e-12  1.054019736403992e-12  5.605330405425421e-13  2.980943133112637e-13  1.5852806739546643e-13  8.430603010497603e-14  4.4834374308813307e-14  2.3843147603555996e-14  1.2679906799395353e-14  6.743238733185272e-15  3.5860885519204615e-15  1.9071000762478365e-15  1.0142054910709783e-15  5.393596229843842e-16  2.8683418248767736e-16  1.5253987272561603e-16  8.112147781461412e-17  
6.783757998666377e-12  3.4627620507106023e-12  1.7675632034926316e-12  9.022507560691302e-13  4.605529382025919e-13  2.3508875715565337e-13  1.2000080589362907e-13  6.1254283655879e-14  3.126718390142149e-14  1.596030074594597e-14  8.146918529796426e-15  4.1585858930634115e-15  2.122745743281436e-15  1.0835533054963756e-15  5.530986316039732e-16  2.823286078593494e-16  1.4411433740966374e-16  7.356301015507803e-17  
4.924170356086595e-12  2.5452170573602477e-12  1.3155779350871095e-12  6.799990980270626e-13  3.514795748584834e-13  1.816736108932069e-13  9.390389443900208e-14  4.8537271579826144e-14  2.508806207120748e-14  1.2967578069434904e-14  6.702713047727864e-15  3.4645144960472274e-15  1.790746613774582e-15  9.25605431411483e-16  4.784291691902561e-16  2.472916235841777e-16  1.278206911974048e-16  6.6068267341133e-17  
4.8268193061702256e-12  2.5121531024230238e-12  1.3074682953112108e-12  6.80481353463362e-13  3.5416145391205095e-13  1.8432589636543376e-13  9.593374912945187e-14  4.9929415255828815e-14  2.598612615905419e-14  1.3524667759361506e-14  7.039011389444052e-15  3.6635045105952536e-15  1.906697483012852e-15  9.92354528625063e-16  5.164781090110837e-16  2.6880477631039256e-16  1.3990139467020387e-16  7.281269514373359e-17  
4.29512531627257e-12  2.23569600432662e-12  1.1637231176527607e-12  6.057404459008077e-13  3.1529964665494757e-13  1.6411957935695478e-13  8.542742313244873e-14  4.4466630073294676e-14  2.3145743106515225e-14  1.2047808054483937e-14  6.271117684565942e-15  3.2642383440894102e-15  1.6990993476725172e-15  8.844141539139084e-16  4.603547148168363e-16  2.3962355477490523e-16  1.2472870626687898e-16  6.492370994839525e-17  
6.1526982944735446e-12  3.1239514511831064e-12  1.5861451679037798e-12  8.053442996726794e-13  4.0890295172189634e-13  2.0761508338090452e-13  1.0541382170451028e-13  5.3522478354635365e-14  2.7175332825447152e-14  1.3797917003779169e-14  7.005710467873378e-15  3.557057137409066e-15  1.806048870677005e-15  9.16997505879134e-16  4.655933953068185e-16  2.363989087903846e-16  1.2002842961390735e-16  6.094285286382282e-17  
8.726108601375504e-12  4.2105895209348914e-12  2.0317262738412485e-12  9.803643008403036e-13  4.730529770356238e-13  2.2826118708163655e-13  1.1014235626297349e-13  5.314674298447882e-14  2.5644778137071556e-14  1.2374317009260332e-14  5.970951303505995e-15  2.881149678172906e-15  1.3902346621319268e-15  6.7082679891130695e-16  3.236925437087736e-16  1.5619063374137722e-16  7.536631455583268e-17  3.6366337940172946e-17  
4.862742447664619e-12  2.5324535820896433e-12  1.3188691801924915e-12  6.868500677616934e-13  3.577026612414949e-13  1.8628693490009384e-13  9.70158343078219e-14  5.052459589552251e-14  2.631255823978454e-14  1.3703241141279658e-14  7.136471340598805e-15  3.716582279338925e-15  1.935548141350359e-15  1.0080085212458151e-15  5.249578438257253e-16  2.7339127793638075e-16  1.4237865331620874e-16  7.41489672719348e-17  
5.826482128505815e-12  2.9302104443431123e-12  1.4736393348106522e-12  7.411115789630627e-13  3.727142452693125e-13  1.8744263693874474e-13  9.426723713541654e-14  4.7408167865504654e-14  2.3842158194742102e-14  1.1990518363750673e-14  6.030181053959624e-15  3.0326531714813284e-15  1.5251590584426494e-15  7.670214897714329e-16  3.857446621809582e-16  1.939957959267123e-16  9.756290242477496e-17  4.9065598994434116e-17  
5.240452020712591e-12  2.799400017067931e-12  1.4954130721140189e-12  7.988355514092366e-13  4.2673041321832445e-13  2.2795535982873933e-13  1.2177160208186127e-13  6.504924071416235e-14  3.47486905415309e-14  1.8562422575490443e-14  9.915870972440296e-15  5.2969647007126285e-15  2.8295885574326504e-15  1.5115395054976718e-15  8.074501399430142e-16  4.313322451200717e-16  2.304136150047011e-16  1.230847787991262e-16  
6.698162935906633e-12  3.349820511671078e-12  1.6752798592370199e-12  8.378247720995469e-13  4.190048276849399e-13  2.0954864485962727e-13  1.0479744303930483e-13  5.241028437541704e-14  2.6210924891381818e-14  1.3108354435563823e-14  6.555623531806891e-15  3.278535082495405e-15  1.639629279351025e-15  8.199955486396506e-16  4.1008824876253637e-16  2.0508937158514742e-16  1.0256731438687647e-16  5.129497398732192e-17  
6.7139651779254365e-12  3.3911370270770844e-12  1.7128194787519827e-12  8.651229789204049e-13  4.369624341272976e-13  2.2070407732866366e-13  1.1147477665163841e-13  5.63044687707669e-14  2.843865938808025e-14  1.436399926059065e-14  7.255070358370238e-15  3.664442259428108e-15  1.850862418886182e-15  9.348466836477974e-16  4.721789761408664e-16  2.384914974929027e-16  1.2045897265751753e-16  6.084227004418192e-17  
5.0929397848318875e-12  2.574581008264426e-12  1.3015012248637201e-12  6.579344106416978e-13  3.3259875629526573e-13  1.6813519843302554e-13  8.499564239806289e-14  4.2966965239804176e-14  2.172064413928844e-14  1.0980211871899836e-14  5.550712583782501e-15  2.8059941417533393e-15  1.4184851052382612e-15  7.170720579357769e-16  3.6249399755655647e-16  1.8324782957349825e-16  9.26353740192863e-17  4.682899950119844e-17  
4.496034155976917e-12  2.35318516123049e-12  1.2316366404098553e-12  6.446279022118543e-13  3.3739263568171686e-13  1.765883701615583e-13  9.24248166036819e-14  4.837434490396482e-14  2.531871126044005e-14  1.3251593198050602e-14  6.935768589493711e-15  3.630120937766496e-15  1.8999737163625073e-15  9.944297131570002e-16  5.204758602149194e-16  2.724125370373882e-16  1.425783518653556e-16  7.46242689184714e-17  
4.3729194265036394e-12  2.252827294871555e-12  1.1606046957458311e-12  5.97916787875243e-13  3.08032947422557e-13  1.5869147450267883e-13  8.175418990257742e-14  4.2117874243545866e-14  2.1698158013785406e-14  1.1178390876727282e-14  5.758849323224189e-15  2.9668264326528256e-15  1.5284405941983413e-15  7.874173643196572e-16  4.056592765107209e-16  2.089863090095607e-16  1.076649293690818e-16  5.546648998676297e-17  
5.688091011531224e-12  2.9422618473856564e-12  1.5219349973535027e-12  7.87246770109037e-13  4.07216785292939e-13  2.1063981018473794e-13  1.0895702543976588e-13  5.635987509801676e-14  2.915310424677536e-14  1.5079939154323267e-14  7.800355083052437e-15  4.03486637439503e-15  2.087103277464255e-15  1.0795896782220337e-15  5.584361281534692e-16  2.888605879787795e-16  1.4941805352628477e-16  7.72890302405109e-17  
4.262579848665382e-12  2.2567962889284736e-12  1.1948467056437657e-12  6.32604128689706e-13  3.349283064890294e-13  1.7732570086122896e-13  9.38839852491119e-14  4.9706289857854575e-14  2.631668484116069e-14  1.3933204490005556e-14  7.376848130075818e-15  3.905626187661111e-15  2.0678094016268565e-15  1.0947887780363862e-15  5.796290835951468e-16  3.068809995951417e-16  1.6247622932994926e-16  8.602202525443067e-17  
5.507442454747292e-12  2.8497391834045277e-12  1.4745525677587378e-12  7.629839557760113e-13  3.94794007009494e-13  2.0427992854985902e-13  1.0570142521776422e-13  5.469353436913718e-14  2.830030622222166e-14  1.464354683802368e-14  7.577072216590293e-15  3.920636442145799e-15  2.0286714541040564e-15  1.0497040287786064e-15  5.431527839586382e-16  2.8104583638236293e-16  1.4542273275704478e-16  7.524669810000415e-17  
6.2900844922287565e-12  3.1543889712384964e-12  1.5818817369089796e-12  7.932914591010889e-13  3.978245177243265e-13  1.9950340456448223e-13  1.0004815354392034e-13  5.017274291333013e-14  2.516092543719003e-14  1.2617850492037558e-14  6.327674688947884e-15  3.1732399265959306e-15  1.5913352260871077e-15  7.980322510634309e-16  4.0020195826577264e-16  2.006956575831784e-16  1.006460516767273e-16  5.0472580423999506e-17  
4.908769239750087e-12  2.563651022061211e-12  1.3388909198856742e-12  6.992484078082546e-13  3.6518907444986613e-13  1.9072343763436955e-13  9.960711370642319e-14  5.202075436551584e-14  2.7168329490334668e-14  1.4188916256560122e-14  7.410295307530737e-15  3.8700965987746775e-15  2.0211944412830953e-15  1.055587855550458e-15  5.512907110897535e-16  2.8791677219075256e-16  1.503672491504138e-16  7.853071373724153e-17  
5.260178467172662e-12  2.697597319948773e-12  1.3834190885364004e-12  7.094640702576129e-13  3.638371561859907e-13  1.86587991937973e-13  9.568862922193654e-14  4.907236348530434e-14  2.516596671531979e-14  1.2905958379327809e-14  6.618611697819096e-15  3.3942477977206482e-15  1.7406850013769117e-15  8.926821064900669e-16  4.577975582125405e-16  2.347740621007919e-16  1.2040007476343196e-16  6.174522804319229e-17  
4.933708968954661e-12  2.560651189117489e-12  1.3290071533583137e-12  6.897698605667166e-13  3.5799841960515923e-13  1.858052602276544e-13  9.643504785954882e-14  5.0050889002169074e-14  2.5976981870283793e-14  1.3482349675343608e-14  6.997493152819907e-15  3.631778703478373e-15  1.884934541982898e-15  9.783025117024278e-16  5.077501542289428e-16  2.6352811736206004e-16  1.3677409659451972e-16  7.098731507858534e-17  
5.002604820914116e-12  2.536610316435631e-12  1.2862083110278401e-12  6.521820906577823e-13  3.306940840981312e-13  1.6768104924071777e-13  8.502400141553338e-14  4.3112091971292336e-14  2.1860327004106446e-14  1.1084451597585994e-14  5.62045879716925e-15  2.8498980587868577e-15  1.445063337101184e-15  7.327307872629371e-16  3.7153693739125683e-16  1.8839074083636116e-16  9.552501423431337e-17  4.8436713524004235e-17  
5.464055917176887e-12  2.8105327241552257e-12  1.4456466612495102e-12  7.435936437317322e-13  3.8248039567311776e-13  1.967354808738017e-13  1.0119433537640615e-13  5.2051076230836685e-14  2.6773381402335485e-14  1.3771356975137062e-14  7.083538313173716e-15  3.6435418183399855e-15  1.874119457687288e-15  9.639861203191367e-16  4.958431205418906e-16  2.550455810580817e-16  1.3118715521587848e-16  6.7478407672218e-17  
3.8306331103602966e-12  2.095351382095647e-12  1.146154509701187e-12  6.269450419311117e-13  3.429381311813516e-13  1.875867164622708e-13  1.026096925176511e-13  5.612736976866133e-14  3.0701599038571544e-14  1.6793735167178823e-14  9.18615152621251e-15  5.024813064067884e-15  2.748566280098959e-15  1.5034622183498937e-15  8.223918987772052e-16  4.498473103744992e-16  2.4606589990983514e-16  1.3459773061226076e-16  
5.014998140098229e-12  2.5404602883270643e-12  1.2869273918495252e-12  6.519220629042954e-13  3.302458078000766e-13  1.6729345388872947e-13  8.474626794040402e-14  4.2930131232771404e-14  2.1747225128061363e-14  1.1016546821304754e-14  5.580679978771097e-15  2.8270191676785343e-15  1.4320902479309943e-15  7.254575779559293e-16  3.674968795954279e-16  1.8616382351799061e-16  9.430547879750962e-17  4.777256484726239e-17  
5.730474230569601e-12  2.940663476559566e-12  1.5090377051589755e-12  7.743812965146471e-13  3.973833061570398e-13  2.0392214109901708e-13  1.0464515994029696e-13  5.3699953521050576e-14  2.7556792973590147e-14  1.414110793767501e-14  7.256683820088317e-15  3.723856737168041e-15  1.9109429792936805e-15  9.80623941212329e-16  5.032192611180028e-16  2.582331657608577e-16  1.3251553160092063e-16  6.800197822667252e-17  
5.69973191473847e-12  2.920659116491137e-12  1.496605419754062e-12  7.668912026707683e-13  3.9297072492926284e-13  2.0136623045567326e-13  1.03184171734997e-13  5.287367833496328e-14  2.7093553339256703e-14  1.3883290432278152e-14  7.114081745332035e-15  3.645400874248059e-15  1.8679779077163644e-15  9.5719005510914e-16  4.904837459881548e-16  2.5133389528492583e-16  1.287886243647707e-16  6.599392313148454e-17  
6.623916613588768e-12  3.2490373833216294e-12  1.5936559190020061e-12  7.816897402311955e-13  3.83419559201565e-13  1.8806765755278042e-13  9.224736445642843e-14  4.524741978438773e-14  2.2193902332154165e-14  1.088613015010318e-14  5.3396571667026365e-15  2.6191069061992234e-15  1.2846744223349658e-15  6.301340229737612e-16  3.0908133610024096e-16  1.516046885941408e-16  7.436224358843934e-17  3.6474751030358893e-17  
4.748253689715594e-12  2.475356861615003e-12  1.2904516044742948e-12  6.727374825477925e-13  3.507111145087167e-13  1.8283251495684002e-13  9.531414073451701e-14  4.968911260726188e-14  2.590389938649498e-14  1.3504205815251153e-14  7.040004749081843e-15  3.670091195671927e-15  1.9132898150821985e-15  9.974351375285295e-16  5.199823078208434e-16  2.710768753511623e-16  1.4131763955220486e-16  7.367162994901783e-17  
6.206743889795895e-12  3.168379544277635e-12  1.617374442193566e-12  8.256271225413911e-13  4.214609355094513e-13  2.1514472491375403e-13  1.0982572466001872e-13  5.606314448069068e-14  2.861876103064779e-14  1.4609124952158492e-14  7.457574129055466e-15  3.806895489804145e-15  1.943320042080049e-15  9.920137802743552e-16  5.063969490073728e-16  2.585023263417315e-16  1.3195864006501777e-16  6.73614157916295e-17  
5.1192843363699065e-12  2.6117382577865303e-12  1.3324473264211633e-12  6.797832334054736e-13  3.4680938995192774e-13  1.7693397990457083e-13  9.026754797270755e-14  4.605237626712404e-14  2.3494837374889162e-14  1.198651248896698e-14  6.115236268956683e-15  3.1198494691082678e-15  1.5916736953085484e-15  8.120344194238599e-16  4.142808292130626e-16  2.1135631858466513e-16  1.0782901417503957e-16  5.501182257441372e-17  
4.330017654751258e-12  2.3204988890469617e-12  1.2435780921492607e-12  6.66445684836653e-13  3.57154772700906e-13  1.91402742286944e-13  1.0257460505964386e-13  5.4970735933179024e-14  2.945935601973052e-14  1.578755754975107e-14  8.460706785978882e-15  4.534175669208426e-15  2.429909169445716e-15  1.3022121334763303e-15  6.97868242112026e-16  3.7399442904006867e-16  2.0042727912320436e-16  1.074109427775112e-16  
6.694615069328727e-12  3.3886114545117832e-12  1.7152125209194207e-12  8.681886464149423e-13  4.394508065739687e-13  2.224366929882809e-13  1.1259071925092611e-13  5.699001316347e-14  2.884661917057403e-14  1.4601285231945065e-14  7.390728499722986e-15  3.740962996675953e-15  1.8935622033772827e-15  9.584638557625424e-16  4.851453842734748e-16  2.4556590472011423e-16  1.242980259439423e-16  6.291589734808742e-17  
4.131912320347896e-12  2.156763977100666e-12  1.1257815975454744e-12  5.876323134234571e-13  3.067306629743126e-13  1.6010640916008158e-13  8.3571893352841e-14  4.3622621950102266e-14  2.277001357103817e-14  1.188542767141137e-14  6.2039221229111575e-15  3.238305828887016e-15  1.6903217728469545e-15  8.823094070588347e-16  4.605453838965586e-16  2.4039418477410074e-16  1.2548028075813772e-16  6.549784419259955e-17  
6.121063287968657e-12  3.112295861921891e-12  1.5824677962692104e-12  8.046164109483943e-13  4.0911263426262987e-13  2.0801607478528444e-13  1.0576717447767559e-13  5.377803233975092e-14  2.7343802806661246e-14  1.3903140732371367e-14  7.069145560727726e-15  3.594354680047389e-15  1.827573849624989e-15  9.29242234878464e-16  4.724794739534641e-16  2.402353712824296e-16  1.2214929281963076e-16  6.210763076514175e-17  
5.953529182368017e-12  3.0600299896772725e-12  1.572812234708799e-12  8.084032947371801e-13  4.155078861418728e-13  2.1356519025842996e-13  1.097694941812635e-13  5.641997105534768e-14  2.899906898204157e-14  1.4905112251834412e-14  7.661017371880593e-15  3.937654824775501e-15  2.0238990158133083e-15  1.0402555349537563e-15  5.34676665953646e-16  2.748162614948409e-16  1.4125168048487153e-16  7.260137057127803e-17  
4.914983346819785e-12  2.5837464044851123e-12  1.3582437643474938e-12  7.140120718451414e-13  3.7534738028818263e-13  1.973155097015749e-13  1.0372634102015093e-13  5.4527664032599696e-14  2.866452354927328e-14  1.5068588117319884e-14  7.921371777176826e-15  4.164167893084198e-15  2.1890519381699026e-15  1.1507577290444555e-15  6.049392103791972e-16  3.1800911609612117e-16  1.6717348815403215e-16  8.788105034428966e-17  
4.770683303290196e-12  2.4738397080523873e-12  1.2828105560719205e-12  6.652019196769646e-13  3.449407177446944e-13  1.7886914520031152e-13  9.275266577363131e-14  4.809693141028089e-14  2.4940682747933674e-14  1.2933000873317956e-14  6.706412702479066e-15  3.477612951280501e-15  1.8033175671463433e-15  9.351110355110668e-16  4.849021961885081e-16  2.5144622503565347e-16  1.3038753914016383e-16  6.76125098343278e-17  
