1.2908589753571546e-12  1.14725301215145e-12  1.01962297897523e-12  9.061915795755432e-13  8.053792390192563e-13  7.157821075175462e-13  6.361525112891692e-13  5.65381578233424e-13  5.024837964687598e-13  4.46583290708872e-13  3.969016253696533e-13  3.527469645606762e-13  3.1350443801000563e-13  2.7862757876422044e-13  2.4763071343039223e-13  2.2008219899127754e-13  1.9559841201382902e-13  1.7383840654849112e-13  
1.1554531302311088e-12  1.0510872812315134e-12  9.561482364461468e-13  8.697845234963984e-13  7.912215789109668e-13  7.197548013590927e-13  6.547432323477628e-13  5.956038077074523e-13  5.418061283101523e-13  4.928677031202335e-13  4.4834962191486677e-13  4.0785261886426843e-13  3.710134916675089e-13  3.3750184412847035e-13  3.0701712295734704e-13  2.7928592222188517e-13  2.540595312730009e-13  2.311117041530532e-13  
9.73296438600237e-13  9.076107815620037e-13  8.463581064698973e-13  7.8923924102633e-13  7.359752034205539e-13  6.863058397166737e-13  6.399885532013759e-13  5.96797119485212e-13  5.565205815701151e-13  5.189622194864055e-13  4.839385894667487e-13  4.5127862796417147e-13  4.2082281613795137e-13  3.9242240072653285e-13  3.6593866750203436e-13  3.4124226375772823e-13  3.1821256651936514e-13  2.9673709339454043e-13  
1.2826597748187321e-12  1.1716124844544994e-12  1.0701792015919684e-12  9.7752758588371e-13  8.928973575100042e-13  8.15594058481326e-13  7.449833540610377e-13  6.804858275469415e-13  6.215722256987588e-13  5.677591157965114e-13  5.186049186925245e-13  4.737062853051115e-13  4.3269478682019727e-13  3.9523389144137193e-13  3.610162028802115e-13  3.297609379264966e-13  3.0121162239979704e-13  2.751339865758788e-13  
1.367106061791327e-12  1.2258649087204494e-12  1.0992159397370679e-12  9.856515783890384e-13  8.838200019308196e-13  7.925090497898815e-13  7.106317945133161e-13  6.372136034372181e-13  5.713805370663521e-13  5.123489460632635e-13  4.594161430137296e-13  4.1195203792914633e-13  3.693916379183593e-13  3.312283217481668e-13  2.9700780923566834e-13  2.663227536866248e-13  2.388078930104735e-13  2.141357017928952e-13  
1.3576884372216729e-12  1.2484751093181716e-12  1.1480469714956627e-12  1.0556973374344382e-12  9.707763671151958e-13  8.926864940662064e-13  8.208782204456499e-13  7.548462503702241e-13  6.941259342812746e-13  6.38289999328396e-13  5.869455427630668e-13  5.397312671856318e-13  4.963149381907841e-13  4.563910465216781e-13  4.196786582818599e-13  3.8591943807753056e-13  3.5487583117951084e-13  3.2632939191326306e-13  
1.4906924650374068e-12  1.382740980823392e-12  1.2826070198191136e-12  1.1897244604044775e-12  1.1035681777917805e-12  1.023651075157879e-12  9.495213297728763e-13  8.807598385559239e-13  8.169778486162203e-13  7.578147593831367e-13  7.029360838994961e-13  6.520315577518891e-13  6.048133849465906e-13  5.610146108138938e-13  5.203876127418348e-13  4.827027002064655e-13  4.4774681618373846e-13  4.153223326012571e-13  
9.398461691978376e-13  8.815364817953889e-13  8.268444285935173e-13  7.755455652881594e-13  7.274293724893904e-13  6.822983917955838e-13  6.399674154670319e-13  6.002627263736187e-13  5.630213850974599e-13  5.280905612649314e-13  4.953269063640198e-13  4.645959654731725e-13  4.3577162548751165e-13  4.087355975780497e-13  3.8337693176003523e-13  3.5959156157832004e-13  3.372818770412365e-13  3.163563240503984e-13  
9.58196399825573e-13  8.932850485085329e-13  8.327710039759591e-13  7.763563783151156e-13  7.23763463512669e-13  6.747333644024439e-13  6.290247242217584e-13  5.864125365027319e-13  5.466870374499544e-13  5.096526733521082e-13  4.751271379444927e-13  4.429404749837583e-13  4.129342416171528e-13  3.849607284278675e-13  3.5888223231705573e-13  3.345703786431986e-13  3.1190548928195994e-13  2.9077599349573063e-13  
1.0041865895696655e-12  9.276159116975049e-13  8.568838586095236e-13  7.915452267327909e-13  7.311887599098509e-13  6.754345608592593e-13  6.239317000159948e-13  5.763560067012417e-13  5.324080287186657e-13  4.918111475344236e-13  4.5430983717741684e-13  4.196680559009179e-13  3.8766776048231845e-13  3.581075338096696e-13  3.3080131711672917e-13  3.0557723888691897e-13  2.822765330550459e-13  2.60752539697705e-13  
1.1730821677851715e-12  1.0783108504927278e-12  9.911959470713623e-13  9.111189088394702e-13  8.375111586135853e-13  7.698500535958625e-13  7.076551744130263e-13  6.504849139575642e-13  5.979333418106505e-13  5.496273219830217e-13  5.052238635086718e-13  4.644076850795892e-13  4.2688897642951686e-13  3.924013405717215e-13  3.6069990227987866e-13  3.315595693815782e-13  3.0477343451897576e-13  2.801513060284887e-13  
1.2284067108561087e-12  1.1333405525870179e-12  1.0456315459584823e-12  9.647103224249787e-13  8.900515767628338e-13  8.211706570182489e-13  7.576204183585919e-13  6.989883204035287e-13  6.448937491931379e-13  5.94985546408398e-13  5.489397298048222e-13  5.064573900612957e-13  4.672627503913749e-13  4.31101376320894e-13  3.9773852401053607e-13  3.669576164014037e-13  3.385588372913875e-13  3.1235783421569494e-13  
9.153877473205561e-13  8.507351302116029e-13  7.906488413185035e-13  7.348063669626587e-13  6.829079721769337e-13  6.346750918756142e-13  5.898488356538837e-13  5.481885981913236e-13  5.094707678007598e-13  4.734875261905876e-13  4.4004573299828085e-13  4.089658891078167e-13  3.80081173186607e-13  3.532365462705442e-13  3.282879195910121e-13  3.0510138117716547e-13  2.835524770822623e-13  2.635255433760206e-13  
1.11389020212774e-12  1.043765875174989e-12  9.780561855187895e-13  9.164832121678534e-13  8.587865304895316e-13  8.047221107364612e-13  7.540612859158474e-13  7.065897846359477e-13  6.62106824839159e-13  6.20424264588625e-13  5.813658063165919e-13  5.447662511688583e-13  5.104708002915476e-13  4.783344001049772e-13  4.4822112879543865e-13  4.2000362143004216e-13  3.9356253126312986e-13  3.687860249558385e-13  
1.021240095444165e-12  9.381365976496749e-13  8.617956539073494e-13  7.916669608181481e-13  7.272449959679457e-13  6.680653738711551e-13  6.137014984497437e-13  5.637614879170473e-13  5.178853498994188e-13  4.757423864325892e-13  4.370288101266658e-13  4.0146555431590175e-13  3.6879626140770984e-13  3.387854349299441e-13  3.112167419554866e-13  2.8589145366717513e-13  2.626270128218905e-13  2.4125571778737157e-13  
9.911574386304289e-13  9.276421596091717e-13  8.681970620867516e-13  8.125613209878674e-13  7.604908254107573e-13  7.117571075507425e-13  6.661463402604162e-13  6.234583988481075e-13  5.835059829981076e-13  5.461137949599399e-13  5.111177704008468e-13  4.783643585467314e-13  4.477098484530536e-13  4.190197384495878e-13  3.921681459923745e-13  3.670372553334966e-13  3.4351680058524145e-13  3.2150358191050724e-13  
9.363681250137784e-13  8.646369444553817e-13  7.98400784633862e-13  7.372386953757569e-13  6.807619737104854e-13  6.286116935492519e-13  5.804564246047463e-13  5.359901260547058e-13  4.94930201562955e-13  4.570157032970153e-13  4.220056735282868e-13  3.896776132751893e-13  3.598260682570412e-13  3.322613231719989e-13  3.068081960008111e-13  2.833049246738355e-13  2.616021390257627e-13  2.415619115045154e-13  
1.3287557496497854e-12  1.2101865489650045e-12  1.1021976640039627e-12  1.0038449787553559e-12  9.142686237526972e-13  8.326854584808981e-13  7.583822246021793e-13  6.907093101419212e-13  6.290750701165072e-13  5.729406539500329e-13  5.218152944574581e-13  4.752520172071272e-13  4.328437327508373e-13  3.942196775569387e-13  3.590421725305576e-13  3.270036707816126e-13  2.978240688300996e-13  2.712482577412812e-13  
1.309692572665581e-12  1.2045562933686442e-12  1.1078598857294553e-12  1.0189258344880532e-12  9.371310122882378e-13  8.619023136591931e-13  7.927126394815971e-13  7.290772038028837e-13  6.705501371249067e-13  6.167213623645228e-13  5.672137215981271e-13  5.216803334583268e-13  4.79802162667021e-13  4.412857846755313e-13  4.0586132974945066e-13  3.732805920931945e-13  3.4331529076560036e-13  3.1575547020146733e-13  
9.25418418515145e-13  8.650984603581608e-13  8.087102343552637e-13  7.559974651673487e-13  7.067205818102512e-13  6.60655628843491e-13  6.175932485291281e-13  5.773377293348091e-13  5.397061164566029e-13  5.045273803190988e-13  4.716416392737332e-13  4.408994329626349e-13  4.1216104304554583e-13  3.852958582026322e-13  3.6018178052722484e-13  3.3670467061064205e-13  3.147578287970947e-13  2.942415102510606e-13  
1.3045095509176618e-12  1.2032618389369195e-12  1.1098723286643398e-12  1.0237311165981237e-12  9.44275636056692e-13  8.70986983196584e-13  8.033865281814183e-13  7.410327893703068e-13  6.835185501118266e-13  6.304681993140618e-13  5.81535278422633e-13  5.364002187866522e-13  4.947682546358998e-13  4.563674980394064e-13  4.209471632734695e-13  3.882759290029028e-13  3.5814042757933193e-13  3.303438515905213e-13  
1.3105639899698495e-12  1.193544199741643e-12  1.0869730647564123e-12  9.899176283221849e-13  9.015282371165481e-13  8.210311030585535e-13  7.47721529328426e-13  6.809577412335471e-13  6.201552679142122e-13  5.647818257048718e-13  5.143526583582182e-13  4.684262933389994e-13  4.2660067703683997e-13  3.885096550645285e-13  3.5381976682921247e-13  3.222273263151863e-13  2.934557635225397e-13  2.6725320328780007e-13  
1.3592587395524319e-12  1.2341052537407027e-12  1.1204752509532463e-12  1.017307708717141e-12  9.236392979986513e-13  8.385953880986919e-13  7.613818797708001e-13  6.91277790303199e-13  6.276285213279911e-13  5.698397464955234e-13  5.173718619399531e-13  4.697349477171241e-13  4.2648419316707704e-13  3.8721574348542353e-13  3.51562928720857e-13  3.191928399869905e-13  2.898032209188274e-13  2.631196453477771e-13  
1.4602389249292418e-12  1.3479461146432675e-12  1.2442886550705561e-12  1.1486024851572329e-12  1.0602746103431784e-12  9.787391755333777e-13  9.034738400589475e-13  8.339964314047466e-13  7.698618562663316e-13  7.106592491475603e-13  6.560093402318896e-13  6.055620256651612e-13  5.589941246843656e-13  5.160073092238771e-13  4.763261927355868e-13  4.3969656597934246e-13  4.05883768481628e-13  3.7467118522956036e-13  
1.1656172756287597e-12  1.074981481839548e-12  9.913933247725772e-13  9.143047959502687e-13  8.432104988092668e-13  7.776443352932449e-13  7.171764500888429e-13  6.614104124709911e-13  6.099806172816382e-13  5.625498880025684e-13  5.188072662079132e-13  4.784659729038994e-13  4.4126152839025745e-13  4.0695001831700625e-13  3.753064945687845e-13  3.461235004928436e-13  3.1920971080201443e-13  2.94388677235779e-13  
1.0447121440576186e-12  9.493367166980878e-13  8.626684458464568e-13  7.83912424716439e-13  7.123463163438607e-13  6.473137284336582e-13  5.882181930402777e-13  5.345176958641165e-13  4.857197049876364e-13  4.413766534555524e-13  4.010818342660847e-13  3.644656701228233e-13  3.3119232373399745e-13  3.009566175693873e-13  2.7348123482340476e-13  2.4851417591204993e-13  2.258264471751605e-13  2.0520996058512093e-13  
1.0382186764911504e-12  9.583137912605007e-13  8.845586612098505e-13  8.164799799992331e-13  7.536408685747935e-13  6.956380715993827e-13  6.420993696555126e-13  5.926811906140826e-13  5.470664048403972e-13  5.049622900887218e-13  4.660986530255628e-13  4.3022609532698686e-13  3.9711441322306126e-13  3.665511202188674e-13  3.383400835119928e-13  3.1230026535602973e-13  2.882645612930739e-13  2.660787277998513e-13  
1.2887757685065573e-12  1.1910151899950105e-12  1.1006702775321717e-12  1.0171785129355266e-12  9.400200480542976e-13  8.687144680178796e-13  8.028178000092999e-13  7.41919748939311e-13  6.856411428094815e-13  6.336315718582474e-13  5.855672067904399e-13  5.41148782505849e-13  5.000997347728242e-13  4.621644782452154e-13  4.271068151009929e-13  3.947084643941957e-13  3.647677029634499e-13  3.3709810943488907e-13  
1.3205929553636853e-12  1.1894463349668133e-12  1.0713237398546929e-12  9.649317685343646e-13  8.691054657793209e-13  7.827955667733722e-13  7.050570080244279e-13  6.350385792466755e-13  5.719736029028505e-13  5.151715393508205e-13  4.640104256737391e-13  4.1793006540158687e-13  3.764258945539033e-13  3.390434568390071e-13  3.053734275150485e-13  2.7504713142589623e-13  2.4773250613590545e-13  2.2313046596129014e-13  
1.1671277646429839e-12  1.0675938271324275e-12  9.765482531211198e-13  8.932671456479092e-13  8.170883424794756e-13  7.47406151304944e-13  6.836665339188837e-13  6.253627011024686e-13  5.72031083178011e-13  5.232476441990297e-13  4.786245104702358e-13  4.3780688659103907e-13  4.0047023450224783e-13  3.66317693106767e-13  3.350777179478749e-13  3.065019221783298e-13  2.8036310165400166e-13  2.5645342844968777e-13  
1.1904444795497067e-12  1.0894380037968235e-12  9.970016951699844e-13  9.124083947021942e-13  8.34992641192149e-13  7.641454362907387e-13  6.993094537579186e-13  6.399746552031139e-13  5.856742778199669e-13  5.359811625525616e-13  4.905043938082977e-13  4.4888622428339816e-13  4.1079926070989765e-13  3.7594388838552707e-13  3.4404591422631155e-13  3.148544098007349e-13  2.881397373774937e-13  2.6369174345855793e-13  
1.4722416706526181e-12  1.3419878255055659e-12  1.223257947186644e-12  1.115032474151962e-12  1.0163820486700211e-12  9.264595362070886e-13  8.444927508826145e-13  7.6977782452646e-13  7.016731623964593e-13  6.395939336526371e-13  5.830070492764767e-13  5.314265843094475e-13  4.844096051004664e-13  4.4155236572988707e-13  4.0248684094780393e-13  3.668775658541963e-13  3.3441875518249665e-13  3.0483167744919095e-13  
1.2983244782767904e-12  1.1800222650058762e-12  1.0724996479753199e-12  9.747743996181778e-13  8.859537921012393e-13  8.052264421860271e-13  7.3185489917907e-13  6.651689082617922e-13  6.045592876600065e-13  5.494723637204747e-13  4.994049130585188e-13  4.5389956557280676e-13  4.1254062633348844e-13  3.7495027817630296e-13  3.4078513031305445e-13  3.097330814297427e-13  2.8151046861650176e-13  2.5585947608459916e-13  
1.1756020625518873e-12  1.0820938855353813e-12  9.960234116732663e-13  9.167990410651064e-13  8.438762300635776e-13  7.767537483885136e-13  7.149702339526142e-13  6.581010217186293e-13  6.057552247913694e-13  5.575730476816177e-13  5.132233132748323e-13  4.724011865064195e-13  4.3482607909740194e-13  4.002397209488185e-13  3.684043849387074e-13  3.3910125291992944e-13  3.1212891168762047e-13  2.8730196857840225e-13  
1.3096703619703536e-12  1.1879159581750619e-12  1.0774805360670743e-12  9.773118187476185e-13  8.864553549618084e-13  8.040454246705389e-13  7.292967900921307e-13  6.614972136140481e-13  6.000006712820866e-13  5.442211972021969e-13  4.93627300201714e-13  4.4773689954950806e-13  4.061127314803854e-13  3.683581827551002e-13  3.341135115563184e-13  3.0305241971158165e-13  2.7487894358191465e-13  2.4932463399110695e-13  
1.7601053090103116e-12  1.5698597492373964e-12  1.4001773755579661e-12  1.2488355625250982e-12  1.1138519229436107e-12  9.93458341093842e-13  8.860778126419717e-13  7.903037878688638e-13  7.048817476397434e-13  6.286927707831046e-13  5.607388776322055e-13  5.001299577479975e-13  4.460721105931174e-13  3.9785724643445464e-13  3.5485381125920745e-13  3.164985142125096e-13  2.822889491964755e-13  2.517770139829009e-13  
9.644940916923557e-13  8.883205878723568e-13  8.181630905102452e-13  7.535464693850604e-13  6.940331189574475e-13  6.392199947574355e-13  5.887358838314287e-13  5.422388907629546e-13  4.994141222416573e-13  4.599715544996556e-13  4.236440691728234e-13  3.901856442851889e-13  3.593696881051827e-13  3.309875045900519e-13  3.048468800259107e-13  2.8077078129167884e-13  2.5859615693111026e-13  2.381728329133701e-13  
8.871346573225615e-13  8.324003603624912e-13  7.810430515957971e-13  7.32854378126917e-13  6.876388419850328e-13  6.452130070029115e-13  6.054047546296118e-13  5.680525856579434e-13  5.330049650338371e-13  5.001197070895672e-13  4.692633987067567e-13  4.4031085806898477e-13  4.131446268081893e-13  3.8765449348454584e-13  3.6373704646660813e-13  3.41295254397782e-13  3.202380725471143e-13  3.00480073447389e-13  
1.4995120926286633e-12  1.3636036803249874e-12  1.240013339096367e-12  1.1276246194718827e-12  1.0254222614780206e-12  9.324830233195495e-13  8.479673413037221e-13  7.711117456679906e-13  7.012219637998525e-13  6.376666485469839e-13  5.798716749625405e-13  5.273149539654606e-13  4.79521716065125e-13  4.3606022254605667e-13  3.96537865369776e-13  3.605976205623998e-13  3.279148230497721e-13  2.981942338057001e-13  
1.3013503206787446e-12  1.185703969220187e-12  1.0803346956500034e-12  9.843292127905909e-13  8.968553940313704e-13  8.171550608792958e-13  7.445374114539687e-13  6.783730329689026e-13  6.180884463021766e-13  5.631611353715936e-13  5.131150182315023e-13  4.675163206370571e-13  4.2596981631007043e-13  3.881154013190033e-13  3.5362497288155804e-13  3.221995855369314e-13  2.9356686003887235e-13  2.674786225111532e-13  
9.738240027627738e-13  9.381084922073856e-13  9.037028668988315e-13  8.705590861026188e-13  8.386308710036104e-13  8.078736400867008e-13  7.782444468874391e-13  7.497019200256817e-13  7.222062054385409e-13  6.957189107319732e-13  6.702030515732992e-13  6.456230000498099e-13  6.219444349213452e-13  5.991342936973878e-13  5.771607264717536e-13  5.559930514504191e-13  5.356017121103912e-13  5.159582359297957e-13  
1.2979486412540794e-12  1.2022267996232004e-12  1.113564305854001e-12  1.0314405432159301e-12  9.553732897119792e-13  8.849158865224177e-13  8.196546152717271e-13  7.592062687183131e-13  7.032159006023539e-13  6.513547414391251e-13  6.033182680195631e-13  5.588244152823807e-13  5.176119200580358e-13  4.794387869591959e-13  4.4408086740956933e-13  4.113305434673132e-13  3.8099550871456744e-13  3.528976390546285e-13  
1.122333594711177e-12  1.0420736634276262e-12  9.675532525504823e-13  8.983619194844329e-13  8.341185730628781e-13  7.744693745787252e-13  7.190857889159447e-13  6.676627750479303e-13  6.199171059363132e-13  5.755858085765921e-13  5.344247155986771e-13  4.962071204448771e-13  4.607225287183297e-13  4.2777549882457286e-13  3.9718456552075236e-13  3.687812404436072e-13  3.424090841113508e-13  3.179228442882324e-13  
1.7207752914030834e-12  1.5162668695927415e-12  1.3360635937246423e-12  1.1772768780180907e-12  1.0373614355078877e-12  9.140744781215768e-13  8.054397656918487e-13  7.097159276242862e-13  6.253685494295662e-13  5.510455766784978e-13  4.855556421152222e-13  4.278489685209472e-13  3.7700054120882737e-13  3.3219528041187786e-13  2.9271497588328204e-13  2.5792677427601027e-13  2.2727303475909202e-13  2.002623902601635e-13  
1.129672295266359e-12  1.0466627601273656e-12  9.697528549012816e-13  8.984943722223855e-13  8.324720394842031e-13  7.713010987579814e-13  7.146250645413517e-13  6.621136462700346e-13  6.134608234856179e-13  5.683830624420772e-13  5.266176637579662e-13  4.879212314849022e-13  4.520682546705446e-13  4.188497931498522e-13  3.88072259905811e-13  3.595562929036066e-13  3.3313570982363404e-13  3.086565396018503e-13  
1.22645975504294e-12  1.1022795175918156e-12  9.906726493931358e-13  8.903660846386593e-13  8.002156566655985e-13  7.191930467933632e-13  6.463740546032194e-13  5.809280558634863e-13  5.221085278500115e-13  4.692445339871216e-13  4.2173307067691877e-13  3.7903218901951943e-13  3.4065481296577727e-13  3.061631833880277e-13  2.751638646940472e-13  2.4730325702618327e-13  2.2226356285466706e-13  1.9975916195725718e-13  
1.028633423253433e-12  9.372947404323755e-13  8.540665805545631e-13  7.782287604469828e-13  7.091250464262316e-13  6.461574758303507e-13  5.887811827767441e-13  5.364996833728479e-13  4.888605795819175e-13  4.454516445689729e-13  4.058972556529329e-13  3.6985514399885083e-13  3.3701343292494916e-13  3.070879391965741e-13  2.798197139548425e-13  2.5497280200134736e-13  2.323322000497427e-13  2.117019962767184e-13  
1.372874652147515e-12  1.266150617458284e-12  1.1677230572960831e-12  1.0769470233156035e-12  9.932277039334513e-13  9.16016526814632e-13  8.44807564342529e-13  7.791342185191629e-13  7.185661635734797e-13  6.627065262440525e-13  6.111892852599494e-13  5.636768729798219e-13  5.198579634739073e-13  4.794454325553156e-13  4.4217447639366815e-13  4.0780087638327185e-13  3.760993988963448e-13  3.4686231943564864e-13  
1.348801409870828e-12  1.2298049991199313e-12  1.1213069061109713e-12  1.0223809291651311e-12  9.321825796523823e-13  8.49941872954301e-13  7.749567554356721e-13  7.065871113137574e-13  6.442492982644414e-13  5.874111651180695e-13  5.355875091131823e-13  4.883359339286743e-13  4.4525307313616927e-13  4.059711468338498e-13  3.7015482206719656e-13  3.3749835023540067e-13  3.0772295704671187e-13  2.8057446274189205e-13  
1.1306698143923818e-12  1.0357033880700618e-12  9.487133152451414e-13  8.690296516269976e-13  7.960387224161589e-13  7.291783961566545e-13  6.679337555436461e-13  6.118331318455474e-13  5.604444724001822e-13  5.133720132096578e-13  4.702532310083164e-13  4.3075605133046025e-13  3.945762910760918e-13  3.6143531587888184e-13  3.3107789423484344e-13  3.032702318655261e-13  2.7779817117759864e-13  2.544655419521603e-13  
1.310247349387839e-12  1.2095036046214778e-12  1.1165059561279244e-12  1.0306588135049486e-12  9.514123807627224e-13  8.782591352324816e-13  8.107305772087429e-13  7.483942295086219e-13  6.908508677323434e-13  6.37731963486543e-13  5.886973241958349e-13  5.434329143871571e-13  5.016488444936074e-13  4.630775142973541e-13  4.274718991215554e-13  3.9460396779544794e-13  3.642632222606819e-13  3.3625534946601626e-13  
1.2414674827332907e-12  1.1314357858384864e-12  1.0311562366961907e-12  9.397644990426665e-13  8.564728430393211e-13  7.805633556184736e-13  7.113817525985462e-13  6.483317392336501e-13  5.908698705896335e-13  5.385008674467957e-13  4.907733473557806e-13  4.472759340514799e-13  4.0763371169093984e-13  3.7150499335340344e-13  3.3857837594932135e-13  3.085700561538085e-13  2.812213842298555e-13  2.5629663465704335e-13  
1.029399994769147e-12  9.59403646112817e-13  8.941668553058314e-13  8.333659855963295e-13  7.766994066352441e-13  7.238859981018613e-13  6.746637550786947e-13  6.287884882570084e-13  5.860326125247626e-13  5.461840179272249e-13  5.090450173991329e-13  4.744313660481555e-13  4.42171347124362e-13  4.121049201412369e-13  3.8408292692210545e-13  3.579663516332038e-13  3.3362563113245106e-13  3.1094001221259456e-13  
1.034363659469278e-12  9.658929283411734e-13  9.019546853552201e-13  8.422488979512246e-13  7.864953945227008e-13  7.344325497012889e-13  6.858160566700785e-13  6.404177807448708e-13  5.980246888437702e-13  5.584378498216029e-13  5.214715009781885e-13  4.869521763600295e-13  4.5471789276493447e-13  4.2461738962987534e-13  3.965094192352248e-13  3.702620838946288e-13  3.4575221702025617e-13  3.2286480515904777e-13  
9.843301326385107e-13  9.27999044907488e-13  8.748916636746646e-13  8.24823503179067e-13  7.776206353814064e-13  7.331190857684674e-13  6.911642637343066e-13  6.516104255595048e-13  6.14320168122957e-13  5.791639515874428e-13  5.460196494008721e-13  5.147721240499862e-13  4.853128270927591e-13  4.575394220800808e-13  4.3135542905681773e-13  4.0666988940731063e-13  3.8339704988104026e-13  3.614560647008217e-13  
1.1245384444189101e-12  1.0197355104091405e-12  9.246998324959212e-13  8.385211375790103e-13  7.6037398673358e-13  6.895098689705246e-13  6.252500318298355e-13  5.669789801368637e-13  5.141385806510859e-13  4.662227161403837e-13  4.22772437676347e-13  3.8337156871820384e-13  3.4764271888029763e-13  3.152436692020846e-13  2.8586409429795056e-13  2.5922258999086414e-13  2.350639779598699e-13  2.1315686158473152e-13  
1.5250213037631169e-12  1.3728043781939936e-12  1.2357806780391922e-12  1.1124337221477018e-12  1.0013983938759589e-12  9.014458329448275e-13  8.114698352854054e-13  7.30474610356788e-13  6.575637604424678e-13  5.919303599560368e-13  5.328480249609788e-13  4.796628740683339e-13  4.317862917411453e-13  3.8868841391507997e-13  3.498922638386859e-13  3.1496847323292643e-13  2.835305303475306e-13  2.5523050232301195e-13  
1.3116379084490714e-12  1.2062739410714792e-12  1.1093738687597692e-12  1.0202577862154867e-12  9.383004049816272e-13  8.629266660678401e-13  7.936077050137675e-13  7.298571410791303e-13  6.71227664523444e-13  6.173078980298e-13  5.677195102506987e-13  5.221145612229543e-13  4.801730610256097e-13  4.416007245510381e-13  4.0612690663544126e-13  3.7350270306046463e-13  3.434992041014885e-13  3.1590588836851047e-13  
1.2060330540129912e-12  1.1059194423053627e-12  1.014116328569407e-12  9.299338528014837e-13  8.527394207389742e-13  7.819529501927613e-13  7.1704251198483e-13  6.575203327345602e-13  6.02939129456404e-13  5.528887484250698e-13  5.06993083050754e-13  4.649072476036188e-13  4.2631498554929065e-13  3.909262930201676e-13  3.584752395639644e-13  3.287179697933804e-13  3.014308709201682e-13  2.7640889240342604e-13  
1.3734761227599956e-12  1.2845250974978548e-12  1.2013348457679732e-12  1.1235322801147294e-12  1.0507684755059618e-12  9.827171044915384e-13  9.19072973706427e-13  8.595506551548457e-13  8.038832061371468e-13  7.518209720786293e-13  7.031304668912599e-13  6.575933258470143e-13  6.1500532626673e-13  5.751754716325098e-13  5.379251350161466e-13  5.030872579820636e-13  4.705056013720464e-13  4.4003404461172773e-13  
1.2442710935494624e-12  1.1295452936084888e-12  1.0253975817066333e-12  9.308526240774647e-13  8.450250158672637e-13  7.671109893998057e-13  6.963808869658169e-13  6.321723276454745e-13  5.738840041718638e-13  5.20970051743595e-13  4.729349360510207e-13  4.2932881264289083e-13  3.8974331417434014e-13  3.538077260841714e-13  3.21185514887002e-13  2.91571176568051e-13  2.646873755660704e-13  2.402823475512593e-13  
1.4136409119886486e-12  1.2949624970258624e-12  1.1862474087174142e-12  1.0866592028113972e-12  9.95431656480015e-13  9.118628730690708e-13  8.353098817673316e-13  7.651836906461063e-13  7.009447550075597e-13  6.420988261756389e-13  5.881931487905729e-13  5.388129773492726e-13  4.935783851901962e-13  4.521413413712957e-13  4.141830329508018e-13  3.794114120687122e-13  3.4755894895644697e-13  3.1838057358652537e-13  
1.437134915167381e-12  1.3132018414544126e-12  1.1999562867752124e-12  1.0964765999540687e-12  1.001920609523048e-12  9.155187696929306e-13  8.365678973896542e-13  7.644254493850286e-13  6.985042929460246e-13  6.382679274434706e-13  5.832261180311218e-13  5.329309058597156e-13  4.869729623550595e-13  4.449782578893742e-13  4.066050177338047e-13  3.715409405180638e-13  3.395006565595825e-13  3.1022340537673215e-13  
1.203097788842379e-12  1.063659952714517e-12  9.403828229933458e-13  8.313933898931729e-13  7.350357235980189e-13  6.498458149092141e-13  5.745293318368982e-13  5.079419541804182e-13  4.4907198731128767e-13  3.9702499100139067e-13  3.5101018975469775e-13  3.1032845816800825e-13  2.7436169877642234e-13  2.4256345099594984e-13  2.144505884803218e-13  1.8959597874588376e-13  1.6762199353865658e-13  1.4819477134339507e-13  
1.4604244080052537e-12  1.3592191473321958e-12  1.26502726217639e-12  1.1773627359432555e-12  1.095773232272448e-12  1.0198377610472276e-12  9.491645061459436e-13  8.833888037271374e-13  8.221712606165157e-13  7.651960030869307e-13  7.121690469953311e-13  6.628167808668219e-13  6.16884554098764e-13  5.741353630002517e-13  5.343486278871173e-13  4.973190549224534e-13  4.628555768299093e-13  4.3078036701399596e-13  
1.3554381751162375e-12  1.2312226347066874e-12  1.1183904983966373e-12  1.0158985642770078e-12  9.227992319137796e-13  8.382317412040999e-13  7.61414214124212e-13  6.916364257903098e-13  6.28253237996366e-13  5.706786345179922e-13  5.183803030350697e-13  4.708747135797296e-13  4.277226480069251e-13  3.885251391548319e-13  3.529197821501318e-13  3.205773837539527e-13  2.9119891876962236e-13  2.645127653723689e-13  
1.36210382083418e-12  1.211993199688876e-12  1.078425516193383e-12  9.595776562735766e-13  8.538274221011428e-13  7.597313901231962e-13  6.760052092472514e-13  6.01506070264277e-13  5.352171072285926e-13  4.762335178833445e-13  4.237502136841818e-13  3.7705083085179823e-13  3.3549795246118197e-13  2.9852440810530244e-13  2.656255323791647e-13  2.363522765174571e-13  2.103050791640174e-13  1.871284126130129e-13  
1.0138967047764006e-12  9.495377382924949e-13  8.89264076107699e-13  8.328163959841323e-13  7.799518366420536e-13  7.304429528701345e-13  6.840767369620342e-13  6.406537022690982e-13  5.99987024926242e-13  5.619017400583696e-13  5.262339890090749e-13  4.928303143528918e-13  4.615469996579441e-13  4.32249451158382e-13  4.048116186763009e-13  3.7911545330171343e-13  3.5505039949728605e-13  3.3251291944266595e-13  
1.293569395867389e-12  1.1623275759002871e-12  1.044401172456879e-12  9.3843924178125e-13  8.432279029745421e-13  7.576764319927977e-13  6.808047665076712e-13  6.117322784879375e-13  5.496676858824942e-13  4.938999878349136e-13  4.437903195849787e-13  3.987646337484182e-13  3.583071241328905e-13  3.2195431675463097e-13  2.8928976036350697e-13  2.5993925565208784e-13  2.335665684954019e-13  2.0986957811302454e-13  
1.1459899259979411e-12  1.0604130418847114e-12  9.812266180437672e-13  9.079534463725369e-13  8.401519543194823e-13  7.774135437966391e-13  7.193601288090629e-13  6.65641856961984e-13  6.159350011145855e-13  5.699400084746943e-13  5.273796953774746e-13  4.879975768691575e-13  4.5155632102923145e-13  4.178363187162406e-13  3.8663436011792187e-13  3.5776241013006167e-13  3.3104647518402883e-13  3.063255546940457e-13  
1.1191477711656635e-12  1.0402092480285392e-12  9.668386137758117e-13  8.986431401754725e-13  8.352577998831236e-13  7.763433125738537e-13  7.21584328889213e-13  6.706877424785741e-13  6.233811210998023e-13  5.79411248381449e-13  5.385427684410118e-13  5.005569261043623e-13  4.6525039598316e-13  4.324341941427006e-13  4.019326665347221e-13  3.735825487805935e-13  3.4723209227222116e-13  3.2274025191298657e-13  
1.2157571603413856e-12  1.1074229823123944e-12  1.0087422897919082e-12  9.188548761105423e-13  8.369771862407872e-13  7.623954864916758e-13  6.944596428410439e-13  6.325774536706625e-13  5.76209487502287e-13  5.248643807347989e-13  4.780945543924778e-13  4.35492312546991e-13  3.966862884027655e-13  3.613382070660143e-13  3.291399367782423e-13  2.9981080290962297e-13  2.7309514129813336e-13  2.487600696067301e-13  
1.1910001210442863e-12  1.0787800184608218e-12  9.771336775431424e-13  8.850648023229591e-13  8.016709712437405e-13  7.261347919927455e-13  6.577158897550198e-13  5.957436503614871e-13  5.396106472024323e-13  4.887666874796651e-13  4.4271341944115685e-13  4.009994477404642e-13  3.6321590904368327e-13  3.289924645178428e-13  2.9799366992073776e-13  2.6991568771330795e-13  2.444833089680269e-13  2.2144725588326272e-13  
1.0814147375218002e-12  1.0171975538910214e-12  9.567937515009307e-13  8.999768819826547e-13  8.465339440528663e-13  7.962645849913209e-13  7.48980349536704e-13  7.045039733849746e-13  6.626687186415889e-13  6.233177487362783e-13  5.863035404569924e-13  5.514873308987761e-13  5.187385972542424e-13  4.879345674954223e-13  4.589597601125827e-13  4.3170555118453606e-13  4.060697671574249e-13  3.819563018053493e-13  
9.797287781698557e-13  9.231530573606856e-13  8.698443756100767e-13  8.196140734708755e-13  7.722843858826689e-13  7.276878130611607e-13  6.856665277163649e-13  6.460718165017591e-13  6.087635537176891e-13  5.736097054064589e-13  5.404858620840982e-13  5.092747984551476e-13  4.798660585522869e-13  4.521555648326218e-13  4.2604524984721475e-13  4.014427091803424e-13  3.782608744302292e-13  3.5641770507393733e-13  
1.387900282991495e-12  1.277867148460053e-12  1.1765574725539802e-12  1.0832796569587092e-12  9.973969334734211e-13  9.183230170638218e-13  8.455181035421476e-13  7.784851845522515e-13  7.167666547037371e-13  6.599411876934741e-13  6.07620860089102e-13  5.594485031398065e-13  5.150952645362998e-13  4.742583634751748e-13  4.3665902370240153e-13  4.020405704257342e-13  3.7016667810444875e-13  3.4081975715481646e-13  
1.3185391905907172e-12  1.1857426745817484e-12  1.0663207437121259e-12  9.58926378248007e-13  8.623482233860468e-13  7.754969257762378e-13  6.973928461602098e-13  6.271550095296855e-13  5.639911681683969e-13  5.071888654935425e-13  4.56107399901375e-13  4.101705979731165e-13  3.688603155265684e-13  3.317105932085293e-13  2.9830240070601736e-13  2.68258910293629e-13  2.4124124640500637e-13  2.1694466328570326e-13  
1.1964763682710589e-12  1.1199567470305013e-12  1.0483308726202803e-12  9.812857696538056e-13  9.185284788172457e-13  8.597847767587377e-13  8.047979778459896e-13  7.533278125564484e-13  7.051493775990621e-13  6.600521531801082e-13  6.178390831189419e-13  5.783257137941545e-13  5.413393881576934e-13  5.067184912951177e-13  4.743117442354007e-13  4.439775429245239e-13  4.1558333947444684e-13  3.890050629837688e-13  
1.2642673816968321e-12  1.1508058233584013e-12  1.0475268619982357e-12  9.535166613995562e-13  8.67943397491689e-13  7.900498981776541e-13  7.191469436997452e-13  6.546071682631762e-13  5.958595089579408e-13  5.423841528616684e-13  4.937079376142582e-13  4.4940016476751787e-13  4.0906878886534546e-13  3.7235694853455816e-13  3.389398088926491e-13  3.0852168733336667e-13  2.8083343725839944e-13  2.556300666058164e-13  
1.1810533483677012e-12  1.0986641288647704e-12  1.0220223072246739e-12  9.507269501409309e-13  8.844050930539752e-13  8.227097890765223e-13  7.653182940241475e-13  7.119303780564995e-13  6.622667550969038e-13  6.160676218142428e-13  5.730912985241452e-13  5.331129648996888e-13  4.959234838777829e-13  4.613283076087901e-13  4.2914645972611264e-13  3.9920958861174143e-13  3.7136108670514705e-13  3.4545527124839117e-13  
1.2664562658344164e-12  1.1598539080908137e-12  1.062224669264198e-12  9.72813248394978e-13  8.909279210285481e-13  8.15935187743223e-13  7.472548731315782e-13  6.843556373188527e-13  6.267508652936229e-13  5.739949022488803e-13  5.256796058085217e-13  4.814311884658239e-13  4.409073258056729e-13  4.037945081385395e-13  3.6980561505731985e-13  3.386776941527952e-13  3.101699267029123e-13  2.8406176459760206e-13  
1.4208270417115002e-12  1.3123764242097893e-12  1.2122037575713552e-12  1.1196771922772796e-12  1.034213107388537e-12  9.552724292961893e-13  8.823572314585012e-13  8.150075936774628e-13  7.527987011042795e-13  6.953381646755096e-13  6.422635460782115e-13  5.932400716325698e-13  5.479585206720728e-13  5.061332751019812e-13  4.67500517833473e-13  4.318165687299025e-13  3.9885634756898165e-13  3.684119543258552e-13  
1.0153537654029048e-12  9.512612442466315e-13  8.912144571075431e-13  8.349580237409167e-13  7.822526843560969e-13  7.328742820395902e-13  6.866128094110112e-13  6.432715154572915e-13  6.026660687464947e-13  5.646237734623724e-13  5.289828349254358e-13  4.955916714767925e-13  4.643082697981716e-13  4.3499958092630513e-13  4.0754095439289586e-13  3.818156080835633e-13  3.5771413156106223e-13  3.35134020740399e-13  
1.179874303161509e-12  1.107443673385526e-12  1.0394594461760605e-12  9.756486638652768e-13  9.15755125227725e-13  8.595383568286686e-13  8.067726475197237e-13  7.572461422052912e-13  7.107599912412464e-13  6.671275520507061e-13  6.26173639751348e-13  5.877338237855439e-13  5.516537677292621e-13  5.17788609629065e-13  4.860023803792446e-13  4.561674578038717e-13  4.2816405425189104e-13  4.0187973564794776e-13  
1.4350585956812461e-12  1.286154435277978e-12  1.1527008279407171e-12  1.033094597576874e-12  9.258989164163362e-13  8.298260444219904e-13  7.437218596888482e-13  6.665519939956964e-13  5.973894069558714e-13  5.354032494956305e-13  4.798488828772541e-13  4.300589333655658e-13  3.854352750777139e-13  3.4544184470631913e-13  3.095982017993672e-13  2.77473757236592e-13  2.486826005691243e-13  2.2287886408332043e-13  
1.3203876968415872e-12  1.216298845171066e-12  1.1204155296987415e-12  1.0320908912920627e-12  9.507290640414983e-13  8.757811553608998e-13  8.067415429847362e-13  7.431444638805826e-13  6.845608720645832e-13  6.305955441217238e-13  5.808844129038352e-13  5.350921114176156e-13  4.929097103329615e-13  4.540526338481276e-13  4.1825873985147865e-13  3.8528655142800307e-13  3.549136277797698e-13  3.269350635700434e-13  
1.1908337740506506e-12  1.0986452102370067e-12  1.0135934370344608e-12  9.351259587958337e-13  8.627330514020455e-13  7.959444510982606e-13  7.343262996642499e-13  6.774783260748185e-13  6.250312463423854e-13  5.766443646511167e-13  5.32003360199595e-13  4.90818245375377e-13  4.528214819977504e-13  4.177662433918268e-13  3.854248110044083e-13  3.555870951460655e-13  3.280592702501729e-13  3.0266251578355926e-13  
1.1103562834711369e-12  1.0055879198826917e-12  9.107050409556985e-13  8.247748955843402e-13  7.469527429784481e-13  6.764735483949678e-13  6.126444624238864e-13  5.548380098958574e-13  5.024859214547157e-13  4.550735471558397e-13  4.1213479717294216e-13  3.732475598776463e-13  3.380295522490366e-13  3.0613456182042e-13  2.772490432195566e-13  2.5108903584447337e-13  2.273973723739079e-13  2.05941150670502e-13  
1.131000260338624e-12  1.0343380514069689e-12  9.459371868473738e-13  8.650916015741338e-13  7.911555751479837e-13  7.235385743530401e-13  6.617005365587026e-13  6.051475561943343e-13  5.53427939884234e-13  5.061285987349327e-13  4.628717489597132e-13  4.233118944879658e-13  3.871330674592262e-13  3.5404630456149504e-13  3.2378733905713954e-13  2.9611449006239637e-13  2.7080673222197636e-13  2.476619303610979e-13  
1.2174574594299564e-12  1.1281895483874294e-12  1.0454670487514148e-12  9.688100298281155e-13  8.977737509914836e-13  8.319460814338565e-13  7.709451091088034e-13  7.144169249940013e-13  6.620335698191101e-13  6.13491131346188e-13  5.685079811636484e-13  5.268231407641775e-13  4.88194767427091e-13  4.5239875112068645e-13  4.192274142842431e-13  3.884883069462036e-13  3.600030901881794e-13  3.3360650147698104e-13  
1.1503626354473974e-12  1.0735107562680746e-12  1.001793094031652e-12  9.348666488805039e-13  8.724113356299999e-13  8.14128452915861e-13  7.597392546126625e-13  7.08983616691084e-13  6.616187931379689e-13  6.174182549892023e-13  5.761706069229172e-13  5.376785762314859e-13  5.017580693369084e-13  4.682372913372536e-13  4.3695592437325383e-13  4.0776436088548255e-13  3.8052298809505183e-13  3.551015202857621e-13  
1.4479136407044051e-12  1.3204707798761721e-12  1.2042452198036547e-12  1.0982496330255388e-12  1.0015835949403948e-12  9.134259347668702e-13  8.330277597591676e-13  7.597060934190438e-13  6.928380736614142e-13  6.318556616474104e-13  5.76240816336825e-13  5.255210937681267e-13  4.792656336822548e-13  4.3708149939686487e-13  3.986103398385292e-13  3.635253453771038e-13  3.315284716023041e-13  3.0234790745867584e-13  
1.169917535122568e-12  1.0440386978079382e-12  9.31703961857703e-13  8.314560316240607e-13  7.419944111277857e-13  6.621585329887902e-13  5.909127026219025e-13  5.27332662381974e-13  4.705936013577141e-13  4.199594552677444e-13  3.7477335764860686e-13  3.3444911845993264e-13  2.984636195604494e-13  2.6635002840289036e-13  2.3769174191044813e-13  2.1211698196991803e-13  1.8929397242996422e-13  1.6892663503668794e-13  
1.2299361966837533e-12  1.144828890366289e-12  1.0656107135891571e-12  9.918741590742703e-13  9.23239917629617e-13  8.593549269397969e-13  7.998905553734618e-13  7.445409114649657e-13  6.93021270374001e-13  6.450666092287581e-13  6.00430243818239e-13  5.588825596207244e-13  5.202098306406538e-13  4.842131199778859e-13  4.5070725647374103e-13  4.1951988216957816e-13  3.9049056567792493e-13  3.634699769052406e-13  
1.1318320990118042e-12  1.0372321135538495e-12  9.505389167940235e-13  8.710916491432441e-13  7.98284686508553e-13  7.315630236391657e-13  6.704180433384077e-13  6.143836392903722e-13  5.630326629457191e-13  5.159736673813402e-13  4.728479233124283e-13  4.3332668451010573e-13  3.9710868177896737e-13  3.639178263912144e-13  3.335011054707202e-13  3.0562665328360933e-13  2.8008198373285535e-13  2.5667237058325803e-13  
1.206094312155566e-12  1.101269256708881e-12  1.0055548422283753e-12  9.181592372338665e-13  8.383594305504969e-13  7.654952499420638e-13  6.989639006017804e-13  6.38214978318195e-13  5.827459160609141e-13  5.320978263163906e-13  4.858517047780263e-13  4.436249639842649e-13  4.050682682279664e-13  3.6986264355272764e-13  3.377168389275656e-13  3.0836491676934624e-13  2.815640528796989e-13  2.5709252759561255e-13  
1.4165049196033342e-12  1.2984184504974964e-12  1.1901762212477326e-12  1.0909575700197298e-12  1.0000102491844515e-12  9.166447219903002e-13  8.402289346913414e-13  7.701835244953468e-13  7.059774269996787e-13  6.471238498118482e-13  5.931765818278748e-13  5.437266101864499e-13  4.983990192496078e-13  4.568501480988605e-13  4.1876498499573445e-13  3.83854779052254e-13  3.5185485100373337e-13  3.22522586485777e-13  
1.511468509224654e-12  1.3791835880080818e-12  1.2584763478840853e-12  1.1483335010323406e-12  1.0478304433852195e-12  9.56123492955505e-13  8.724428074718129e-13  7.960859218681711e-13  7.264118513776287e-13  6.628357107277865e-13  6.048238042685937e-13  5.518891458160526e-13  5.035873706027478e-13  4.595130050177062e-13  4.19296062821577e-13  3.825989392637568e-13  3.491135770288446e-13  3.1855888022170637e-13  
1.0040795641076454e-12  9.329937726439846e-13  8.669406398745643e-13  8.055638688093494e-13  7.485323872058638e-13  6.955385617334759e-13  6.462965385694435e-13  6.005407014757331e-13  5.580242390393284e-13  5.185178133475843e-13  4.818083229173339e-13  4.4769775320486657e-13  4.160021084963177e-13  3.86550419416983e-13  3.5918382070596673e-13  3.337546942815912e-13  3.1012587297517975e-13  2.881699006380754e-13  
1.4636835407634219e-12  1.3359350364958777e-12  1.219336265000544e-12  1.112914091275923e-12  1.0157803143499231e-12  9.271242543419405e-13  8.46205986517073e-13  7.723501658637818e-13  7.049403906548417e-13  6.434140579497792e-13  5.872576681027469e-13  5.360025390871932e-13  4.892208948690169e-13  4.465222951817176e-13  4.075503769063893e-13  3.719798798600744e-13  3.3951393216966034e-13  3.098815725750143e-13  
