1.141496899774779e-12   9.501357963953239e-14   2.3701782382839474   0.06304796753450045   0.9997655905719086   0.0020664429521393035   -0.0004231720289687981   0.0019616099613505356   
9.1048555303205e-13   8.982878984973723e-14   2.1953387212310242   0.05675944863261125   1.000036416510476   0.0020663152925452376   -0.0002741347473564899   0.00196038519004604   
1.1199438569492515e-12   9.192663961915003e-14   2.303627782812661   0.05699745631680533   1.0000143045269527   0.0020660269086031696   -0.0009748894879933977   0.0019598437433063867   
9.898279809938762e-13   9.182166006810602e-14   2.2888412947510117   0.06083637457761898   1.000010031334801   0.0020636614399501497   0.001585548301272302   0.001953438150714307   
7.601705599367607e-13   8.995880903148292e-14   2.1349563641733904   0.06188968279496953   1.000898912045954   0.002067781819281449   0.0001405414623185216   0.0019610596700851382   
1.0542840041875256e-12   8.932616114366737e-14   2.291896291908454   0.05795014061802728   1.0033999273639826   0.0020694188398773343   0.001510986351345809   0.001960204767903727   
9.994752417070678e-13   9.277534331534752e-14   2.418886045724608   0.07187616014476292   0.9997721487148089   0.0020659978113406223   -0.0006195161006374127   0.0019604962383352378   
1.0239131203009281e-12   8.84251565846857e-14   2.258206362782982   0.05736703868012903   0.9982034591087141   0.002063755122009066   -0.00029707754831235405   0.001962578150490061   
1.2050563392099338e-12   9.232911657986958e-14   2.2756394200235603   0.052247642443057477   0.9986153264001699   0.002064524269993285   -0.0012625471863591438   0.0019609201888324064   
9.678528310292928e-13   9.013184347987677e-14   2.282159710649475   0.062490735435557575   1.0030712368467862   0.00206939924748615   0.0005586055797220374   0.0019591333236625105   
9.802479580284719e-13   8.994550940724742e-14   2.3075671741367976   0.06310740339310023   0.9989067181302846   0.0020647212651925895   -0.0018703020462959624   0.001959337845116804   
7.947711111112278e-13   8.357788258060733e-14   2.267031469376588   0.06950995381742812   0.9988534943661711   0.0020636712729997357   -0.0008454229099467684   0.001960536545498226   
1.0773309600934577e-12   9.19843033657287e-14   2.3148455010854105   0.05912872658709656   1.00290838555948   0.002069760145513346   0.0029876225569050265   0.0019631685876732954   
9.803562049037493e-13   1.0166535604140006e-13   2.275276927858997   0.06177976478279986   0.9982570548766371   0.002057599565827383   -0.0014654130022603079   0.0019529653322236085   
1.0507510801681644e-12   9.03760201309619e-14   2.32461628312384   0.06267167137421145   0.994687522128607   0.0020601943934404053   -0.0016235467121362786   0.001964418885493918   
1.0488905226746698e-12   9.14096673249881e-14   2.252121208528974   0.05710750470014834   0.9973411272650197   0.0020551350962934264   -0.0006751855539358705   0.0019417273244316843   
1.0554604799043556e-12   9.049913429255228e-14   2.328428954791408   0.06087177204967957   1.0006900601084059   0.002066358453881812   -0.0011372800748973202   0.001958649865586044   
1.0877648829959161e-12   9.785850997480126e-14   2.238950888854071   0.05550570126345079   0.9986531628098254   0.0020664983844421634   0.00046090235276287405   0.0019650827299064395   
1.1361716770403825e-12   1.0840057289270991e-13   2.3058182547807125   0.056643734464249446   0.9988846985861448   0.002068863053949346   -0.0014727873661838395   0.0019605879015189777   
1.0614826734747258e-12   9.303651552361462e-14   2.367578500063671   0.06599637355848295   1.0005669819488778   0.002066818327905029   -0.0010536394893611906   0.0019595585967484724   
1.0781962008401114e-12   9.134067825869052e-14   2.2508914609321464   0.05453198187902117   0.9973526342021585   0.0020633059610805416   -0.001977776184257832   0.001960575481856513   
1.0829395877433848e-12   9.579659610816001e-14   2.3208343019634223   0.059580506004192256   0.9990637100159073   0.0020660739063272865   0.00026022857303040686   0.00196312688795885   
9.433421398895801e-13   9.951485894335943e-14   2.2718841968614654   0.0644491246264576   1.002485836622508   0.0020708154384840353   -0.0008183906965553778   0.001958624639437657   
1.0015337598708664e-12   9.175771015207361e-14   2.3975851897522626   0.06953668609489902   0.999588012554663   0.0020656728223593735   -0.00045510834343538535   0.0019608703360578204   
9.581223690939907e-13   8.765236838193695e-14   2.307439466019037   0.06211163446571948   1.0032965782400607   0.002068657167837485   0.0001898737322052153   0.001957706952206554   
1.0098651114613857e-12   8.87999317327855e-14   2.2860404672426817   0.060123893641141374   0.9990174665285393   0.0020645399771857652   -0.0009690122890667676   0.0019606618156571536   
8.785239668589207e-13   8.779744253756849e-14   2.2633167803620573   0.0639330761482984   0.9977507818903805   0.0020666583221919093   0.0003393722487551596   0.0019651010014796466   
1.0749739771063505e-12   9.166616025178278e-14   2.35977151540698   0.06356412244705868   0.998188966778817   0.0020645815498229686   0.0022802123904004964   0.0019670339751950935   
7.350972158056642e-13   8.224489463472404e-14   2.211393989753858   0.06836416095166052   0.9987874202944007   0.0020644276718433056   0.003791913961736302   0.0019677768810115242   
1.0625986495447208e-12   9.12658651795176e-14   2.338521446034585   0.060593553146911346   0.9979309279321066   0.0017179087397815648   0.00016146249487880367   0.001457825749744883   
9.391904524802698e-13   9.795814969544562e-14   2.4035413096251346   0.07735225514590258   1.0005304134064943   0.002070073628694166   0.005164695957275769   0.001984614172269938   
1.068678641643163e-12   9.399878874275922e-14   2.39271979484974   0.06717452651273413   0.9965901036553076   0.0020628512572508037   -0.001323660905972337   0.001962841074924564   
1.0194029431613483e-12   8.8284066542934e-14   2.2408008965672512   0.05591134588219551   0.9998639641660811   0.002064849725894297   -0.004205270029634634   0.001954304366173571   
9.646616759358208e-13   1.0626635998157332e-13   2.3212520266397165   0.06646343781263042   1.0034673125372515   0.0009493862699131741   0.0013698956633306444   0.0009051715260379644   
1.1742116346581827e-12   9.452135953301327e-14   2.3512270284358783   0.05829281541411969   0.9996951429479914   0.0020660302082927164   3.950285836659689e-06   0.0019617347300943705   
1.0198637945739656e-12   9.064853571960555e-14   2.2716172485654544   0.05974357181172629   0.998766167358545   0.0020644565394292644   -0.0031532881370229153   0.001957563239511875   
9.87362912622199e-13   9.211467347173632e-14   2.4012530385634583   0.07156753729633224   0.9998820364032923   0.0020660866574201972   -0.0003377023106182253   0.001960938034296049   
9.217116381744019e-13   8.781520267019723e-14   2.2343651258415616   0.06102732713173365   0.997521898751982   0.00206355119479346   0.0011352108199720206   0.00196549272889644   
1.0114712860984243e-12   9.43904738641785e-14   2.3103620089738275   0.06183126493784263   0.9996881952582887   0.0020664194862082623   -0.0011202753083855831   0.001959788450936587   
1.117987528220188e-12   9.18138118561753e-14   2.3022645612646677   0.057189563630852404   0.99904145500172   0.0020523537405039045   -0.0016813666069803966   0.0019595405233650554   
1.175465080487195e-12   1.06083367829217e-13   2.2884960952580293   0.05789366769647713   0.9975469717446845   0.002067363255968116   0.0007351606925771085   0.0019671032883744537   
1.0680595995731362e-12   9.322338593033633e-14   2.2406203707774224   0.05292944265517589   0.9996830922174194   0.002066271954573258   4.892528714102138e-05   0.0019616024675537104   
1.0382125246509885e-12   8.83963242510013e-14   2.2262133704302385   0.05513724742755912   1.0009136078378778   0.0020662035609660427   -0.0027897221620134796   0.00195608446867026   
1.1404770887434107e-12   9.431617009526492e-14   2.326535729267368   0.05894237909143056   0.9989706009307223   0.0019979912280491544   -0.0044169868704092025   0.0019125994586683475   
1.135643104514743e-12   8.961359575927889e-14   2.282347253174256   0.053560258916348524   0.9993474303006881   0.0020645908375090238   -0.0016276297008166053   0.001959036186831784   
9.643823101819312e-13   9.149046518058853e-14   2.2942327600700767   0.06393988484873987   1.0017951922838924   0.002068802726055213   0.0023619144199653794   0.001963490071564925   
1.0850921967569657e-12   8.944349066204568e-14   2.2703267813548   0.05542297593430559   1.0005692692873736   0.0020664376307816187   0.0009693099292106361   0.001962302722243826   
7.447831455977541e-13   8.56674039498253e-14   2.3004078173162834   0.0778829813523916   1.002904168663481   0.0020686249690315484   0.0009675322299390525   0.0019596460588993244   
9.530101349615324e-13   1.0617941252297069e-13   2.3303189798095736   0.0666801020108085   0.9989024448492537   0.0020689876479201594   0.0015941235594069338   0.001965564877306846   
1.0201522231513823e-12   8.953392368176143e-14   2.2582073970759797   0.05824034601296195   1.0002225376573275   0.0020662712592959035   0.0004361423375658424   0.0019619249067801174   
1.0648128173733295e-12   8.974961036541782e-14   2.2449729218627748   0.05494216503942524   0.9979855893059384   0.0020633197835669957   -0.0032293787507742294   0.001958025143260338   
1.105944645993357e-12   9.358060180615983e-14   2.307848501294549   0.05702452705347563   1.0002226964457939   0.0020667799481055966   0.0004610077357012583   0.001961908979569504   
1.066754614016785e-12   9.232905492273039e-14   2.3367544226230956   0.061134678419370744   1.0025787638954604   0.0020693285050122578   0.002151112693140183   0.001962157321887286   
1.0361690600128328e-12   8.915236509724801e-14   2.2765410853756602   0.05806937430111855   1.0006304327314433   0.002066700961280991   0.0014718089506961214   0.001963010901759424   
1.1610067456917227e-12   9.404647442637027e-14   2.344032888468151   0.0592454814926589   0.9994934747512877   0.0020665005128672133   0.0022051669198490053   0.0019660031243532864   
1.010236844497979e-12   9.392274317724034e-14   2.268291624592929   0.05914578257372399   1.0001540092157952   0.002067013765051312   0.00010663195282919998   0.001961837945163419   
1.0111632103415844e-12   8.84934964127106e-14   2.328106899574008   0.0615318770308636   0.9971480992305959   0.002061616990363298   -0.0053465573808200335   0.0019548650952503333   
7.04734990126619e-13   8.209458036701654e-14   2.253447487486018   0.07378751885091238   1.0031573334814432   0.0020680829043051205   0.0009175257807934917   0.0019587798404282083   
1.1287692903694825e-12   8.496882262122626e-14   2.2597557990925563   0.05188667936086581   1.0015032634299184   0.0015216600330511339   0.0025588735499386833   0.0016683349216978503   
9.672714048709518e-13   8.901191594892368e-14   2.331222540374311   0.06481582468729198   1.002594141317332   0.0020687409642300256   0.0023132110727104058   0.0019621196111574073   
1.0534393260141014e-12   9.749792747028285e-14   2.2850291394167064   0.05861677464841633   1.0024977839841123   0.0020698131187750998   -0.0018226218688990885   0.001956686937611039   
1.062958090203095e-12   9.081587975367727e-14   2.312349135108047   0.059370877559915644   0.9986414862465709   0.0020648429062487834   0.0015235447127354917   0.0019649725157084327   
1.094639495600749e-12   9.301618280984748e-14   2.360485211178615   0.06320231948550202   0.9983364496081908   0.0020640716711865783   -0.003184336493975248   0.0019581193420387666   
1.0629163234380606e-12   9.135795884963612e-14   2.3087568107264684   0.06006412015365644   0.9995187461824011   0.0020657665615252214   0.0006862133065242857   0.0019630444736378175   
1.0147776873319286e-12   9.066690567935005e-14   2.4487525736448723   0.002469747378508809   1.0014117724523623   0.002070179496950518   0.000513285142949471   0.0019583335026996675   
1.1938908292461561e-12   9.565306471669522e-14   2.413341080579731   0.061813011127649205   1.000410856786101   0.002086977514304809   -0.0005995730731338052   0.0019743759676487845   
8.772121572494622e-13   8.536105609391316e-14   2.3396795212143955   0.06626593921469544   1.0028967668512732   0.0020680531069042917   0.0018675964521827194   0.001960064115493508   
9.078170729547022e-13   8.939767488893843e-14   2.331225147392115   0.0695698019648073   1.0010652325087277   0.0020672651370922056   0.0013599071485938376   0.0019623211225265023   
1.084540332974853e-12   9.020095212441556e-14   2.2803873643154664   0.05563086946857178   1.000372465432224   0.0020662964704690483   0.0007231520631559125   0.001961824263098309   
1.1510767180022472e-12   9.281789418933901e-14   2.348256960019918   0.05863427289038661   0.9967446603956295   0.0020620885940410916   -0.0035681250667858187   0.0019587703874995237   
8.742426634202058e-13   8.611949100716242e-14   2.3134205532701215   0.06830279829288667   1.0012189935007467   0.0020668546143121067   0.0021001379137012255   0.001963031578067884   
1.2368442958825496e-12   9.339979930090963e-14   2.3518698408558056   0.055361457612178186   0.997213238422503   0.002063054573759064   -0.0013402614541679482   0.0019619423286029937   
9.017924645573986e-13   8.557901064497885e-14   2.1810494792782276   0.05835584465253016   1.006501673585224   0.0020730858941993644   0.005057636509582129   0.0019632188234281677   
1.1000162679727548e-12   9.280421014990469e-14   2.3927635943697676   0.06390235009320937   0.9997556757066821   0.0020658922966545336   -0.00010513376843320177   0.0019612616424831155   
9.537687772545262e-13   9.498848857525277e-14   2.196761999756433   0.05692231747615136   0.9998145959837959   0.0020671797305782105   -0.0005841729140588501   0.001961226848939843   
1.168628109118034e-12   9.480970855595518e-14   2.342291881259531   0.057161876021020894   1.0007856199665306   0.002067304742978884   -0.0005690471869350309   0.001959646280080447   
1.0379522176512573e-12   9.020165217864135e-14   2.315564800873642   0.06029195732297167   0.9977695638596747   0.0020638658730286357   0.0016009152924558992   0.0019657692430584297   
1.0694234519617276e-12   9.134187371020386e-14   2.3696233084523755   0.06285032821335491   1.0000380764316412   0.002066278644847841   0.0018576587555442327   0.0019639977043193887   
1.1308369074765874e-12   9.530528657006062e-14   2.3120700954646463   0.05634710122190569   0.9995638287887523   0.002066145744405671   -0.001191045506232221   0.001960040543303196   
1.0595621975407117e-12   9.293036902368021e-14   2.269263911995563   0.05743706162721019   0.9954599880216659   0.00206256306498011   0.001867716486136741   0.001969427340705515   
9.83274074458147e-13   9.01874911634031e-14   2.286997339533167   0.061675828051406506   0.999937955818353   0.002066227571510904   0.0009535840950708782   0.0019627320671998265   
8.385856584614891e-13   9.264183637126564e-14   2.2735013321049236   0.06638975251671077   0.9992554229035105   0.002066153808793355   0.00044992640657324953   0.001962424545185083   
9.414145781206636e-13   8.559190607873356e-14   2.234054392069878   0.05832404708523237   0.9996203760342387   0.002065680999437609   0.004988931768236647   0.001969379362968439   
9.461990949263718e-13   8.764090833197388e-14   2.262585563830873   0.060541824228208765   0.9959546522473318   0.0020613404183766086   9.950921537290231e-06   0.0019649539343065616   
1.0197489138508685e-12   8.955722903904744e-14   2.2790329386068224   0.05945151596486298   0.9999265327762581   0.00206543095519692   -0.002171225739038326   0.001957856510913667   
8.566595431883265e-13   9.616052589096841e-14   2.3317021249861187   0.07393482093810326   0.9951558404700608   0.0020618568832846047   -0.005158709392914514   0.001957673937423366   
1.0780178020190695e-12   9.313321132950831e-14   2.3626228215841247   0.06279137975040044   1.000120473550569   0.0020662764477914057   -0.000948226922215231   0.001959765303366683   
1.1125619072800024e-12   9.436725789493586e-14   2.37027601140808   0.06325649588363261   1.0001111130008664   0.0020667122455117737   -0.00015905559938909127   0.0019612619148247673   
1.0243292006975886e-12   9.906078080289558e-14   2.3063177500535277   0.061535518460493474   1.0017235046575028   0.002070063057912494   0.002535147843957955   0.001964649678235286   
1.0617505972550134e-12   1.0729773673810715e-13   2.296103394320044   0.05821922382228519   0.9980066026965007   0.002067737816262989   -0.0019138514870187446   0.0019603510923744817   
9.707814433694986e-13   8.844936399100598e-14   2.2040512438583733   0.05772634001402539   1.0023364709102243   0.002068808527888907   0.002186608095198524   0.0019629951371792696   
1.076969391954398e-12   1.0003591347731486e-13   2.23767853083174   0.05470538861849849   0.9994313168343334   0.0020672048421931624   -0.0032809232614187827   0.001957566417194088   
9.384684565797541e-13   8.561636860127765e-14   2.251496240716321   0.059171014211700186   1.0013136670578189   0.0020668691796415064   0.0021836225921870317   0.0019629718141369753   
1.0389672573437175e-12   9.001973576268947e-14   2.3415766069629185   0.06168630578809058   1.0052482659350581   0.0020715220998845205   0.0024314430646962385   0.00195967088022962   
9.628480454193684e-13   6.88531266754756e-14   2.3186012984832685   0.04648374261164816   1.0016658637869416   0.0020205834386666007   0.0019715633513929854   0.0019734841443482557   
1.1757557996448574e-12   9.125147665374138e-14   2.2761180945491266   0.054371588320235247   1.0022905298452167   0.001995805073594903   0.002590455263492057   0.0018569166856948188   
1.1339772101302523e-12   9.308747727272688e-14   2.311049513719391   0.057959287478807416   1.002349783151422   0.0020617327749425526   0.003348308811942943   0.0019613598226279347   
7.686435374335613e-13   8.276507546397032e-14   2.1939802076444446   0.06498295706193767   1.0007292200561742   0.002065996558483035   0.0008089999388683506   0.0019612439430604627   
1.262848065584772e-12   9.532656373816147e-14   2.336381578661751   0.05500742818784309   0.9992255393147029   0.0020657078784148313   -0.0006710093656898823   0.001961534841528997   
9.45828636299166e-13   8.665205047630054e-14   2.2928659538179335   0.06188933108289645   0.9971009462413295   0.0020619291112722316   -0.0021060779093475695   0.00196009066246599   
9.432432322597431e-13   9.010642601674064e-14   2.2689194985843537   0.06347354615549519   1.000979724296467   0.002066826015306012   -0.002764902199884007   0.001955953762527114   
8.395916627695046e-13   8.645876177673751e-14   2.2685047108991547   0.06818383508344161   1.003586875118145   0.0020692929448077792   4.71985751502365e-05   0.00195762263801125   
1.130218107015046e-12   9.320071220851007e-14   2.354890747676387   0.059681729229621866   1.0009860058992388   0.002067187602563756   -0.00058783738910217   0.0019592956464474518   
1.411322751164046e-12   1.1758981624437239e-13   2.531821667557908   0.06755147307422685   0.996707795608927   0.00206845228157973   -0.0005060220523232129   0.0019655962931980973   
9.517696075122498e-13   9.021587660346197e-14   2.2667181935806937   0.06191210766813747   0.998659318021269   0.0020647286641391253   -0.0012077139173066783   0.001960509409185831   
1.0450507998387447e-12   9.24598525030668e-14   2.3880608534550123   0.06716260403576821   1.001284930826663   0.0020670618231008373   -0.0027816250451069323   0.0019556270889819665   
1.0929726099252364e-12   8.859672609901877e-14   2.178430305706684   0.04947637394527067   1.0023285170616487   0.00206868475392901   0.002154844437301179   0.0019623699962682626   
1.1847324450137328e-12   9.336579139640284e-14   2.4074733618039   0.06133035691067426   0.9988240113140884   0.002064400980490735   -0.0027764560193960937   0.001957932508510178   
1.2172918671423097e-12   9.533623998642436e-14   2.373069964751436   0.05901724484948446   1.0002471195939013   0.002066789550988209   -0.0003842895255478791   0.001960865972737247   
9.253661120497982e-13   8.954473281696369e-14   2.3700958410462167   0.07011383159597748   1.001537662831087   0.002067247177818101   -0.0005804390417127901   0.001958314571128175   
8.910372291855493e-13   8.7418875066253e-14   2.2493880058461233   0.0624312390206095   1.002215188504766   0.002068036570171515   -1.349704992164192e-05   0.0019586032730255537   
8.33033631778016e-13   8.843021151367361e-14   2.304348607736154   0.0716216507764691   0.9976389572779389   0.002063162177248055   -0.0023096555564690053   0.0019594704687310033   
1.0945950899681813e-12   9.0674426890325e-14   2.2902817310527213   0.056825496642836995   0.9994426806869534   0.0020652300214914214   -0.0008510305043533837   0.001960495648861432   
8.694049454319547e-13   8.450890451634712e-14   2.2094413479350785   0.060298210775725496   1.0007873093286839   0.0020663088902415695   0.0014447770364052516   0.001962321032976506   
1.060688432645627e-12   9.119482685744702e-14   2.289158833248148   0.05770258852760994   1.0002686668758138   0.0020665816320942936   0.0006484571097966025   0.0019618683209704038   
1.1202201887119734e-12   1.0857766101010521e-13   2.397929868456436   0.06434246853021715   1.0006686973913226   0.0020711805418618654   0.002246742322388554   0.001964801177113528   
9.675832491103736e-13   1.226566775453967e-13   2.256909680879175   0.06018853116894549   0.9978871390827798   0.002072118369501514   -0.001254932385812171   0.001964521907677869   
9.906998220576765e-13   8.889390822620698e-14   2.3201868612664027   0.06270500481904263   0.9994045934552692   0.0020644470720186654   -0.0034979388193136307   0.0019558930133991652   
9.574492565479035e-13   8.968049072178543e-14   2.2785848363586574   0.06249790914076274   1.0016122816620472   0.0020674926135357996   -0.0009380979912683706   0.0019580783418585183   
9.158831941397068e-13   9.330679426000805e-14   2.3595395431082604   0.07421336489409872   0.9972784624531689   0.002063747335053427   -0.0007391426076770892   0.0019630457851096852   
1.0368093693573262e-12   8.91521922795106e-14   2.3098119102937753   0.059538810623477254   0.9993586244174874   0.002064959238828621   0.0002596344144404086   0.0019620392201370727   
8.476885555108925e-13   8.883691920282988e-14   2.0961095626743016   0.055197564006651136   1.000000003510434   0.002066403044945236   -0.0009603450537989626   0.001961146378357826   
9.159565274086904e-13   8.986714546103561e-14   2.3628669259632313   0.07172890609118192   0.9982393504027742   0.002064370263490599   0.0011965482675716703   0.001964835655216219   
1.081004428580427e-12   9.799566965396499e-14   2.3179618903794856   0.05932546672918178   1.000957458453923   0.0020684326909775723   -0.0004000240266784119   0.00196024263047324   
1.0713232613356169e-12   9.100681957072886e-14   2.322988462429834   0.05922742824275524   0.9990639201111287   0.0020541382655262395   0.0017552942874563184   0.0019609141390197365   
1.116129240429882e-12   1.0686218213991267e-13   2.4748811860937026   0.07325468820090224   1.0017264017758967   0.0019477594183250786   -0.0012185750005235443   0.0018878689209974753   
9.317377118823715e-13   8.855846514559257e-14   2.2631687698230727   0.06283416683249526   1.0032098094085091   0.0020695709028737855   0.002230895405211359   0.0019617291557247297   
1.1555726748155052e-12   9.371701154534207e-14   2.336212997105047   0.05944505006815852   1.0014698823708033   0.0020679920965136875   0.0001837114099717466   0.001960829910011953   
9.517223081850384e-13   9.092064450733774e-14   2.3382368085991163   0.06783292853090811   0.9992122257508623   0.002064978227800416   -0.0024515664451458274   0.001958005327579462   
9.103720411294893e-13   8.481217376175167e-14   2.1672664181514096   0.05598479296225731   0.9980573029674099   0.0020632527023712968   -0.001007443046249367   0.0019613568596576125   
1.220298339280601e-12   9.390930317580888e-14   2.3656306896864003   0.057396451351583944   1.0006090119164301   0.0020666317008444673   -0.0011085701698078966   0.001959059648915425   
8.133545626448544e-13   8.842118882878366e-14   2.258787807709944   0.07138998187478543   1.0048615946774746   0.002078774259064318   0.0031930637773759612   0.001974697982534594   
1.1283968976718906e-12   9.22716046385543e-14   2.349967956438272   0.05999119468721204   0.9967781705956782   0.0020623417942913108   -0.002543166062566427   0.0019604838078237986   
1.1275932744307854e-12   9.084156870191949e-14   2.312390431690202   0.05638064453650837   0.9962110678853516   0.002061161968085804   -0.004461985745093876   0.001957633884087627   
9.847854813371784e-13   8.825430466147929e-14   2.234177323179217   0.057770057493768304   1.0018391623667036   0.0020676589953666663   -0.00029093434003531974   0.0019589817716221865   
9.237575680236216e-13   8.715169849815183e-14   2.2816722492810344   0.06398852130635735   1.0006287155530689   0.002067791034463107   0.0034201755381208987   0.0019602756456999614   
