-0.025214791735139793    -0.013659758746100745    -756196.2154584416
0.08948348122823124    -0.010978743608781497    -752120.1748320573
0.15487976798944048    0.0008020931565505168    -755943.1418941433
-0.07904964109526406    0.002807648643793666    -756901.9816052201
-0.021183212176962896    0.007248702802963461    -751150.3357255132
-0.007925490681741419    0.004973684711243373    -751949.5986974211
-0.2440644563583977    -0.0009258072827092784    -753120.198027162
0.19680122261782967    0.02636417074641693    -749274.3362812664
0.06211955640926112    -0.021772579731022545    -750944.4704904008
0.1348749150097581    0.002331271507456629    -758132.0814614359
0.0007963472397891267    -0.005245215052440333    -754086.0925017331
0.08508073110885478    0.0045440514540250315    -755607.2205303126
0.15982633205396388    -0.014117065650517492    -754644.0822475981
0.038460260216495484    -0.006098445309684824    -749955.6080268977
0.11285930590371798    -0.015035441801222701    -754246.920596024
0.07297825384159365    -0.002321336092393911    -752589.411619065
-0.019704183526483413    0.020434760473231256    -748071.3260915091
0.020720983384235114    -0.01822254093036094    -753283.6090923856
-0.05589545718886091    0.01717626861457589    -754701.2286421196
0.07097925518895169    -0.009391822619222745    -751468.7614719562
0.08709676864548496    0.032778214156139025    -752840.866095575
-0.007426817098250001    0.03951215148800268    -754649.3754997022
-0.0029538913831227546    -0.0032087654143127193    -752421.7532805229
-0.062181915305701455    -0.007431687612413441    -754634.5348159998
0.09085384194652896    0.015550800048911378    -751586.4672592022
0.16544809221323387    0.008640494527928923    -751379.4257783676
0.10469944378253118    -0.004784221207613474    -753174.1397239196
-0.05186943773601446    0.014261718555075142    -752990.3158994139
-0.11380670454489156    -0.03253728213007935    -753469.8520768025
0.016442997273563846    -0.012062263918266751    -751566.6894311315
-0.08054152379965217    -0.0258656393134039    -750446.0394467625
-0.07414441266028772    -0.004814084202425129    -756860.2940183715
-0.004596126608426649    -0.008488911844165434    -751131.9277231038
0.028908000296020343    0.012296912142884133    -755751.7566442206
-0.11668842726712253    -0.013377236495151245    -757040.3970479367
-0.2093296883398108    -0.0072814136233228365    -751003.4162227092
0.16540946564568465    -0.0031590226854688094    -754188.2419662075
0.2488870086333675    0.01564427559523183    -757000.5877402442
-0.15671960190642942    0.0011584854540089536    -749624.3444469242
-0.03818931773758631    -0.008647793849946777    -750196.2908513532
-0.10452574781197349    0.00021770408559462068    -753595.1632077524
-0.1522623572835804    0.017387811276072918    -754868.6627239407
0.05586824766425691    0.007216462219689567    -747765.6244235936
-0.02094230379192906    -0.011555835504210469    -754932.2459458227
0.021032496858467992    -0.011665285672071648    -750473.4069638973
0.11903868730124356    -0.001485093050832338    -757823.8043961838
0.11532800084381996    -0.014603063229668091    -756376.5749875432
-0.031033541524314152    0.00790382987790903    -756986.0434391869
0.029401215673619696    -0.01859984722515937    -754444.6346935891
0.11571877776734979    0.00523687579630788    -751511.0866958116
-0.08932876608781229    0.013123441760079223    -754761.7291607691
-0.009531064546696675    0.0013569290807225525    -752113.9425626225
0.02966697417725181    0.0004983905070299034    -754380.6745837315
0.069853836334711    0.0002222242215026115    -752336.3767353041
0.023540968058051642    0.007900087720003775    -751384.5767264395
0.046534515950788086    -0.012340581851030898    -754812.5383832168
-0.11760851963199055    0.0032592977138608667    -751798.7597255091
-0.0887032921459955    -0.011051423046691591    -756265.3339961579
-0.027711693192889793    -0.005874758652751683    -754353.339401156
-0.17604656168126706    0.014652626916955642    -754750.7889649859
-0.01186596975190947    -0.025971479593478525    -756216.0731656826
0.05030325482848791    0.013087210512251136    -754097.5190440617
-0.10182349438184818    0.0010884904295790584    -753740.6119644741
0.2520014088903037    -0.02143521566128718    -754977.1502208542
-0.20553183650377416    -0.006692450763861815    -754883.6429548995
0.0036291003693219373    -0.004827178005140821    -751453.4679183245
0.051494459438632935    -0.019802882070510553    -753236.1466963635
0.18290413341609865    -0.0001010441122108544    -755506.5299244022
0.01959205741480319    -0.020989195535933636    -752030.8535577952
-0.07374379965365802    -0.012727090939234333    -755000.3465594929
-0.012461942934832259    -0.01350054349870703    -755332.3642449488
0.17166674434006493    -0.014579549003929644    -757240.7398447711
0.18702134263004366    0.01893350118542618    -758726.1359531014
-0.0068294469377458734    -0.014009374424273725    -749471.3063928656
0.046883995754858916    -0.00021780670530706814    -750047.8998406492
-0.20889522125445256    0.004894869177762444    -752758.3869006176
-0.054226928045422146    -0.013982223757707959    -756408.0229164283
-0.1509059436989538    -0.025564640186415504    -755199.4532388331
0.02528676070054056    -0.006190868233527558    -749233.8100453215
-0.039430032387563076    0.005656454680337167    -752741.9549272251
-0.0032834549611220894    0.01030006802278057    -757685.0917863424
-0.12179722661521315    0.008276427947083834    -749756.22198933
0.06046929576498298    -0.011390766498523594    -748577.1160743808
-0.032219315158840654    0.013799618025587304    -753623.8059434026
-0.00409168450142195    -0.00664642737178046    -754620.5844035075
-0.05587817189091579    -0.0029609027332429413    -751975.9778153278
-0.03628712233279078    -0.021781770061283023    -754957.8779631
0.11491994328733689    -0.012765927276843739    -751409.188668181
0.07829391009422791    0.013345039473402289    -748768.3192727861
-0.08004945175504191    0.004016431519624183    -751892.9342204846
-0.012292553947512582    -0.03517746573538009    -752496.3410487204
-0.13758191371171927    -0.041753649391917516    -758375.0520884028
0.18043417556832472    -0.002832533871744649    -754245.9463438088
-0.07251898353330806    0.003920353965565669    -756937.0205298889
0.08378040499269042    0.0030849475182493672    -749836.3934541437
0.007775655247197793    -0.029548604745386217    -752817.1377979345
-0.11329590136141915    0.004660119765845262    -748799.6278926594
-0.18863328951574046    -0.01442107951293479    -757583.3188659343
-0.01050255353158891    -0.007483214272657123    -753233.1635514022
-0.08278237578394212    -0.0034713297673638244    -756017.5089800825
0.06838823394793167    0.034616826393265916    -758247.81758851
0.11481914696430998    -0.00733492509573375    -754290.1250703435
-0.06848317206782295    0.0008612667058826655    -748411.536667402
-0.07973081733420523    -0.035217572670940396    -754502.3721018198
0.017596894003462715    0.002941512728600024    -752528.4568018413
0.00831855214041895    0.0023531585062977543    -755192.4786150452
-0.10588048970497366    -0.00025266891084623817    -759431.4998703554
-0.11743513397687888    0.0006470598513300872    -754957.6315581371
0.06746977465035302    0.028841390460884315    -755108.3559376949
-0.1052068897730628    0.00769779635151154    -754275.4095325047
-0.13191189267765913    0.00440853292467357    -755901.6480745492
-0.06237321106663301    0.024232838209866634    -757528.126983744
-0.00944171516725812    0.0020475172427513602    -752337.0450513335
-0.10737295024068234    0.008461081621186714    -758323.5034439729
-0.000797798998371544    0.002678399609337817    -751632.1155321057
0.03974970260271707    -0.006681158819925225    -753641.6229087483
-0.024556916035550477    0.010856077888192726    -752051.420923466
-0.011100648033412198    -0.015464679392800532    -751991.4760118616
-0.045912687494514326    -0.005163525824457254    -756747.6194343372
-0.018471493233446292    -0.017981186997048062    -750738.7077062153
0.00410468371786562    -0.018746540840428313    -751765.169025347
0.04097357096442858    0.006751393348399503    -753176.185946074
-0.02131890065592176    -0.01558056150516122    -754630.6916468656
-0.09050969012598328    -0.01114660593026673    -753963.6613338686
-0.004017344354479487    -0.003343991325624128    -751792.3278552077
-0.07914700278524617    0.012017007475142238    -757367.8791819258
0.054080608172582346    -0.0031841249821281834    -753207.3743082525
-0.04678844353297286    0.028766790575050757    -755321.5922509212
0.07114170498545401    0.019096358263614853    -757271.6801774057
0.016474660280549596    0.009267180894338076    -752180.6954312503
-0.16088899994328865    0.021490655772945056    -755228.468614462
0.009951764677199368    0.014830802343655513    -750459.1304014601
-0.02195374319610449    -0.0015548530410661244    -755409.4988788981
0.16661600394264622    -0.008371262733327578    -755210.9932533384
-0.18923547494316323    -0.021217712471797205    -758095.6575644215
0.028745798648919747    0.012574152379861826    -755678.477180178
0.13273580317464448    -0.011387416391868835    -754984.3675735823
0.015070059153944847    0.005855233304983521    -758481.1719224158
-0.1108773615358282    0.010208843284221319    -754310.4127662178
0.15095402108176223    0.008567843809952796    -754117.8640894287
-0.10301531522617949    -0.01662110531254844    -755855.688344328
0.033400472599149786    0.007999403041665779    -752494.3082777554
-0.04932182914785013    0.02169372553599991    -757713.9220434482
-0.10640888405021814    -0.0037148188135707537    -761338.7101010326
0.041322196264317324    -0.018584759724804674    -751040.9907776449
0.11327017849050632    -0.011293091355483675    -751579.8566306912
-0.03209106446737333    0.026310249167556598    -753816.7192601142
0.01901583986077181    -0.03176545830070615    -762630.0934904863
-0.08695117564938129    0.023867752529697566    -754532.1442872635
0.0880040505559162    0.030229291194049282    -752917.6432708295
-0.11411393735496418    0.018636610216542344    -754140.2500796651
-0.011266287194632185    -0.007056737275919554    -749339.595544315
0.04788624446877262    -0.02016124524881268    -745535.9886616946
-0.1544935867047695    0.004809052048782954    -752482.7892660141
-0.15532380382805472    0.006580353702538239    -751667.7497731184
0.02558284504197568    -0.00385604656087687    -753082.3592765903
-0.16608438951560156    0.006530960299072122    -751710.9074885831
-0.12053305890888794    -0.010278351002614133    -751555.749707408
-0.10810352852731818    -0.002212121535184792    -749312.2400160611
-0.06730814009263685    -0.008800675524676638    -750701.8218351777
-0.17940874526978848    0.007777254075104783    -755191.9238078162
0.03918824753381776    0.0171668805599627    -752173.4714992223
0.040207053573958325    -0.017935685839997446    -752846.6164214708
0.029269254583149787    -0.005479803011169781    -757627.8602458085
0.013034172765165282    -0.023143322061809166    -756075.7876465871
0.013809160521685356    -0.004699792903102752    -754987.6564397141
0.022526812562466785    -0.00911368622428886    -749601.289881642
0.027660779693413292    -0.008494083990105412    -749492.7288038924
0.1015655004489716    0.0008268801215429101    -753044.3323495552
-0.06513368997016414    -0.007483990836083342    -755791.0348774631
0.030019522529917814    -0.02247379741785352    -753589.1871823288
0.02969069363899242    -0.007758775298397716    -755849.4269884947
-0.05966657042960386    0.006618555536317847    -755639.2870901639
0.1021971913238591    -0.017674617210554536    -754744.0074172497
-0.11685658401354522    -0.001787952293915074    -751895.7007618725
0.011373536041066076    -0.0003705992239066004    -753942.9364219623
0.11426107564082162    0.0012199022294668205    -753011.4131100879
0.17296506646985743    5.9158256781924464e-05    -756318.4066226842
-0.04692893026828111    0.004289514731148841    -749261.4827720113
0.016544698265282088    0.01106945451227481    -752361.9432490878
-0.21412973858064965    0.017318852963572856    -754461.384746245
0.05487988097170099    -0.020113300493698957    -751467.4196891842
-0.13559929493547385    -0.013717000590301261    -751480.9570054847
0.01685394940371261    -0.016460365213149142    -757870.8013454474
0.017468037659603947    -0.0362717533700217    -753450.0196259873
0.08443205106267568    0.024403316342743574    -751681.5514644833
-0.07450566827098358    -0.019405587563757123    -750432.2720194263
0.14203686388922807    0.005184458539076448    -751909.0400738057
0.19883199205023724    0.008101270451410049    -756775.5445603419
0.023252653567083816    0.008420023985468133    -752657.7001516905
-0.09543261851622437    0.010222162810102116    -751961.2434786385
-0.08420807827602907    -0.0030623678629133812    -756379.1105722282
-0.14965333764008645    -0.022440820002314316    -753127.830016532
0.21664177349635627    -0.004690606609085539    -750228.4045581942
-0.025869085990944226    0.013756348891080922    -749597.4627424283
-0.04040256382207122    0.001060850168635971    -750435.4892659668
0.04262704929415172    0.028696317039647715    -754057.1643543431
-0.007855575626764909    -0.01926015162737421    -753455.5898265723
-0.06359036021010026    0.01764479486043438    -754046.0400359667
0.015604156966032873    0.00979895648645181    -757912.6513491472
-0.10425942268470606    0.018382278855373697    -755814.2908845255
0.17481677744369603    -0.02491065408207695    -754354.4297108664
-0.23156178030054575    0.010176635979025997    -753508.2717652589
0.06920684298382625    0.006882693710307632    -754978.6219338353
-0.07616585754491333    0.01592366960580071    -753762.8614560474
-0.02393629956951385    -0.002424243794911626    -753052.0785321173
0.12392734242841696    -0.005379627141606487    -755203.4896098031
0.013335539779778067    0.002897033791751243    -753110.2079934508
0.1545679872979957    -0.014360547042742545    -754485.2826199008
-0.05036351892926755    -0.0013125965773994055    -748108.4390570266
-0.027538848505223746    0.009171826435629367    -751250.1380407774
-0.07337680137703274    0.007974792339798092    -753773.3167966967
0.12305333915341324    0.008880582700288261    -753163.0311810083
0.041122525586805105    -0.00460756006158203    -751353.4707347564
0.029745086712037586    0.011387696940447277    -756988.2585285493
-0.13110089589668872    5.078043086879738e-07    -753411.2964200873
0.005432188850310986    0.030980420030216605    -756601.3533837803
-0.1079512758725093    0.008199905425912077    -755956.3142325081
0.10243371044595723    -0.010326500033473298    -753137.8970713107
0.05895858850476399    0.013548162784057167    -759070.8042334834
0.08490109761107165    0.022068026816811758    -754865.0353622251
-0.079165279509335    0.01289772984815795    -751800.7933298532
-0.10979296295463946    -0.005827723084147407    -752762.9193313799
0.16573138108743402    -0.0014524773077911606    -755794.3277444699
0.2724183115012991    0.01959761514126872    -754006.0852977305
-0.12188514300656678    0.003749259918772222    -753584.8084962575
-0.031142466591821318    -0.01973321659455302    -751042.8989107407
-0.058314114507943986    0.009382158956034899    -754446.2457968593
-0.10670630240241674    0.002793467470943514    -751096.9870750771
0.037369718690143466    -0.004981718178813193    -758897.9682176547
-0.01167816870466944    0.0030641660647107855    -758297.7579237914
0.11257249874893208    -0.0037675826489780317    -755894.9100206883
-0.1784578126567995    0.0037901916824459505    -752775.0782519424
0.0385971861351169    0.0078653248274891    -748269.8945628057
0.04997790487674786    -0.021361725572589422    -750939.9969923968
-0.03116912327083341    0.013108078229905142    -752175.4739732987
0.06648517064901607    -0.012150528516768243    -758675.4173246335
0.08951082956502514    -0.006493536677117279    -753268.8698256284
0.007251351442374388    0.005825153967711133    -752246.3681829699
-0.019506541418779503    0.011900528382209223    -753002.0356749176
-0.10815379934029448    0.0002748304826526623    -758488.0506927561
-0.21773958582688416    0.012012700054472794    -755262.7366592792
0.034732769674409775    -0.025729815894538502    -751541.4794621599
-0.039811430451517256    0.00788997844254555    -753273.7012275152
0.02275744348469752    0.00236482678018739    -754723.0869604232
-0.03351413723522    0.0007017778660716327    -752018.7011792546
0.023595194357356852    -0.01997622037501571    -753869.9803760191
0.1540532465635427    0.024082792312412785    -753389.6375756032
0.2462963757351528    0.0012999925634061408    -753544.7639725845
0.03219271135678449    0.0007927280488589946    -758462.0709220741
-0.22550771254222207    -0.006740676565359098    -754776.3893521581
0.1114218012505325    0.013799757761742694    -757686.249521196
0.007492919441330158    0.0012816243502319301    -751877.6436063767
0.08281823877745796    0.012960378304568107    -750947.139284461
0.0879292604661806    -0.011148336971239943    -754296.713118402
0.11115556304511612    -0.008872106948616405    -757903.2550174872
0.03990574966046332    0.02634638375603675    -755481.0745879795
-0.08409613890995184    -0.013905165253034497    -745892.590094561
-0.12505872917537206    0.01249232334634033    -754647.5777449405
0.01451443843002069    0.008451887706343855    -757364.18176174
0.23126547894059626    0.02032248766154811    -749106.7418121832
-0.17566558521552453    -8.267028765309403e-05    -752879.1953933744
0.02188447988996753    -0.015363577868831519    -746528.1690483855
-0.05916350265102016    -0.0018745543840059454    -751852.7267376326
-0.1881317186880281    0.007601591163523092    -751159.043944787
-0.01881084896359601    0.0026093038996460685    -753686.8551853464
-0.0018005583066418728    -0.008941305367777073    -753122.7425874472
-0.08695781666895762    -0.017808715964292277    -756640.5166037441
-0.0166175887387053    -0.012889189487047427    -755308.8750565548
0.08159459069230317    -0.009242462703822736    -753724.1762034522
-0.025515008814719038    0.004175448521814931    -748608.1906391795
0.026400400351658877    0.03490533857961234    -748777.2317600258
0.3086973138924501    -0.014532491898764762    -752139.8979582718
-0.13507555656235593    0.010455329490673612    -754115.9434649743
0.044688657907011264    0.032605161623862615    -750312.3266010311
-0.17959492164084528    -0.005350252575925845    -751261.785420885
0.22573426746565858    -0.0021556574054050347    -752038.6447767104
-0.12791374650032178    0.001986844635589131    -754556.4936778091
-0.18602280913856736    0.009915023715576137    -750083.0414175323
0.10989185311844632    0.004495197966295014    -753957.6576378046
0.021415975139292734    0.006327093749970274    -751631.7738253142
0.046248430404143524    0.011569483738320892    -756169.0527388324
-0.15153600943415646    0.00786676892452671    -752398.7038789387
-0.03631166639400554    -0.01281936717833785    -756831.5884895936
0.15196777068203526    -0.027646580906426375    -758901.9427282438
-0.21019986482405387    0.02306481779049915    -753598.02622573
-0.00876198252774663    -0.002339033790744185    -754418.4953566316
-0.02749554751531318    -0.015880431338877572    -759207.3823242881
0.07636272232949096    0.00935694062225434    -749271.3847535492
-0.03975097781756387    -0.004061772206435319    -752646.947803516
0.040351627813460494    0.017248072762578066    -752965.3769398881
0.022499042790494334    -7.879347688504994e-05    -748262.0880928413
0.05949228701445241    0.008825152670272882    -755277.506799594
-0.10682250383289733    0.00463411657710325    -751614.1564561563
-0.04821462302964116    0.0006403088476536823    -752127.8190846257
-0.06415559201232632    0.011985891364883249    -753638.4876771035
-0.09242787998262375    0.014389010349127786    -747715.4089097328
0.0572005210271108    -0.005814170906110114    -755466.7976732673
0.045500142761787724    0.012398825119340913    -756775.82697213
0.01926263246707236    0.006438960496217217    -748469.6920056954
0.15021697563301928    0.010994419740288029    -753033.9662502168
0.0744095923732872    0.023096462215567038    -755342.1197685034
0.05544991108644255    -0.001533498418865147    -752851.0416038331
-0.1673188043885145    0.022463382408765917    -753935.235936952
0.026317376478058152    0.010487011620655864    -754359.7584413103
0.006207682779053262    -0.02444906738180055    -747127.1928828794
0.04060498850014897    0.0037452322783531142    -756066.2726314473
0.021853224087249903    0.0011660422942197809    -757248.1581950403
-0.10339685457252482    0.006511856130844083    -754584.6449495747
0.0768698868530379    -0.011438757296641854    -748670.3338732518
-0.015873785125718323    0.022383271469093295    -752005.2720570602
-0.25318709540829903    -0.014023020156193272    -756791.176355411
-0.048901582533951035    -0.013761206350673317    -760537.320073131
-0.05161462111190079    0.03347615208086688    -751492.3630951679
-0.1077333279767424    -0.011460471899827579    -756422.6266021181
-0.16189121701401374    -0.004041870217851597    -754617.4993335103
-0.10210601589392179    0.0045976235146643245    -754124.8954762885
-0.08995279662727063    -0.010324252249544748    -762604.1515054886
0.026415853725704087    -0.009123333095623807    -752750.4590866587
-0.03041181071244527    -0.015454543902337657    -755712.7882349876
-0.2867117847247432    -0.005220378270810069    -761109.4221713564
-0.17571436040163327    0.03447670121761502    -749897.3439350792
-0.03405807183826814    0.004544130686478655    -752712.0104662658
-0.05032533347647401    -0.00281722859867467    -752697.6667499787
-0.06512791930061725    0.029961413013312482    -755256.1275267269
0.1426276768193387    -0.028151660961405138    -750507.8856433951
-0.13293090488919712    -0.02391729050271055    -757485.666073444
-0.20249171046042977    -0.009618607985139626    -756083.062361589
-0.09640113704578948    0.00785580526641782    -756918.9933383063
-0.01648395818076111    0.0013770810301797466    -760461.3170825301
-0.07051685847247628    -0.009259715938447835    -753348.6741446455
-0.14386495532952145    0.02797697982156695    -753751.4839559924
0.2015567980916877    0.021718015555611692    -756676.037065843
-0.13305257426125097    -0.013191327717195164    -748994.7640726173
0.014841066222238176    0.004353450948605389    -752504.6198089616
-0.19112335656352278    0.006093829904176277    -759370.3287889721
0.09008730707931455    -0.02358524278427175    -756010.2936190099
0.07201900091237451    0.03280611471217803    -756207.6080729272
0.06857043133915136    -0.011167447104757595    -757300.6871452346
0.008154186574106258    -0.011768123929758161    -755252.1149836046
-0.09569745197626031    -0.006635083283150162    -756200.0670927191
-0.10637675272787057    -0.01999370500206342    -750784.9704542616
0.10567807355514224    -0.014086696393531727    -757359.3240932778
0.12106576482329419    -0.011310400022603199    -752109.1576613577
0.027667334780115606    0.004127994116543442    -748699.4769529036
0.031249607198150276    -0.030656681092822356    -750147.0834119555
0.008167331524109717    0.009630927167901713    -754442.0073674604
0.0011786239637722896    0.01225049898984928    -756210.7433782535
0.10641371298845166    -0.003392289482898964    -753400.8830087067
0.004844100355949435    -0.010687132346386232    -750315.0227881836
-0.17811848762830007    -0.01349125456399792    -752468.8775995446
0.13086893524774187    0.01806947722539015    -754813.8668428152
0.005131577345917458    -0.0035373582957318466    -760247.2483100254
-0.10583956087056096    0.012297638878032749    -744857.6753131573
-0.06611762603674926    0.004657105074098908    -754222.7135064371
0.045277849083652275    -0.016669900686549836    -754658.9326696643
-0.05994074338485603    -0.0006531836690101316    -756483.1355366996
0.051684720343579155    -0.003143969221111429    -758669.3180106874
-0.055394825883883426    0.014421101329866105    -750403.8304878931
-0.04344496993423408    -0.014846530107827284    -751112.5619004597
-0.17997117963752035    -0.02397029763386942    -754762.4167652765
-0.03621519723419575    0.010287167759552391    -756106.3336587552
-0.044709173320733826    0.009449341592379807    -757430.6679937799
0.23988902912651666    -0.006651835698826909    -753204.6259208783
0.029824157748907034    -0.005886926498068725    -748875.8164260889
-0.028229295796682565    -0.011854823656862986    -755587.5604781633
-0.11523236477880301    0.002452802140450411    -754373.5811464761
-0.10767146880582108    -0.004175805267307097    -752280.634785094
-0.05576277893175955    -0.0002988753646872094    -752473.6041279652
0.007119031887398323    0.00033057134579690293    -751690.0091028487
-0.09416524453528569    -0.0031348134602651985    -753831.5275307149
-0.025232912559921744    0.020306399248949697    -755159.9446312456
0.12116881298295218    0.004384826018209114    -751826.5667014281
-0.10532444029927622    -0.009745170740325649    -756238.9320795701
-0.011265043135884441    0.019145308220974874    -754417.1429852392
0.0008055829667614943    0.01332063352180586    -752988.6341335903
0.21248983320355502    -0.023682975682713808    -756086.6255194589
-0.06000169258791454    0.005088442088984683    -749781.1260965067
0.09216846912632538    0.002774341759989029    -750474.3909558684
0.009355108081939663    -0.009414756070467677    -753618.7308504876
-0.05578928763156315    -0.01035916528707106    -749424.2263902703
0.11978353876899082    0.012695961861854824    -742710.4382899677
-0.11795531337820053    0.018496295668908636    -751106.6145102753
-0.05058616528027285    0.002554859258804428    -753703.9027498243
-0.014244828551048729    -0.011283288471167639    -748510.8335619514
0.05793636264716067    -0.008024678591247463    -755069.085796099
0.04423525773984214    0.0019684400563009376    -754108.0748792359
-0.1710999117164265    -0.019281683317060094    -756878.3671896438
-0.009317886993350363    -0.013204054962101306    -755263.9618736512
0.14194591387462702    -0.006234789392394279    -751520.8006265346
0.04420449870933905    -0.011884441707780632    -754019.5566286837
-0.012868806356956766    -0.02263010282635744    -746923.81091341
0.06573139963594464    -0.003431060573766636    -756296.3616026549
0.15491703896175052    0.007223481060808865    -756800.8355558706
0.08017728904513433    -0.009751852385066415    -755212.1363162978
0.038732181829595334    0.004382390544063051    -755437.7087919315
0.04859029556107766    -0.015242359931861777    -753069.5479722997
0.049814995507667444    0.0014405353923291756    -747980.3820705807
-0.05644036668852658    -0.016644867166393112    -754582.3557884899
-0.0676905473291279    -0.0031477270455434686    -755290.3194771683
-0.144580368933395    0.006499339513711832    -752525.0679759112
-0.14688850353793    0.009689730988128543    -750724.4065585712
-0.03357388112070711    -0.006888366664462282    -755457.1528631991
0.20302608395697838    -0.002853634811947847    -750946.6255859938
-0.09872045372495658    0.019029466531346857    -755559.6641156725
-0.05035728150058702    0.01713473141951766    -752725.7401128013
0.028025313788785318    -0.00693132834600782    -754883.7265184056
0.0023866417574860896    0.005570458599636614    -757059.6474113087
-0.019585654099630208    -0.005048404590464844    -753204.4073275895
-0.030559150614861863    0.018689381004827164    -754958.8175902633
-0.07847556571117736    0.033898430121934074    -750655.7514341295
0.053001108466739694    0.025750481171568175    -751354.9227855622
0.03818313803244899    0.013683573306663659    -754704.1941916471
-0.039004932359848796    -0.002687893973241497    -756814.7459330526
0.01542672143576633    -0.01240650749021202    -750611.8442284496
0.11847295704207904    0.02625466399386744    -757687.6232891488
-0.15085531167910968    0.015466387252706116    -755110.6474765583
-0.0880432051772262    -0.02221390748014856    -754427.2606158823
0.027458330261925613    0.00485023072594969    -749768.7022962044
0.11648680348350487    -0.01623756072506457    -755722.6353322691
-0.030438854474887075    -0.003147913417123988    -751328.8391926982
0.0062219885302538976    -0.006503429106511927    -755118.4420603667
0.10768235090373451    0.008430308459059533    -758648.4020870932
0.0057513805110895894    0.02161037940595939    -751281.979727033
0.04906332961458819    0.01427131991204108    -750517.073061071
-0.05075940122713753    0.013211860712981013    -747298.8517256316
0.1531353495949875    -0.005847971880432661    -758087.2494481137
-0.013540219701371294    -0.028739377026079906    -754704.5429991282
-0.021568364725071412    -0.0140491400696497    -756921.8824959091
0.03718479354544454    -0.005194423262214431    -751180.3026802763
0.00654378186826882    0.013375760737858114    -758470.936736431
0.22846541304795212    0.03060969571926607    -758758.327756425
-0.04397921176677683    0.013481343284007068    -754818.5336579672
-0.12052162882255511    -0.03186752724757555    -750742.4348748808
-0.0682179793755871    -4.211061981705055e-05    -747291.7438349485
-0.10714730266690682    0.0060021914470054635    -752538.7536846091
0.17766455380751703    0.038629432585247786    -756397.3303440175
-0.12446565539324705    0.012537966658637292    -753753.3194169102
0.0014445271112520485    0.015615550380942549    -751949.7916642326
0.18321627838805857    0.015614411416135801    -755102.154012596
0.04410328527419882    0.007433678180915559    -754049.9493794776
0.10730883120033241    0.00276824037745316    -753410.6925162716
-0.016770199841278418    -0.014737008821270145    -755146.8661867608
-0.03681672643179076    -0.0032177627409103703    -757787.6065332016
-0.05828184988145026    0.007543707108664235    -755096.0053169398
-0.010054835328159746    0.006087923192817373    -750431.321593536
0.05055904104409127    0.009314544132921756    -753249.2477513739
-0.024772109748776833    -0.024592924560689434    -756152.8846485075
-0.10044109472554824    0.005014333431437309    -752710.014191841
0.21979458635958993    -0.011313373096816893    -754217.9257983974
0.03023727462801797    0.00015153967432010988    -757897.0466890323
-0.11333445597592684    -0.02563477155899807    -757474.3924244242
0.03553770683041021    -0.014965902996407139    -754091.8692777508
-0.05262656561231726    -0.018759029167143195    -755537.7336173477
0.13620779566932495    -0.013742624013005187    -751362.819527678
-0.0027128613189539266    0.026350898258418    -753209.4195106806
-0.06993350848237069    -0.021403640404296893    -755487.152348398
0.07792979166464814    -0.004265960885259184    -747619.4357247893
-0.14845756786153189    0.027040855763310567    -757301.4427176752
0.09038912680175283    0.010871005703852897    -754383.6897666282
0.10802251841738453    0.010027719944619193    -757035.4136553889
0.020611748762597144    0.029514627249767954    -751276.2736140552
-0.06046321731164159    0.0063897155071903754    -757147.5343690123
-0.11236601578140866    -0.009760136104665145    -749962.5166246521
-0.05526421386572267    0.005225559998742895    -754152.7695114322
0.029696477000518414    -0.0037877869508586917    -754274.0676545908
0.011397031688215748    0.007035883261120047    -757820.0902819058
0.1413981737336251    0.018695312122694947    -754366.8363750305
-0.07129214828819398    0.01702464241145045    -754253.8292156479
0.2421375040744984    -0.009470591324813567    -758516.4443873427
0.12451080339377806    -0.00381073645214783    -751418.4809499654
-0.020584697277937197    -0.0056490832597582705    -755022.4407401688
-0.1549447380358988    0.002096933537124784    -747261.9580689658
0.10990866293617892    -0.015004221624615939    -749982.5058266694
-0.04247431727252055    0.02917108569445583    -756696.2451552792
0.08668352829640165    -0.00847931365004216    -750264.9395718023
0.07958028536715422    -0.0003458049881855375    -753567.9248057007
0.014848703207882742    0.013619994962590597    -755722.9906925333
-0.1972027789262666    -0.012443301400025308    -752017.9097680192
0.09129864501689597    0.014949986575954685    -750913.679473445
0.0811533526428109    -0.002030095052674289    -752907.1901430335
-0.12317533067090354    0.0025579656601186513    -751892.5799232728
0.1438040100671517    -0.009300780614715717    -754997.0749243378
0.0705776712492054    -0.010219782986317467    -753490.433121792
-0.1513466371202245    -0.004871288153969106    -753737.5066399279
0.02225468477315664    0.017409892449847503    -752622.5827611418
-0.0880637366389609    0.0519026874898628    -754401.9698260768
-0.04509013034647497    -0.00661567522878674    -754541.5018917283
-0.05026510823795212    0.008541875573059856    -756199.25584864
0.019185279333243887    -0.0047839528065857844    -759584.9012500842
0.0007494200588585508    0.004373849484864925    -752045.6182532413
0.03914785892931781    0.020986524253839584    -755128.8885624062
0.11850617200168821    0.0027328317986797753    -751698.9136828432
0.13615387322643654    -0.0058577306259829254    -752225.1708494776
0.09376273473865923    -0.014668181733574485    -755060.7554572915
0.05967383838828342    -0.008144893610051182    -747516.9429152311
0.02210114738984682    -0.01373278488156016    -754478.7906073607
-0.08281564904432302    -0.0032161253144457613    -758309.9610659032
-0.08871071155742905    0.0075079560600254495    -758268.0465518192
-0.07934959463849403    -0.012181921872421633    -756553.7260267114
0.17314724548374344    0.010697738483761075    -755098.0327465218
0.0004116121209347171    0.017211606152131045    -755605.1089503855
-0.06260921996358365    0.00668797827528001    -750577.9202478874
-0.19708862618323508    0.021190020159625865    -748263.3653050818
-0.04190914778887095    0.0015914207865028846    -758015.6472158359
-9.38586015459834e-06    0.032954766730371    -753610.2569302529
0.12074499998286584    0.00834463382189965    -755657.1460781473
-0.00400740947863586    -0.029794463811506716    -754668.6014663343
-0.009947971948962396    0.010590042743862825    -749625.9798162796
-0.09614116140459257    0.009182386661219082    -755528.1569558624
-0.13012662471603223    0.004376567691441852    -752834.3625143145
0.06254181155563851    -0.021972772499086687    -751932.7966490145
0.1590190002684584    0.0066496837312978166    -752544.6834765273
-0.1915510709691214    0.006774352314606085    -756991.4184593679
-0.08580720322640903    0.023664590473417804    -753468.1660555701
-0.11368864114693378    0.0020615543254994986    -752038.730900909
0.15700705270810195    -0.03345605282634979    -751477.0359095164
-0.02927734378944108    -0.007124462190047145    -756477.492069845
-0.017672791207080405    -0.011168288006847712    -761291.374374359
-0.1811876430297258    0.038528538177116704    -753355.1267137028
-0.08060453893006951    0.016204187040684326    -756901.4603477896
0.03847475182786103    0.00030221076545200145    -754778.1724031047
0.011861244771422516    0.028919607470718856    -750916.2955130588
0.12479993455208556    -0.0036304560878311237    -751316.0863371002
0.12142758315707719    0.009866697386593183    -751256.4097320361
-0.009424740637743    0.01298800540429261    -755983.1372904395
-0.0898322303396995    -0.0005691752469784428    -754724.8095548546
-0.08774893457973695    -0.016109525209664435    -746773.8892106926
-0.09330277789563779    0.006163022909312    -747002.3287602518
0.1022770720396081    -0.0048920366623440605    -755599.609797119
0.15136212648657277    0.001744127725238705    -752095.1619922474
-0.05034790957433913    -0.01160610340538406    -753934.7896401612
0.1726618780840161    -0.010081214847968742    -753086.1012956816
0.05157065527868013    0.007812529779309029    -754828.4488990504
0.0437347543342049    0.019503205780540888    -750319.3113462686
0.14946995781996847    -0.018890484657215184    -756363.5136114353
-0.06978610325454836    0.005306437330782203    -755747.7431093057
0.1576961964150516    -0.004895907190694048    -753296.235118926
-0.043497431671614524    0.00703365556617581    -754782.6637144531
0.03240779539191397    0.00525833668409756    -756221.8956254396
-0.08320853461994676    -0.005705687625702672    -756671.2270380862
-0.2273411709665886    -0.01701754932548273    -756356.7488356744
-0.07624853091438488    0.020720093364079768    -751889.7901098616
0.25176274886528943    0.012995266581562966    -749532.5619346872
0.039433711353708684    -0.009188773374272778    -752665.494421707
-0.08872106309438439    0.019368031663839543    -755009.7812730509
-0.08777565764429446    0.02195556812820517    -751631.160251707
0.014707192601306951    -0.006438964812216214    -757878.6407455737
-0.17238363956808322    -0.008013292961074515    -751333.6428406492
0.04724373456725683    0.012217029686620279    -755142.0038510144
-0.16799529327393922    0.01250668521320689    -756873.7039034427
0.1333870088685262    0.02117932633948703    -753866.1832377688
-0.14009131145955164    0.020182646181608928    -753248.3311609775
0.021043560042876688    -0.009935371477983774    -750487.931599295
-0.00266524226365161    -0.018076306402600047    -755199.0077510497
0.02747838881065577    0.009669524685810386    -753891.2685222294
0.01478740297020012    -0.006365924448362311    -752549.1593823144
-0.056827216121070834    0.00960597151723766    -752596.4743220994
-0.10133191346305602    -0.027358120307814638    -754198.1420930063
-0.05459559050369792    0.005734348499895503    -749313.6868030864
0.05402475518491939    0.00484618617954996    -749713.0531001167
0.018537052740903563    -0.0065289105116907095    -754307.4930357311
0.06999155514957495    0.001753412190145034    -751705.8694727753
0.1133836245613257    -0.005040529450698857    -750341.3313424088
0.15600869103546255    0.0023599209828907165    -751655.8683265088
-0.1293348416286054    -0.02072334500334643    -761487.9392918636
0.07333356974937516    -0.020498101120364442    -749439.1879943755
0.010864976975892768    0.005440864605536111    -753665.6665393941
0.06332459257769535    0.02493887376984545    -751942.3766427521
-0.09801135178133369    -0.017845634431994863    -754220.5399701463
0.1086521715327503    0.02556999376992801    -751234.5388419726
0.1348047679574191    0.0028146558134046914    -755934.0295445947
0.05174816858794165    -0.02673243214193111    -757415.9261987532
0.10091756797080183    0.007530727507714039    -755383.7263023419
-0.21650907146390974    0.0019266353501308346    -752868.750676975
0.12603585290151637    -0.0002688248989948426    -752697.5704576782
0.041929676711142054    0.020417625806311117    -751323.6251290288
-0.038850024048666304    -0.026194253857666605    -759427.0485233045
0.2165152707726481    0.013054614972462209    -750659.3009093672
0.15851222357675787    0.00968169427674809    -753689.9736718046
-0.0840467039014615    -0.003068881726338127    -751818.8143551096
0.17100161985577364    0.00991904410396456    -755218.8968904328
0.08877939422517843    0.017265958413470967    -755884.013765555
-0.011245128792641631    -0.018142956479906786    -757466.3805007893
0.05601855080678673    -0.01886856548561692    -755520.7693430937
-0.15309499247968283    -0.009232312986973253    -755857.3384031116
0.08019520566545602    0.0029160224946305525    -752142.0966679301
-0.034866737033688144    0.005640314797151301    -751353.7475101291
-0.038244716597322974    0.013903087166207731    -755036.7927269718
-0.13732683486063352    -0.001450140917155089    -756408.6742135723
0.025307797064441    0.002202067317487289    -752049.0985299367
-0.135359111829931    -0.01295636378321288    -756088.4572138711
0.11783667684185915    -0.010141974672611376    -755997.3473868138
0.005576188106397964    0.024155678184454167    -754666.8535227149
-0.09389535963953916    0.012543114542981782    -754602.9150047675
0.10220629516532467    0.004895801895817969    -756332.7690106612
-0.2262719496990775    0.007221248117016579    -758136.5236753089
-0.3050685154923157    0.007344067618158861    -756676.8973501802
0.11385215818428303    -0.013221202103949857    -756481.3454734161
0.16580729540299055    -0.0381001952027962    -752632.736598902
0.01647549437730933    -0.00037516638821562714    -757725.1008015547
0.001846972892346254    -0.009261602234370468    -749386.1432859072
-0.11454406907537684    -0.004583170316936134    -757970.099204144
0.12417752932015824    -0.0026648238066173616    -750898.6689906181
-0.07673406832378861    0.013331973210373094    -752858.9466506827
-0.13023860550900448    0.019882706097846346    -752426.9646848757
0.035610344484142166    -0.009131025616192301    -751052.4921635226
-0.15046059541742124    0.009734121960132673    -752480.076391406
-0.09319763459496028    -0.0012993293622443759    -753585.7291995084
0.11457600347166086    0.013388549100502679    -750531.8610327909
0.15812117292959338    0.028613003966591714    -753240.4993699708
-0.016508483923666308    -0.008468627472774796    -749807.0505654986
0.06113074177230341    0.003700384643323092    -754971.61513742
-0.08112834668079061    -0.023929410551270413    -751717.1027529114
0.08824866267749663    -0.0243559151065925    -750197.8326132409
-0.17718485173888396    -0.022218843547010633    -751445.0576942756
-0.21089035236098572    0.02345701680753696    -748592.6313915224
-0.014157579094718084    -0.028776688794501484    -755213.6272262083
0.06800418951797735    -0.0030455448129930243    -755115.0346452207
0.17240536696328465    -0.03192029148791416    -753875.0769248193
-0.038895518791920915    -0.021126956865362943    -756297.4566481131
-0.08370064841259028    -0.008782090905648157    -753352.9151380019
-0.1315884479235162    0.00860575539830135    -755037.4877646914
-0.04555186596183861    -0.023400054784335093    -755892.273555851
-0.16109782670400463    0.0408906710409364    -748167.9905644379
-0.0051605628943433915    0.0062255962038513055    -755517.6486692928
-0.14812225967378842    0.00357284134512765    -755731.3473681794
0.049244173332730956    -0.023290077144482106    -757200.8101418893
-0.10433487307091627    -0.008274063371728521    -753480.8051060721
0.11723239268930959    0.0005473979164347755    -755328.8892409425
-0.011051673269681614    -0.02455762762730441    -753751.1540048784
0.11823344191442858    -0.008799627500725693    -751416.9441286289
-0.01076599940423438    -0.010223441227113305    -753513.9699487818
0.04452909963983829    -0.010644652368166967    -759349.3827154206
0.08779824716187866    0.0035583400346227965    -749699.0236944122
-0.07977023152058588    0.009766669716360211    -749666.4875507057
-0.0417624434534105    -0.03662375813823444    -757205.6741116216
0.09611247924399828    -0.014506152382873973    -751837.883489954
0.0361391651597592    0.0014976445180595304    -758890.1699005063
0.08881418733564182    0.024622364274411446    -761917.1456285933
0.16851901740030084    -0.010005091049295011    -756463.8217887703
0.07607516453191929    -0.0068856371719227755    -753916.5651588918
-0.024318909419736832    -0.011558564747554612    -756203.3207700416
-0.011922798985489001    0.007604688612449634    -749074.3831726287
0.12540164114134442    -0.007994975915442244    -753837.1537202864
0.06550883711106323    -0.002704787927768399    -751046.2412771367
0.034584350855791327    -0.016011506047937683    -751867.141375632
-0.0045834859295876855    0.03379573758351193    -753516.8012902869
0.07813001517341688    0.0028836531550893965    -752410.8585955291
-0.07612306864096431    0.009378097720508604    -756376.78842523
0.04046977487712436    -0.0010276918580360728    -758088.0924833574
-0.10063054292168937    -0.00990118896378713    -756737.3669731652
-0.0647504885165257    0.018279883497421365    -756717.8633918529
0.03464421057482931    -0.008450532468468204    -750461.1288466167
-0.10743761611460889    0.0018834212522288883    -756284.5808276169
0.08569074537696658    0.009720449987567409    -753829.6780625677
-0.09548041001191272    0.005884545400093843    -755036.3256240503
0.024869936696428147    -0.020618589389734345    -750748.4088320874
0.12063155305781113    -0.005746758069990734    -754343.1191979446
-0.16231849179010727    -0.015168624718718174    -751189.1270886658
0.0650726775888845    0.0009897544725407995    -751629.3985160778
-0.043951521737355226    -0.0034898668617435813    -755517.9042819829
0.1896795510351238    0.002914605755039907    -753407.4288299342
-0.0877901216861885    0.0010725241190036167    -757273.9778885144
-0.15608684769319958    0.0004568295123303296    -751661.7107171769
0.16651338487076164    -0.005021537935513894    -746472.6588280834
0.020817648858815    0.014948530453754277    -755025.9226006501
0.036401204004582965    -0.00473532060918286    -750309.33093996
-0.030310196312102813    -0.00838394844984643    -756689.6489867937
-0.06059010236446192    -0.04060255122984716    -753716.9798550806
0.06653714275540877    -0.007049276388846462    -752633.7636655159
0.10062443766066627    -0.007990676181738727    -754918.2475544617
0.009001085980232434    0.012537734482357501    -753178.7665083066
-0.12849173846322573    -0.01293852859014217    -756599.9591809849
0.052870190465215544    -0.01524104860195182    -757224.5701975467
0.08572624200346599    -0.0015996637329109434    -754662.6910418712
-0.18083371918578311    -0.005790996469058617    -749109.7369665585
0.08070152713164608    0.006509117360605415    -748159.6088516129
-0.013649905837433644    -0.014159909422752907    -754168.6079052978
-0.0031841771856270596    -0.003395141980393959    -750612.4910447717
0.015613913628644855    0.017339841938304606    -757561.1929895667
-0.04853077061302371    -0.03927759083385494    -754307.9858099434
0.10476771920061381    -0.02106623052684657    -759786.7359650959
-0.0034580701860135914    -0.009414706585675486    -752181.10307022
-0.01545552975081138    0.004733897691615772    -758889.3646928546
0.006448984997007848    -0.002256302388663209    -755088.538174223
-0.15617315292548195    0.002823468089878258    -752958.7839672738
0.009512728284067233    -0.017110944254242835    -753849.7767724096
-0.015515587875883204    -0.01143411933020904    -753882.3797005857
0.08468821694829909    0.009514400951881885    -752173.6843965232
-0.008010027089755558    -0.02365727956968281    -754702.5566812636
0.015163954017857244    -0.008441711559979085    -750277.0133029129
-0.0815357536198468    -0.013580504991504821    -753351.3970859442
0.04887998775031707    -0.010002278537152983    -752804.3760982044
-0.06793995757073291    -0.007414906189587664    -753921.3002389547
0.025265476719584973    0.011886398175256455    -753017.9548144427
-0.10535169076759617    0.011434705780743914    -757607.1678026515
-0.14547333212620106    0.02207608177352946    -754390.2411517197
-0.09549083389139147    -0.02672756675746512    -753914.6886160915
0.04420875101972959    -0.017995573410342466    -752760.6366208846
0.022881351270174512    -0.007305417912387079    -753159.8353501186
-0.06275152257300186    -0.0014615343422613842    -753683.7440209888
0.10730398067862466    -0.011437809731369451    -751085.7036818811
-0.1197839195989645    0.008943435679015763    -756598.2862296985
0.13100985026350262    0.005813006149310473    -758334.4766194165
-0.0003954877193465997    -0.012093335434578401    -752868.2567455653
0.07381874218323606    0.0016326493635251513    -752039.5173415148
-0.007669850613926225    -0.010673003373362074    -758063.1308073215
-0.014223958330474554    0.012065843104084968    -748988.3434538564
0.0372240599710816    -0.012083912891017104    -751754.850515065
-0.16940453619363705    -0.021341068652769205    -750954.8194900315
-0.00646791459317317    -0.026931996842785185    -745373.2429547679
0.0026021797592959747    0.04360653061078091    -748996.8093199948
-0.07411875099160463    -0.005029067082756856    -750575.8732725567
-0.07664869360091664    -0.0028345273855258997    -754133.0820036308
0.18443687431041916    -0.004464996916706106    -754485.5034574434
-0.030561824285341245    -0.009504998205730236    -756237.5882958068
0.026696668705378398    -0.00878880123095198    -753092.4351611518
0.10579779091863853    0.00717906544150176    -752657.8226051909
-0.0020695956635803352    -0.01471528084548392    -760057.1281112953
-0.047950144492448214    0.005910326345723814    -755722.9930406996
0.05743332333881695    0.00875265304759537    -752483.9287839527
-0.11396607331448386    0.01187870928031773    -756187.2801481945
-0.10915324886610052    0.0036279208847123366    -753055.4688127745
-0.035353733091981046    0.007295335586693621    -752084.4574900866
-0.18721036400748614    -0.015902219461081446    -751390.0568934692
-0.08594699089110348    0.021312587592526237    -751820.6851701298
-0.0529023415868002    -0.0074307310881369815    -751880.1486008371
0.10075998209777724    0.017667033298545583    -753196.3045219749
0.09829677809239475    -0.008706840696461889    -752664.2319052385
0.19109146287194378    -0.007583384070775397    -757148.7186526473
-0.04384539427829697    0.006420296230568996    -748248.639077053
0.30985999341551224    0.002814980832357329    -753616.7380868209
-0.005631688749368983    -0.006786467977395171    -756281.5703255121
0.15729178723982404    0.012965679984206556    -751972.9334486008
0.0004465607714344684    -0.018268854417907134    -749056.8875178763
0.008792493493071556    -0.006286295769852327    -753393.2905188329
0.0009071612660622869    -0.02299629480249226    -756092.413278934
0.022501607945833085    0.004389677218196323    -752981.8721651783
-0.009839612657854768    -0.022745095009335567    -752964.9518179976
0.10207757574174713    0.0008136014879874398    -750295.555755249
-0.0063538763104598606    -0.008708548569564566    -754916.5072063549
-0.04085129169126343    0.022718363289388126    -753694.0959168103
-0.30691343079744954    0.027988411598795653    -750795.5413015586
0.02566219579870148    -0.004190632616530342    -756689.0133655898
-0.013036246475400672    -0.012582742540306727    -758134.8240891702
0.011886365924720145    -0.000558183162828891    -757773.8596217158
-0.11122415365269303    0.009424810574119707    -753228.9687623817
0.11039639144306307    -0.003665675632567532    -747350.4014971493
-0.24602578155495786    0.005716809449498908    -753659.8351233853
0.08372001485942082    0.008935066129290372    -748383.9740961384
-0.10098289774142913    -0.037413438698183796    -756173.4356123287
0.08476583093983577    0.02084799223946503    -754552.0521859676
0.0024833663405607466    1.106292117740528e-05    -758776.2655300886
0.06532985385168831    0.012399985609837627    -755237.630104132
0.00974598776728684    0.008485709636058289    -756464.5820650195
0.02460998118092116    0.010824817152778035    -754495.421449543
-0.03179695093092948    -0.02712627825989017    -755979.2669417282
-0.13367659992320166    0.012168816069528677    -751895.3639281486
-0.10768945939854735    -0.04533755605383562    -749577.9900021845
0.21447416534898928    -0.014271679743829686    -753298.5962508095
-0.15488629050636502    0.009690139921310957    -752148.2860060994
0.017539716864753644    -0.04258519337876711    -749640.2035781
0.03454371114026412    0.002470277903785571    -751176.5771250075
0.0844794598800729    0.0066695569930862045    -749075.2777000946
0.03906084568493537    -0.019251767223333705    -759157.3222932122
0.09885235663383929    -0.0016553465697385277    -758008.0511181769
0.1195428160631385    0.004335771258378649    -750895.1099786736
-0.11378418511539796    0.0029065540148888835    -750495.4441725392
-0.02528129937489212    -0.011805064822084365    -753301.6421723154
0.032824956904330696    -0.01702460510628927    -752454.0577527843
0.07579275276010933    0.0017166795572538531    -752141.081649851
0.031509144191937864    0.006992043874000201    -757097.788206914
-0.2261994769235956    0.020335589173460705    -753706.362236774
0.11170306398324417    0.013308780462225627    -754632.9313406305
-0.016247586439772775    0.005156448459019474    -745882.299158668
0.10777884602367749    -0.026479059486209    -752993.414556875
0.03183724634788149    0.010340361005537403    -752939.9190923527
-0.004262332571638661    0.0049824324978035225    -749687.7463464038
0.05282952385406267    -0.0017382535841663099    -753264.5671285937
-0.10008012515706276    0.002902742781580147    -753201.0785049421
-0.12816890455724075    -0.022463899008980943    -753765.9281066699
-0.07018384754148643    0.007083744655015437    -748741.9821108544
0.05099002211341729    -0.011867709140117004    -758226.3560670578
0.07471782829623086    -0.007550585529004478    -753912.9031574329
0.049137953198566814    -0.005438345736711182    -752277.278979229
0.1114611170921248    -0.009157478851566312    -752260.387574117
-0.03169931349492491    0.0027458239846573076    -749028.7017544492
-0.019495893178162492    0.013067799098912564    -754432.0518752685
-0.028555062182633414    0.02058619730249543    -754356.3491934951
-0.04466155593288399    -0.020940149983592275    -751077.2608940745
-0.22571490150700987    -0.0221914506303967    -760267.6516004527
-0.12552303687267624    -0.012721618224112122    -753207.3900906246
0.12099197070495732    -0.010958324337372377    -752621.3125639242
-0.14276163503269176    -0.014280938329112036    -752047.0716005883
-0.029020366323003963    -0.017936563950327545    -753472.7811619763
-0.05008578457621746    0.0026614170366399182    -755871.1764905079
0.03635761914114566    0.026429380046874985    -753018.9789369549
-0.045788256799906585    0.011130963170389224    -755742.7176798116
0.04781183291386862    0.009655670018961221    -754601.995928326
0.07679692137653714    -0.004580860317426838    -752308.1075182478
-0.13681289377032474    0.004082978785996452    -755121.9129579253
-0.026941324972615505    0.0140788900385623    -753581.3257588545
-0.04221235836806498    0.023606840455318877    -754078.5472759892
0.002226264935926019    0.012368266011123577    -753271.8948818654
0.04279186457532748    0.0007741569928175356    -747446.8582370896
-0.21568206642214993    -0.017892296516127917    -749342.2076422386
0.02990409974139324    -0.030799635471403748    -752189.8621104185
-0.08809947114145295    0.015530183379839578    -751018.2652863706
-0.13477718982518552    -0.0024928568670399107    -758026.5352678918
0.0494279200189893    0.006029021770170354    -751868.6470025013
0.1526364670985025    0.02998197569046764    -754780.6694211239
0.06469635816478371    -0.0087313756054162    -753360.1479060944
0.2093619452163399    0.01713597061043839    -754608.7142399839
-0.0338844581010316    0.012074383205684842    -755711.7084688143
-0.03764077068862315    -0.018131460031001273    -756760.0999025035
0.006863144601942452    0.015298046702886548    -752594.255951959
0.11560888253572071    -0.026745067793362127    -756489.8725528144
0.16176227386519978    0.0007281873070627315    -752141.3572137341
0.09242539093011803    0.017473387228100653    -756608.5154925049
0.1255289550541338    -0.005042957148780898    -755303.5718204959
-0.11991769759317282    0.009241655838351211    -754712.4944003455
0.20937587893171303    -0.03273614565680779    -754495.3375257864
-0.059505329739833496    0.0014813785805292985    -755435.2778786657
0.05289567137729532    0.014993007813091423    -751908.1480192272
0.08151245537337423    -0.002055681666507343    -751555.8212628376
0.038836487786515446    0.0007229009096970162    -752765.2254657563
0.08199585811701607    -0.013356050116636615    -756713.8221949632
-0.10068751162005618    0.01983748320422658    -754001.7339112099
-0.025064544232304056    -0.01958072389431917    -750251.0772752278
0.01269668782706439    0.03579736743039367    -754546.1692835786
0.0188457522971857    0.00496365335048137    -752210.9301536817
-0.035809248801977965    -0.003762351882679045    -755812.0538981347
-0.22841773171271507    -0.008308965984335453    -753963.2372071636
0.027909192206537543    0.022156346066563637    -753318.5719312271
0.08712111276619157    -0.002902317223575415    -752618.2438757487
0.23848602976165614    0.023569215489070233    -753190.8127348884
0.007651866173991125    0.002235816584586683    -756494.7226981457
-0.048852424619807884    -0.009605119858770998    -752426.5844014107
0.16115003069968525    -0.019206802430950104    -747186.7688349776
0.14030306178973645    -0.006518967262960578    -750422.1281045283
-0.048228225269185694    -0.0003963102491485268    -757645.9104177131
-0.013799141373243715    -0.002296695066034119    -753792.6036471776
-0.19040923736684123    -0.009172532836118772    -751921.1428293629
0.04754185649899728    0.0055279837898480795    -753868.1383349366
0.013275340455534189    -0.0051226445709142785    -755780.5095197213
-0.01475195925786946    0.017571309211579813    -758827.783812348
0.12801192987583637    -0.03291960416477472    -749148.9754825605
-0.016631168168439216    0.002991858080588515    -754526.3351460039
-0.11153508229830233    -0.010946005800514993    -752425.4073960322
0.05862875442801744    0.004621763606580118    -761030.5314390496
-0.08317175700397408    0.014692232444399551    -758411.2285493397
-0.010829381579622994    -0.0005196471719423448    -755627.680155124
0.05020608891995446    0.005900967013544284    -754892.1283041986
0.034403419736488486    0.01390249914391926    -753118.6422448317
-0.015573512811542248    -0.005654410473095479    -749355.1921930431
-0.22193171644620435    0.013019722745415283    -750828.6604698171
0.036891385297949796    0.021531027409234373    -756884.7561989469
0.08123348940573026    -0.013581495431055005    -749726.6915448455
-0.08197719899136285    0.023340994729625288    -749832.6354671476
0.08009239739696958    0.007348390691790249    -752750.0449524162
0.2068507364693188    -0.010414355531048898    -755434.3105546599
-0.036191787026300236    0.012025690329399626    -750970.0616488184
0.06846880041561222    0.015358798035604975    -751432.014583556
0.1717126001320145    0.005782949516888337    -755892.5164324006
0.12030235372888856    -0.0027222208620413958    -757636.9292102783
0.059354098471699104    0.01605296075061995    -760891.1447211646
0.12409789297261205    -0.0023167174727900257    -758070.4048569743
0.006572069262221096    0.013957179911062495    -753326.305124615
0.009157145899391839    -0.0058160929493979675    -753133.3074735478
0.014768393448955594    -0.003809715489044325    -748571.6596163487
0.1005576516405377    -0.029768119591349566    -749686.6529567492
-0.06885294663378261    -0.0005795625307385295    -753932.9182847473
0.050541715577667894    0.017845146304840877    -754220.0625248144
-0.11278400552437223    -0.013136550372932416    -757505.961385788
0.10189669491527775    0.005959148023798395    -751456.8308511707
-0.04190093059264211    -0.013444824521248806    -749850.3617964045
0.037782736778388615    -0.01759946116889361    -757530.249334856
-0.04588494122818576    -0.03736396899301269    -751580.7032259778
0.043352297460116485    -0.02666677757737238    -752798.653302022
-0.16017225419081482    0.025977402168041744    -753004.0715181185
0.0887036993158829    -0.015988864354813448    -752056.6145014787
0.012630778127724888    0.01157796800514108    -755895.5697897843
0.04641324379802497    -0.012439930162606938    -754679.8812816908
-0.03165938047865357    0.007277371344474743    -755179.3661301649
-0.04461618027061906    -0.008122642595253443    -750538.4151019566
-0.061682910539212356    0.00714931729170284    -752635.7286789742
-0.03624067036662851    0.009425400794993176    -753790.308880231
0.06328062269791726    -0.01175467605740683    -755460.3710674028
-0.0703654405445272    0.020466568429234357    -754768.6407499241
0.0712963646359236    -0.013792391550850921    -756718.0661209255
-0.09743851252045384    -0.015411294010135329    -753703.230533098
0.04366764956797155    -0.029410180344623747    -748791.6860650312
-0.22026394347439374    -0.020516909866750727    -756121.2253499309
0.02486785131163173    -0.0017852955487213944    -752642.5760373845
0.009330402381847146    -0.033578641526998056    -756686.6533610683
0.12599416317430592    -0.00014046631324970025    -751894.1772108236
0.09767281120853182    -0.006806181520348735    -752307.8995859581
-0.12407269590352901    -0.01816908592368997    -752972.8748453491
0.1080089746880883    0.020989373562829382    -752305.7058550961
-0.08533762229833375    0.0066164259894413435    -753587.3038981472
0.07390961383007143    -0.004752920479100375    -751749.023205321
-0.15480094771507455    0.0018946711838517304    -748238.1391811729
-0.03316712237308115    -0.0021316311784652818    -754252.692336473
0.02169063065139891    0.021580232143790734    -756861.7970053634
0.17199078867429515    0.02413818912927995    -753431.6903342565
-0.0519426675443114    0.017502567200894416    -751741.82693575
0.018147961042721168    -0.019958057896190037    -753602.4155847803
-0.09459650403343356    -0.03807689720920519    -757640.5447722265
-0.29223064564298673    -0.0001300228946226059    -756165.7068474324
-0.09825237598194608    0.006030512404532442    -756435.5095434001
0.24715798992864363    0.016688598855085487    -756409.0697356511
-0.25869606286204005    -0.004285115392049997    -754085.4997665788
-0.09814977348065199    -0.03543565715924321    -753626.5078828834
-0.09538528221115758    -0.023856379626532524    -755562.0864346789
0.01969557346374175    -0.008358694256306963    -757148.3102078716
-0.22720418117466168    -0.0249899661256279    -753433.435726825
0.07578034309276221    -0.013092583278224323    -754804.0476536143
0.06520090788761619    -0.01075905408360522    -752003.2101486654
-0.16732056887415722    0.021472674247421712    -754179.9333192304
0.08999956254108209    -0.0012191513800450932    -758074.1236852971
-0.025539296713214373    0.014553468689369603    -759715.7494551011
-0.074714156637591    0.02929157417301519    -753161.5060421369
-0.07081825384089595    -0.008579143968788802    -750623.1595735218
-0.010209734285387762    0.017010937161046777    -749810.8202370784
0.04243242565758587    0.0022188389454149654    -754794.561280687
0.04505968326728892    0.001922013672223935    -750026.7751783535
0.20939531444215675    -0.009080691671825472    -750415.5258746312
0.034279371630781895    -0.0009970262172247534    -752780.1687536346
0.05371223814351714    0.012261846683283993    -755819.9078365575
0.08856689124972116    -0.0017330884396381475    -755234.6640247729
0.04689956650204894    0.005945599035879401    -752949.1786250221
-0.2241673981885636    0.008741840172971926    -753926.8758250329
0.014558803707757976    -0.01809081846288506    -757617.1671052302
-0.11397198214423779    0.011591642124626387    -754163.2319560531
-0.06528554537679819    -0.008142741124465716    -756473.3709529119
-0.11736074875819394    0.010517475473312199    -752595.5864994972
-0.1321765503638547    -0.016174474636808215    -762418.8564447201
0.10091680525897771    -0.015687151614944713    -755484.4409147702
0.11164255973108952    -0.022196529484617374    -749774.4397961494
-0.12730026336751207    -0.013652448963620313    -755754.1855286263
0.15523261972304436    -0.0017710952377840191    -753756.9215025752
-0.04059107779856857    -0.023117078354978844    -756384.0078175456
-0.051174726917444235    -0.023740332979065117    -754935.9681081878
0.05433839480270514    0.015251911517037335    -756028.6705129008
-0.0929027532875862    -0.0344545101404891    -754031.1495288997
0.03331534614327076    -0.004841218372415353    -752347.8260194949
-0.004107663743413199    0.016246552460510637    -751859.6118864099
0.05819298851554516    -0.015028384037379817    -754834.6820615728
-0.07670781460983095    -0.011149871739130216    -755471.6384731145
0.014618114119595786    -0.004223195249356895    -753011.9587593569
0.0761112919338131    0.0071899394157210654    -749681.8555660278
0.14162271527075    -0.015318523910061452    -751635.2492002427
0.0859023797799731    0.006533391387314948    -752784.5272125313
-0.05962555026451444    -0.0031934398027164287    -752371.0158738276
0.0863155181006462    0.006945631098787263    -752909.8396592141
-0.0870091016860146    0.008467558256198921    -755578.6985250678
-0.04474483477733923    -0.004297257908932309    -754965.0593517662
0.11444661923921753    -0.0097688435695454    -754707.4808482487
0.18179931913905126    0.010096925129047746    -751468.1065513431
0.08883377593458383    0.0012469200594459895    -750522.389351849
0.009143953486681787    0.007917137122493563    -751821.1606688625
0.07864032243075918    -0.006495106380832669    -753395.9002908794
0.020709269466256897    0.012480029570471396    -749790.6269899089
0.15313952767731187    0.026846301439712814    -756173.20797972
0.10090302411402644    -0.012611164961789082    -756304.1991467717
0.07762299331387666    -0.010921181711900148    -755257.0764131276
0.10535147595573897    0.03641792741317472    -753702.1086554173
-0.05304538949010591    -0.002287135079833535    -753972.9773323782
0.021335023634585518    0.004329834320588531    -753691.2858403645
0.02208975059573247    -0.007496910461791106    -753765.9808309672
0.06062930010793083    0.0025993549684131248    -754263.3138196085
0.05967429016895143    0.018253573927501446    -754443.5612301627
-0.1861439579746602    0.00811727901515785    -755968.8184147977
0.02812319285044936    0.005214764712460028    -753694.6540517891
0.21123737643140014    -0.007301313900152085    -755344.9243362074
-0.14595915310217103    0.0019063220447302776    -751491.083059611
0.04867874439194109    -0.029473669949530212    -752378.2446155003
0.06494979078219476    -0.006671792126295694    -753192.642718587
-0.056404600779642294    0.00939566869405457    -747950.5160271353
-0.021744558536469463    0.020792483420386247    -754167.5450696698
0.059478840173525276    -0.005581383140456065    -750724.6722435536
-0.09936582510806619    -0.014599363264659375    -750985.0494888577
0.03636409329556108    0.0015489836266207326    -752048.047794307
-0.06921044692059819    -0.012421470506698616    -756624.1771628307
-0.10193175747579497    -0.0008843888899317072    -753445.8076495533
-0.0034260532038555523    0.005121536491052688    -752968.1168500899
-0.002932664015544902    -0.005062174350977011    -756020.8737309392
-0.09686701037490408    -0.007360807513400979    -751945.1047120977
0.16837551489844058    0.0174636367338188    -749736.408771291
-0.05190545165115398    -0.01733271287606405    -753781.063348219
0.06326526922310875    0.03306995527175243    -753979.3144659981
-0.1089718978985128    0.011592512218298228    -752211.8237416145
-0.06425996946541186    -0.013066272574659204    -756981.9999746472
-0.07602741391614266    -0.015010648911152873    -753871.2193424846
0.1927657703210103    -0.030914867822207693    -755905.5900975794
0.13092151785097284    0.019468232485966186    -753302.7490240871
-0.06737330008871521    -0.008112848756934372    -752844.7406482873
