|                           Parameters |                       0 |   1 |                       2 |                       3 |                     4 |                       5 |                     6 |                     7 |   8 |                  9 |  10 |  11 |  12 |  13 |
|           Crablog.spectral.amplitude |  1.0007397198544275e-22 | 0.0 |  -8.153163173086209e-16 |   9.307863723373595e-16 | 3.155842262910317e-18 | -1.3976709495768702e-17 |                   0.0 |                   0.0 | 0.0 |                0.0 | 0.0 | 0.0 | 0.0 | 0.0 |
|           Crablog.spectral.reference |                     0.0 | 0.0 |                     0.0 |                     0.0 |                   0.0 |                     0.0 |                   0.0 |                   0.0 | 0.0 |                0.0 | 0.0 | 0.0 | 0.0 | 0.0 |
|               Crablog.spectral.alpha |  -8.153163173086209e-16 | 0.0 |      1.0001165999677026 | -3.7486894061427004e-05 | 9.712500026771958e-08 | -3.5768721958142797e-07 |                   0.0 |                   0.0 | 0.0 |                0.0 | 0.0 | 0.0 | 0.0 | 0.0 |
|                Crablog.spectral.beta |   9.307863723373595e-16 | 0.0 | -3.7486894061427004e-05 |     0.01008556780584795 | 1.330127139575647e-07 |  -4.897776035920197e-07 |                   0.0 |                   0.0 | 0.0 |                0.0 | 0.0 | 0.0 | 0.0 | 0.0 |
|                Crablog.spatial.lon_0 |   3.155842262910317e-18 | 0.0 |   9.712500026771958e-08 |   1.330127139575647e-07 |     1.000002597814353 |   3.892456712291343e-09 |                   0.0 |                   0.0 | 0.0 |                0.0 | 0.0 | 0.0 | 0.0 | 0.0 |
|                Crablog.spatial.lat_0 | -1.3976709495768702e-17 | 0.0 | -3.5768721958142797e-07 |  -4.897776035920197e-07 | 3.892456712291343e-09 |      1.0000019610114093 |                   0.0 |                   0.0 | 0.0 |                0.0 | 0.0 | 0.0 | 0.0 | 0.0 |
|           SoA2HH28-bkg.spectral.norm |                     0.0 | 0.0 |                     0.0 |                     0.0 |                   0.0 |                     0.0 |    1.0000063552467884 | 2.120778816677931e-07 | 0.0 |                0.0 | 0.0 | 0.0 | 0.0 | 0.0 |
|           SoA2HH28-bkg.spectral.tilt |                     0.0 | 0.0 |                     0.0 |                     0.0 |                   0.0 |                     0.0 | 2.120778816677931e-07 |     1.000006824958148 | 0.0 |                0.0 | 0.0 | 0.0 | 0.0 | 0.0 |
|      SoA2HH28-bkg.spectral.reference |                     0.0 | 0.0 |                     0.0 |                     0.0 |                   0.0 |                     0.0 |                   0.0 |                   0.0 | 0.0 |                0.0 | 0.0 | 0.0 | 0.0 | 0.0 |
|       SoA2HH28-irf.e_reco_model.bias |                     0.0 | 0.0 |                     0.0 |                     0.0 |                   0.0 |                     0.0 |                   0.0 |                   0.0 | 0.0 | 1.0000020000000003 | 0.0 | 0.0 | 0.0 | 0.0 |
| SoA2HH28-irf.e_reco_model.resolution |                     0.0 | 0.0 |                     0.0 |                     0.0 |                   0.0 |                     0.0 |                   0.0 |                   0.0 | 0.0 |                0.0 | 0.0 | 0.0 | 0.0 | 0.0 |
|           SoA2HH28-irf.spectral.norm |                     0.0 | 0.0 |                     0.0 |                     0.0 |                   0.0 |                     0.0 |                   0.0 |                   0.0 | 0.0 |                0.0 | 0.0 | 0.0 | 0.0 | 0.0 |
|           SoA2HH28-irf.spectral.tilt |                     0.0 | 0.0 |                     0.0 |                     0.0 |                   0.0 |                     0.0 |                   0.0 |                   0.0 | 0.0 |                0.0 | 0.0 | 0.0 | 0.0 | 0.0 |
|      SoA2HH28-irf.spectral.reference |                     0.0 | 0.0 |                     0.0 |                     0.0 |                   0.0 |                     0.0 |                   0.0 |                   0.0 | 0.0 |                0.0 | 0.0 | 0.0 | 0.0 | 0.0 |
