|                           Parameters |                       0 |   1 |                       2 |                       3 |                       4 |                      5 |                      6 |                      7 |   8 |                    9 |  10 |  11 |  12 |  13 |
|           Crablog.spectral.amplitude |  3.4399125190046766e-25 | 0.0 |  -3.617997659419742e-15 |   7.594762325705526e-15 | -2.8691478496715533e-18 |  4.372743927463221e-19 |                    0.0 |                    0.0 | 0.0 |                  0.0 | 0.0 | 0.0 | 0.0 | 0.0 |
|           Crablog.spectral.reference |                     0.0 | 0.0 |                     0.0 |                     0.0 |                     0.0 |                    0.0 |                    0.0 |                    0.0 | 0.0 |                  0.0 | 0.0 | 0.0 | 0.0 | 0.0 |
|               Crablog.spectral.alpha |  -3.617997659419742e-15 | 0.0 |   0.0003887692092272952 | -0.00014416767706996414 |   7.644051843112364e-09 | -3.865797061071881e-08 |                    0.0 |                    0.0 | 0.0 |                  0.0 | 0.0 | 0.0 | 0.0 | 0.0 |
|                Crablog.spectral.beta |   7.594762325705526e-15 | 0.0 | -0.00014416767706996414 |   0.0003964793346641409 |  1.9617062047247782e-08 | -4.096143528671415e-08 |                    0.0 |                    0.0 | 0.0 |                  0.0 | 0.0 | 0.0 | 0.0 | 0.0 |
|                Crablog.spatial.lon_0 | -2.8691478496715533e-18 | 0.0 |   7.644051843112364e-09 |  1.9617062047247782e-08 |   5.399418056538158e-07 |  5.750912707915637e-10 |                    0.0 |                    0.0 | 0.0 |                  0.0 | 0.0 | 0.0 | 0.0 | 0.0 |
|                Crablog.spatial.lat_0 |   4.372743927463221e-19 | 0.0 |  -3.865797061071881e-08 |  -4.096143528671415e-08 |   5.750912707915637e-10 | 4.0377196574134955e-07 |                    0.0 |                    0.0 | 0.0 |                  0.0 | 0.0 | 0.0 | 0.0 | 0.0 |
|           KQw_7io--bkg.spectral.norm |                     0.0 | 0.0 |                     0.0 |                     0.0 |                     0.0 |                    0.0 | 1.1471900166360311e-05 |    9.9778270569968e-07 | 0.0 |                  0.0 | 0.0 | 0.0 | 0.0 | 0.0 |
|           KQw_7io--bkg.spectral.tilt |                     0.0 | 0.0 |                     0.0 |                     0.0 |                     0.0 |                    0.0 |    9.9778270569968e-07 | 1.3407562475351452e-05 | 0.0 |                  0.0 | 0.0 | 0.0 | 0.0 | 0.0 |
|      KQw_7io--bkg.spectral.reference |                     0.0 | 0.0 |                     0.0 |                     0.0 |                     0.0 |                    0.0 |                    0.0 |                    0.0 | 0.0 |                  0.0 | 0.0 | 0.0 | 0.0 | 0.0 |
|       KQw_7io--irf.e_reco_model.bias |                     0.0 | 0.0 |                     0.0 |                     0.0 |                     0.0 |                    0.0 |                    0.0 |                    0.0 | 0.0 | 0.010000922893884127 | 0.0 | 0.0 | 0.0 | 0.0 |
| KQw_7io--irf.e_reco_model.resolution |                     0.0 | 0.0 |                     0.0 |                     0.0 |                     0.0 |                    0.0 |                    0.0 |                    0.0 | 0.0 |                  0.0 | 0.0 | 0.0 | 0.0 | 0.0 |
|           KQw_7io--irf.spectral.norm |                     0.0 | 0.0 |                     0.0 |                     0.0 |                     0.0 |                    0.0 |                    0.0 |                    0.0 | 0.0 |                  0.0 | 0.0 | 0.0 | 0.0 | 0.0 |
|           KQw_7io--irf.spectral.tilt |                     0.0 | 0.0 |                     0.0 |                     0.0 |                     0.0 |                    0.0 |                    0.0 |                    0.0 | 0.0 |                  0.0 | 0.0 | 0.0 | 0.0 | 0.0 |
|      KQw_7io--irf.spectral.reference |                     0.0 | 0.0 |                     0.0 |                     0.0 |                     0.0 |                    0.0 |                    0.0 |                    0.0 | 0.0 |                  0.0 | 0.0 | 0.0 | 0.0 | 0.0 |
