|                      Parameters |                       0 |   1 |                       2 |                      3 |                      4 |                      5 |                     6 |                     7 |   8 |
|      Crablog.spectral.amplitude |  1.4509308857420105e-24 | 0.0 | -1.6379036557976728e-14 |  3.037716793602203e-14 | -1.314444141017935e-17 |   5.51010684124658e-19 |                   0.0 |                   0.0 | 0.0 |
|      Crablog.spectral.reference |                     0.0 | 0.0 |                     0.0 |                    0.0 |                    0.0 |                    0.0 |                   0.0 |                   0.0 | 0.0 |
|          Crablog.spectral.alpha | -1.6379036557976728e-14 | 0.0 |   0.0017650266736523523 | -0.0006554946569517758 | -6.813344363422861e-08 |  3.985256088804329e-07 |                   0.0 |                   0.0 | 0.0 |
|           Crablog.spectral.beta |   3.037716793602203e-14 | 0.0 |  -0.0006554946569517758 |  0.0015624944188259008 |  5.262395002371443e-08 | -1.836209064444588e-07 |                   0.0 |                   0.0 | 0.0 |
|           Crablog.spatial.lon_0 |  -1.314444141017935e-17 | 0.0 |  -6.813344363422861e-08 |  5.262395002371443e-08 |  2.606508585419783e-06 | 1.1494710321737264e-08 |                   0.0 |                   0.0 | 0.0 |
|           Crablog.spatial.lat_0 |    5.51010684124658e-19 | 0.0 |   3.985256088804329e-07 | -1.836209064444588e-07 | 1.1494710321737264e-08 | 1.9528793124360037e-06 |                   0.0 |                   0.0 | 0.0 |
|      XTitFCLF-bkg.spectral.norm |                     0.0 | 0.0 |                     0.0 |                    0.0 |                    0.0 |                    0.0 | 5.322123380061131e-05 | 4.139129042817633e-06 | 0.0 |
|      XTitFCLF-bkg.spectral.tilt |                     0.0 | 0.0 |                     0.0 |                    0.0 |                    0.0 |                    0.0 | 4.139129042817633e-06 | 6.302803399542054e-05 | 0.0 |
| XTitFCLF-bkg.spectral.reference |                     0.0 | 0.0 |                     0.0 |                    0.0 |                    0.0 |                    0.0 |                   0.0 |                   0.0 | 0.0 |
