|                      Parameters |                       0 |   1 |                       2 |                       3 |                       4 |                      5 |                      6 |                      7 |   8 |
|      Crablog.spectral.amplitude |  1.5922804549687841e-25 | 0.0 | -1.6541283908827695e-15 |  3.5662492448197225e-15 | -1.3233219737758347e-18 | 1.5615777809651538e-19 |                    0.0 |                    0.0 | 0.0 |
|      Crablog.spectral.reference |                     0.0 | 0.0 |                     0.0 |                     0.0 |                     0.0 |                    0.0 |                    0.0 |                    0.0 | 0.0 |
|          Crablog.spectral.alpha | -1.6541283908827695e-15 | 0.0 |  0.00018433314583989933 |  -7.045741571415352e-05 |   6.144563163090916e-09 |  7.044073419120907e-09 |                    0.0 |                    0.0 | 0.0 |
|           Crablog.spectral.beta |  3.5662492448197225e-15 | 0.0 |  -7.045741571415352e-05 |  0.00018965049130814182 | -4.7414699791547964e-09 | -6.936786108166297e-09 |                    0.0 |                    0.0 | 0.0 |
|           Crablog.spatial.lon_0 | -1.3233219737758347e-18 | 0.0 |   6.144563163090916e-09 | -4.7414699791547964e-09 |  2.5344173460380216e-07 | -8.654599360091716e-10 |                    0.0 |                    0.0 | 0.0 |
|           Crablog.spatial.lat_0 |  1.5615777809651538e-19 | 0.0 |   7.044073419120907e-09 |  -6.936786108166297e-09 |  -8.654599360091716e-10 | 1.9158073360323448e-07 |                    0.0 |                    0.0 | 0.0 |
|      Ulu8VcQp-bkg.spectral.norm |                     0.0 | 0.0 |                     0.0 |                     0.0 |                     0.0 |                    0.0 | 5.3603875208533205e-06 |  4.393804354881461e-07 | 0.0 |
|      Ulu8VcQp-bkg.spectral.tilt |                     0.0 | 0.0 |                     0.0 |                     0.0 |                     0.0 |                    0.0 |  4.393804354881461e-07 | 6.2121808686846144e-06 | 0.0 |
| Ulu8VcQp-bkg.spectral.reference |                     0.0 | 0.0 |                     0.0 |                     0.0 |                     0.0 |                    0.0 |                    0.0 |                    0.0 | 0.0 |
