|                           Parameters |                       0 |   1 |                      2 |                       3 |                       4 |                      5 |                     6 |                      7 |   8 |                     9 |  10 |  11 |  12 |  13 |
|           Crablog.spectral.amplitude |  2.8314611367054965e-24 | 0.0 | -3.316086221461712e-14 |  5.6736637749681926e-14 | -1.6457093344953778e-17 | 4.9431722463580334e-18 |                   0.0 |                    0.0 | 0.0 |                   0.0 | 0.0 | 0.0 | 0.0 | 0.0 |
|           Crablog.spectral.reference |                     0.0 | 0.0 |                    0.0 |                     0.0 |                     0.0 |                    0.0 |                   0.0 |                    0.0 | 0.0 |                   0.0 | 0.0 | 0.0 | 0.0 | 0.0 |
|               Crablog.spectral.alpha |  -3.316086221461712e-14 | 0.0 |    0.00400376093757354 |   -0.001651348771358279 |  1.4385369518740679e-06 | -7.835722514940843e-09 |                   0.0 |                    0.0 | 0.0 |                   0.0 | 0.0 | 0.0 | 0.0 | 0.0 |
|                Crablog.spectral.beta |  5.6736637749681926e-14 | 0.0 |  -0.001651348771358279 |   0.0029725967378409416 | -2.0869551715384374e-07 |  2.957910287614264e-07 |                   0.0 |                    0.0 | 0.0 |                   0.0 | 0.0 | 0.0 | 0.0 | 0.0 |
|                Crablog.spatial.lon_0 | -1.6457093344953778e-17 | 0.0 | 1.4385369518740679e-06 | -2.0869551715384374e-07 |   5.561637967506025e-06 |  4.658748962230126e-08 |                   0.0 |                    0.0 | 0.0 |                   0.0 | 0.0 | 0.0 | 0.0 | 0.0 |
|                Crablog.spatial.lat_0 |  4.9431722463580334e-18 | 0.0 | -7.835722514940843e-09 |   2.957910287614264e-07 |   4.658748962230126e-08 | 4.4021977207359956e-06 |                   0.0 |                    0.0 | 0.0 |                   0.0 | 0.0 | 0.0 | 0.0 | 0.0 |
|           Mm10T4Jp-bkg.spectral.norm |                     0.0 | 0.0 |                    0.0 |                     0.0 |                     0.0 |                    0.0 | 0.0001157946349607204 |  1.026725401685765e-05 | 0.0 |                   0.0 | 0.0 | 0.0 | 0.0 | 0.0 |
|           Mm10T4Jp-bkg.spectral.tilt |                     0.0 | 0.0 |                    0.0 |                     0.0 |                     0.0 |                    0.0 | 1.026725401685765e-05 | 0.00013238243756252143 | 0.0 |                   0.0 | 0.0 | 0.0 | 0.0 | 0.0 |
|      Mm10T4Jp-bkg.spectral.reference |                     0.0 | 0.0 |                    0.0 |                     0.0 |                     0.0 |                    0.0 |                   0.0 |                    0.0 | 0.0 |                   0.0 | 0.0 | 0.0 | 0.0 | 0.0 |
|       Mm10T4Jp-irf.e_reco_model.bias |                     0.0 | 0.0 |                    0.0 |                     0.0 |                     0.0 |                    0.0 |                   0.0 |                    0.0 | 0.0 | 2.698857932756635e-05 | 0.0 | 0.0 | 0.0 | 0.0 |
| Mm10T4Jp-irf.e_reco_model.resolution |                     0.0 | 0.0 |                    0.0 |                     0.0 |                     0.0 |                    0.0 |                   0.0 |                    0.0 | 0.0 |                   0.0 | 0.0 | 0.0 | 0.0 | 0.0 |
|           Mm10T4Jp-irf.spectral.norm |                     0.0 | 0.0 |                    0.0 |                     0.0 |                     0.0 |                    0.0 |                   0.0 |                    0.0 | 0.0 |                   0.0 | 0.0 | 0.0 | 0.0 | 0.0 |
|           Mm10T4Jp-irf.spectral.tilt |                     0.0 | 0.0 |                    0.0 |                     0.0 |                     0.0 |                    0.0 |                   0.0 |                    0.0 | 0.0 |                   0.0 | 0.0 | 0.0 | 0.0 | 0.0 |
|      Mm10T4Jp-irf.spectral.reference |                     0.0 | 0.0 |                    0.0 |                     0.0 |                     0.0 |                    0.0 |                   0.0 |                    0.0 | 0.0 |                   0.0 | 0.0 | 0.0 | 0.0 | 0.0 |
