1.255714723677829e-12  1.145740218616902e-12  1.0446019551953576e-12  9.514392959680485e-13  8.65446638984822e-13  7.858667141214783e-13  7.11984988446849e-13  6.431256810617895e-13  5.786501860872241e-13  5.179591110769588e-13  4.604996568397735e-13  4.057806369717731e-13  3.533978783014028e-13  3.0307262848968673e-13  2.5470408618863156e-13  2.0843287977414232e-13  1.647034771457008e-13  1.2429898241530372e-13  8.830395898143038e-14  5.794088127567525e-14  
1.3193560259063663e-12  1.204181249304079e-12  1.0980729960348505e-12  1.0001318479091802e-12  9.095123049178187e-13  8.254162195618222e-13  7.470877462697538e-13  6.738105624360623e-13  6.049085289425756e-13  5.397514999775908e-13  4.777686336703804e-13  4.1847216001884607e-13  3.6149477713742404e-13  3.0664293026714815e-13  2.539648652931837e-13  2.0382463506264521e-13  1.5695934191353105e-13  1.144773658151458e-13  7.773797475875001e-14  4.805886552514822e-14  
9.860575716605676e-13  9.463221717703611e-13  9.075219942662811e-13  8.694738284586654e-13  8.319656287054133e-13  7.947502271437201e-13  7.575386497864759e-13  7.199936820390884e-13  6.817249184927738e-13  6.422874649440654e-13  6.011878611121458e-13  5.579027476742902e-13  5.1191823477885e-13  4.628003287499397e-13  4.103076945656718e-13  3.545543720097819e-13  2.962164345122967e-13  2.367459743541506e-13  1.785043477984726e-13  1.2466639925016045e-13  
1.2200009217784175e-12  1.1334264730048575e-12  1.0524968295864604e-12  9.767373381469998e-13  9.056894005629903e-13  8.389063637553957e-13  7.759494916993565e-13  7.163842329213201e-13  6.597771725509631e-13  6.056943302231682e-13  5.537018709349901e-13  5.033708716422229e-13  4.54288545438348e-13  4.060792075747233e-13  3.584390379333803e-13  3.1118876441154977e-13  2.643465669871447e-13  2.182177636704079e-13  1.7348554685043745e-13  1.3126648301457433e-13  
1.4263745570185285e-12  1.2616751106555404e-12  1.1162998405662324e-12  9.880322125844434e-13  8.749185089706791e-13  7.752383078598589e-13  6.874786651965734e-13  6.103116701935627e-13  5.425751328647673e-13  4.832562674476502e-13  4.314783742836169e-13  3.864907217866226e-13  3.476621368927846e-13  3.1447931366900426e-13  2.8655171054640877e-13  2.6362645277694657e-13  2.456195590200214e-13  2.326755145749588e-13  2.2527899193699105e-13  2.244682145467302e-13  
1.2856359792494365e-12  1.1770077837638796e-12  1.0770167066278322e-12  9.848695558929962e-13  8.998247894715264e-13  8.211861150493316e-13  7.482966410625478e-13  6.805337831381176e-13  6.173052889853383e-13  5.58046978629216e-13  5.022231287267146e-13  4.4933087394388167e-13  3.989105383694925e-13  3.5056435032898207e-13  3.0398627293874954e-13  2.590051338682637e-13  2.1564082535850593e-13  1.7416750715830869e-13  1.3516682239133923e-13  9.953805726172748e-14  
1.335316732536545e-12  1.2388875389115898e-12  1.1483362406630142e-12  1.0630820622331348e-12  9.825516674091298e-13  9.06174628257853e-13  8.333801978980876e-13  7.635965181567844e-13  6.962540433620089e-13  6.307958532219548e-13  5.666986399446999e-13  5.035093091882755e-13  4.4090281135753824e-13  3.7876586518131267e-13  3.1730651456922784e-13  2.5717775744720317e-13  1.9958150409610345e-13  1.4628722913022419e-13  9.947013966532183e-14  6.128125317991712e-14  
1.2140807696232762e-12  1.1142760638727875e-12  1.0222093290382319e-12  9.371872561427135e-13  8.585596697021453e-13  7.857139917082161e-13  7.180700937510745e-13  6.550756954713037e-13  5.962025985669529e-13  5.409442423994365e-13  4.888153527388445e-13  4.393548493007193e-13  3.9213368122262743e-13  3.467698183163978e-13  3.02953061148153e-13  2.604822239633723e-13  2.1931576691004813e-13  1.7963275231002178e-13  1.4189235649783416e-13  1.0686607816538493e-13  
1.3186293629568879e-12  1.2165602408710303e-12  1.1215358200998068e-12  1.0328972807444485e-12  9.5001094732729e-13  8.722631797042459e-13  7.99056104887864e-13  7.29804841515099e-13  6.639372671506361e-13  6.008979425849198e-13  5.401585524405137e-13  4.81238096927678e-13  4.2373686436590694e-13  3.673883907241555e-13  3.1213206354537483e-13  2.582038375842449e-13  2.0623107171153308e-13  1.5729768881212446e-13  1.1291997632951336e-13  7.485532047181205e-14  
1.3070691190822426e-12  1.1632141889608594e-12  1.0356773000837702e-12  9.226922827445248e-13  8.22699351914325e-13  7.343242992390384e-13  6.563606788994507e-13  5.877549454660694e-13  5.275946635739959e-13  4.751001507993876e-13  4.2962029740412873e-13  3.9063394129860217e-13  3.5775927587252935e-13  3.3077575112386496e-13  3.096666561877284e-13  2.946978971412762e-13  2.865635989550331e-13  2.8666208852833636e-13  2.9764209838023863e-13  3.245486362122773e-13  
1.4026868094279289e-12  1.2866885522173007e-12  1.1790057382222967e-12  1.0787983716799033e-12  9.85262943559403e-13  8.976272219114906e-13  8.151471745604132e-13  7.371073140949833e-13  6.628264033373357e-13  5.916712786803205e-13  5.230824360730013e-13  4.566156599294142e-13  3.9200362320969476e-13  3.292386347728712e-13  2.6867029383969444e-13  2.11097008493426e-13  1.5780697790390481e-13  1.1049783239391251e-13  7.09951443006694e-14  4.07384638555568e-14  
1.180748804911432e-12  1.107496097991921e-12  1.0379256999293703e-12  9.716643989971241e-13  9.083290657451501e-13  8.47522196381602e-13  7.888280301610566e-13  7.318101185825632e-13  6.760118052931972e-13  6.209619219008011e-13  5.661891561459175e-13  5.11249949900211e-13  4.557761379171235e-13  3.995490383535133e-13  3.426046416201862e-13  2.8536690919334874e-13  2.287888631292785e-13  1.7445099605773505e-13  1.2452777454258897e-13  8.150889667639113e-14  
1.3885824185527866e-12  1.2575738293913955e-12  1.1377798200826067e-12  1.028036224174404e-12  9.272639770153204e-13  8.344602344680116e-13  7.486916903776632e-13  6.690909328756611e-13  5.948571058187353e-13  5.25262666427346e-13  4.596685797113205e-13  3.9755065075785e-13  3.38539390334602e-13  2.8247393532853937e-13  2.2946566473043376e-13  1.7995751430476302e-13  1.3474973413258643e-13  9.494508272427342e-14  6.175860932044582e-14  3.6164696950793906e-14  
1.1163604933589312e-12  1.0685610657158834e-12  1.020980202367937e-12  9.732268210866326e-13  9.248439244535157e-13  8.753028147785324e-13  8.240030540897825e-13  7.702834482565651e-13  7.134521054768327e-13  6.528469349144372e-13  5.879409038637833e-13  5.185066030513579e-13  4.4484736925251375e-13  3.680794949287464e-13  2.9040274590660735e-13  2.152225555528266e-13  1.4691227647215624e-13  9.00077396605364e-14  4.783979117328695e-14  2.1095012758994434e-14  
1.4492386244722321e-12  1.315703104173481e-12  1.193171424626468e-12  1.0805029904068872e-12  9.766337905234544e-13  8.805684703884536e-13  7.91374890780061e-13  7.081822638592393e-13  6.301844813522379e-13  5.566508825870285e-13  4.86947337511859e-13  4.205708375664237e-13  3.572001403035532e-13  2.9676220480978505e-13  2.395073651874099e-13  1.8607343044875206e-13  1.3749985991719323e-13  9.513353268918289e-14  6.036551699910036e-14  3.418626759915167e-14  
1.4826039915215347e-12  1.3403444467260842e-12  1.2107616386333686e-12  1.0925519800370234e-12  9.845154061172728e-13  8.85544189093197e-13  7.946136054786286e-13  7.107749782665045e-13  6.331519314297961e-13  5.609411067769501e-13  4.934190849335196e-13  4.2995773295050206e-13  3.700504318026879e-13  3.133511083701969e-13  2.5972578110305173e-13  2.093110171355737e-13  1.6256373524030393e-13  1.2027185987380838e-13  8.347965515390082e-14  5.327890628242215e-14  
1.4530068951010676e-12  1.3099670652494135e-12  1.181308777938967e-12  1.0656425179704616e-12  9.617237006039771e-13  8.684398169708351e-13  7.847992507703433e-13  7.099217409865464e-13  6.430305338738873e-13  5.834463664543965e-13  5.305835740991441e-13  4.839488524835817e-13  4.431435933240088e-13  4.0787137091871034e-13  3.7795330399040046e-13  3.533560885464739e-13  3.342413775461503e-13  3.210527589073656e-13  3.1467207831612926e-13  3.167102522136432e-13  
1.1862340038088603e-12  1.1308309769448915e-12  1.0756269086496705e-12  1.020138895172517e-12  9.638122143505785e-13  9.060195640624195e-13  8.460708058706932e-13  7.832409999357956e-13  7.168278363097319e-13  6.462527201992801e-13  5.712206496728637e-13  4.919482066011216e-13  4.0944892709957647e-13  3.2582154159048103e-13  2.4441470587706085e-13  1.6966089288575965e-13  1.0635248282681288e-13  5.830390778650359e-14  2.6799384597310057e-14  9.771587242340644e-15  
1.2288411752870623e-12  1.1480850655358597e-12  1.072016590628157e-12  1.0002283970135399e-12  9.323165376901871e-13  8.678762794335472e-13  8.064980011279763e-13  7.477635586082589e-13  6.912437791692921e-13  6.364981894938386e-13  5.830787256032789e-13  5.305400604625869e-13  4.784602906698279e-13  4.2647686119977777e-13  3.743432351957877e-13  3.220107398197141e-13  2.697350520546243e-13  2.1819470859250102e-13  1.6858675143093094e-13  1.2263331792597284e-13  
1.4002411799225823e-12  1.2640072436766875e-12  1.1398508770293692e-12  1.0264961215924845e-12  9.227671034805077e-13  8.275778523256721e-13  7.399245573596343e-13  6.588810790440884e-13  5.83598946120726e-13  5.133135615371416e-13  4.4735883199330827e-13  3.851926965986869e-13  3.264355686239367e-13  2.709216165579034e-13  2.1875770246033469e-13  1.7037507516606715e-13  1.2654409055133046e-13  8.83060726009208e-14  5.6771992477007196e-14  3.276995877624048e-14  
1.3616804369571166e-12  1.2183220614584978e-12  1.090123949625594e-12  9.75494809504864e-13  8.730124913324419e-13  7.814063947806039e-13  6.995417801881351e-13  6.264057947156623e-13  5.610950481232155e-13  5.028045957802135e-13  4.508182095429302e-13  4.0449984162656547e-13  3.6328621458708306e-13  3.2668050517886095e-13  2.9424713628174284e-13  2.656077578006579e-13  2.4043859898357464e-13  2.1846953659977555e-13  1.9948549238271991e-13  1.8333123635182044e-13  
1.601643223259519e-12  1.431967872772927e-12  1.2802282844434064e-12  1.1445216519752108e-12  1.0231458361948945e-12  9.145779963560848e-13  8.174554625477881e-13  7.305586092235914e-13  6.527955152658491e-13  5.831882189625065e-13  5.208603972418302e-13  4.650263179732651e-13  4.1498093269075506e-13  3.7009099547835765e-13  3.297871129703896e-13  2.9355665180277663e-13  2.6093745522318436e-13  2.3151235231852135e-13  2.0490448443654032e-13  1.807735271822487e-13  
1.0766185439573647e-12  1.0078499675731102e-12  9.421282359444028e-13  8.79041380437371e-13  8.181586877483821e-13  7.590281479231658e-13  7.01176882018974e-13  6.441169159059817e-13  5.873598517625459e-13  5.304454346113874e-13  4.729904166028754e-13  4.1476466582227966e-13  3.557994001472052e-13  2.9652466701872774e-13  2.3791548107478057e-13  1.8159508314560374e-13  1.298037251659764e-13  8.511578502866966e-14  4.9830235248916964e-14  2.5133397552520857e-14  
1.2846678762228052e-12  1.194372445592293e-12  1.108231750925261e-12  1.0256364791928354e-12  9.459619886545839e-13  8.685703977907603e-13  7.928200250675699e-13  7.180866595038511e-13  6.438027775319247e-13  5.695221986278013e-13  4.95017622414782e-13  4.204146739141185e-13  3.4635462574873687e-13  2.7415402989963225e-13  2.058906599113093e-13  1.4430029226062705e-13  9.235250748425647e-14  5.245363812057063e-14  2.5464865531410748e-14  1.005799715365608e-14  
1.3523207636581993e-12  1.2337162172861865e-12  1.1237127595841052e-12  1.0213653349599857e-12  9.257744276037161e-13  8.360834063362151e-13  7.5148036670324e-13  6.712067662254678e-13  5.94575997985281e-13  5.210058311502533e-13  4.5006887273901547e-13  3.8156385281794665e-13  3.156058149685157e-13  2.527226629240803e-13  1.9392667077097536e-13  1.4070371397946472e-13  9.484156448928531e-14  5.803124856279141e-14  3.126641637067798e-14  1.425193627631698e-14  
1.4016772264913503e-12  1.2586157952355573e-12  1.12955278519184e-12  1.0130133773551127e-12  9.076602311610039e-13  8.122785033223902e-13  7.257625906433487e-13  6.471046811620109e-13  5.753853373406621e-13  5.09766523681819e-13  4.4948773743380404e-13  3.938661998023751e-13  3.423023764690811e-13  2.942923059603043e-13  2.494480681471219e-13  2.0752673971241282e-13  1.6846557603782504e-13  1.3241593263289637e-13  9.975994529126749e-14  7.108348520877357e-14  
1.256614341904556e-12  1.175056325619377e-12  1.0969857176276632e-12  1.0218901820544167e-12  9.492337003749876e-13  8.78455125218411e-13  8.089716521916472e-13  7.401907384500916e-13  6.715355957757497e-13  6.024911585871338e-13  5.326787383189694e-13  4.619669298284209e-13  3.906208501381796e-13  3.1947693075657077e-13  2.5010120661078863e-13  1.8484466815732064e-13  1.2666478773030172e-13  7.858413785223909e-14  4.278271416712103e-14  1.9616050131676218e-14  
1.1959975452824789e-12  1.116828698434684e-12  1.0409595590396686e-12  9.678716427795048e-13  8.970236423140919e-13  8.278519394621067e-13  7.59777316298917e-13  6.922219512296991e-13  6.24642442415926e-13  5.56586208658332e-13  4.877792372189101e-13  4.182507783236708e-13  3.484916995700924e-13  2.796229310775953e-13  2.1351494342812897e-13  1.5275310181719684e-13  1.0031378076651791e-13  5.886328818690814e-14  2.978986364053555e-14  1.2411518032712794e-14  
1.0463924978871234e-12  1.0170155410223524e-12  9.86736947632692e-13  9.551625472109255e-13  9.218101037277144e-13  8.860973437854295e-13  8.473346939337168e-13  8.047285532539718e-13  7.574044634644154e-13  7.044641350691064e-13  6.45095176678564e-13  5.787551296389004e-13  5.054465460055209e-13  4.2607748976967506e-13  3.4284868600491557e-13  2.5951642358574526e-13  1.812700508532532e-13  1.139228454583369e-13  6.231498270831255e-14  2.839929936785268e-14  
1.3323158919152912e-12  1.230937184111077e-12  1.1363354200797263e-12  1.0478680007660518e-12  9.649126484246502e-13  8.868624621152453e-13  8.131219610463075e-13  7.431049110559752e-13  6.762352026156265e-13  6.119527104819797e-13  5.497269218205049e-13  4.890820859650086e-13  4.2963841832682267e-13  3.7117377134942646e-13  3.137077592669563e-13  2.5760326970219843e-13  2.0366569519198128e-13  1.5319647885454453e-13  1.0792954902952292e-13  6.976689041945756e-14  
1.4509940220747278e-12  1.3332274081091844e-12  1.224368186047898e-12  1.1236122139314871e-12  1.0302012500842695e-12  9.43416552384592e-13  8.625730089238175e-13  7.87014089434224e-13  7.161081191434058e-13  6.492466910921862e-13  5.858464793936547e-13  5.253563117694623e-13  4.672720768399919e-13  4.1116273853497996e-13  3.567110283845217e-13  3.037714814453378e-13  2.5244492870337363e-13  2.0316024652906337e-13  1.5673903786671374e-13  1.1439752967298035e-13  
1.5672693506926344e-12  1.35290379845935e-12  1.16825616172514e-12  1.0092613438348448e-12  8.724182151874577e-13  7.547127561380198e-13  6.535520192202319e-13  5.6670751858944e-13  4.922668957794613e-13  4.285929471713891e-13  3.7428934904419284e-13  3.281727109565127e-13  2.892509794908582e-13  2.567087972470768e-13  2.2990137990780217e-13  2.0836017825290115e-13  1.9181682869440023e-13  1.8025841795658296e-13  1.7404102121327221e-13  1.7412015044042993e-13  
1.436914409787781e-12  1.2892936753927972e-12  1.1564283594181369e-12  1.0367716025976773e-12  9.28926270668902e-13  8.316287128609264e-13  7.437341864298383e-13  6.64203882905636e-13  5.920935678419022e-13  5.265439486708596e-13  4.667730244232737e-13  4.120708553913212e-13  3.617974225373553e-13  3.153845085534251e-13  2.7234276361697823e-13  2.3227516941362295e-13  1.948976806738219e-13  1.6006637188789362e-13  1.2780717532034818e-13  9.833848778473568e-14  
