1.036328618123202e-12  1.0087675432001347e-12  9.801805177164278e-13  9.501617203772065e-13  9.182134139111305e-13  8.837334685961394e-13  8.460079104149661e-13  8.042146864715762e-13  7.574485873996862e-13  7.047821077232727e-13  6.453820949929121e-13  5.787046659780758e-13  5.047850885105579e-13  4.2461455048144734e-13  3.4053806483236006e-13  2.5650975272171395e-13  1.7792859759154066e-13  1.1074764041254476e-13  5.978240109086666e-14  2.6761630824747192e-14  
1.1725997609990743e-12  1.0873428115850412e-12  1.0079079722986112e-12  9.338173596422471e-13  8.646146516345081e-13  7.998612203984278e-13  7.391323034674181e-13  6.820133158012649e-13  6.280965064828186e-13  5.769783255042424e-13  5.282581134127828e-13  4.815390911203879e-13  4.3643313698810014e-13  3.925714967159453e-13  3.49624308782827e-13  3.073324066147182e-13  2.6555471306936815e-13  2.2433256459433624e-13  1.8396668496369832e-13  1.450910590907829e-13  
1.2304057420918863e-12  1.1403186458825843e-12  1.055681664778073e-12  9.759340148567563e-13  9.005211387817895e-13  8.288908896564362e-13  7.604914519952927e-13  6.947723549325123e-13  6.311906583903152e-13  5.692253453858981e-13  5.084040521153162e-13  4.4834720608086323e-13  3.888346657180328e-13  3.298975413027329e-13  2.7193047434274786e-13  2.158039703972733e-13  1.6293041461501553e-13  1.1520599316712956e-13  7.473521921651631e-14  4.328970779388503e-14  
1.4354888883777836e-12  1.3138716206570878e-12  1.2013562793160908e-12  1.0970336852178623e-12  1.000041149361318e-12  9.095563724256699e-13  8.247932523320422e-13  7.450006811127848e-13  6.694659729585875e-13  5.975252878473277e-13  5.28584232196577e-13  4.621524938679859e-13  3.97896336005083e-13  3.357109016125228e-13  2.758086693714428e-13  2.188085491339569e-13  1.6579026451345775e-13  1.1825372572530058e-13  7.79077045285401e-14  4.623913271757626e-14  
1.5498443138392036e-12  1.362948983899033e-12  1.1980528263160647e-12  1.0524847377721118e-12  9.238861280286992e-13  8.10173153991733e-13  7.095036411375555e-13  6.202482841101095e-13  5.409658447148028e-13  4.703822076318234e-13  4.0737331583852534e-13  3.5095218631952576e-13  3.0026038364519243e-13  2.5456445275284256e-13  2.1325776930507718e-13  1.7586784103196638e-13  1.4206793164163883e-13  1.1168950071462184e-13  8.472794681752367e-14  6.13287604755291e-14  
1.2901890281488476e-12  1.173334480147515e-12  1.0667263501583558e-12  9.694016125163794e-13  8.804753941005876e-13  7.991326587890936e-13  7.246205487321995e-13  6.562413982748775e-13  5.933464978228489e-13  5.353307761132907e-13  4.816287027712085e-13  4.3171190320139084e-13  3.850892374673673e-13  3.4131042485785926e-13  2.9997466397224745e-13  2.6074599634622205e-13  2.2337713376402353e-13  1.8774260834240209e-13  1.5387955770055043e-13  1.2202908549232165e-13  
1.2142687116430479e-12  1.1631063377259207e-12  1.1110338394828626e-12  1.0574553961770925e-12  1.001680104252998e-12  9.429268572503878e-13  8.803476275944552e-13  8.130815463974872e-13  7.403564992799002e-13  6.61657617626077e-13  5.769785496554128e-13  4.871534781468363e-13  3.9422379090940334e-13  3.017139339596586e-13  2.145880813618914e-13  1.3859901128554202e-13  7.886725036823898e-14  3.799390323722128e-14  1.470515649321783e-14  4.268449309752017e-15  
1.3829955348008676e-12  1.2627284400966239e-12  1.1514545310521787e-12  1.0482323864620334e-12  9.521688820142841e-13  8.624142138676435e-13  7.78159890767946e-13  6.986412748295739e-13  6.231469554425631e-13  5.510380468571165e-13  4.817811925486217e-13  4.1499911142949726e-13  3.505408691168835e-13  2.88568889067108e-13  2.2964857661092063e-13  1.7480739520350366e-13  1.2550547773114089e-13  8.344245266366133e-14  5.014602037142919e-14  2.6388435648816918e-14  
1.2998685838245423e-12  1.2151863869338544e-12  1.1350732927215918e-12  1.0590793512022079e-12  9.867493869079908e-13  9.176183066247283e-13  8.512071345436035e-13  7.870207137630969e-13  7.245486164315216e-13  6.632716747896845e-13  6.026777142219906e-13  5.422914652388318e-13  4.817249241779575e-13  4.207547608665685e-13  3.5943094417181016e-13  2.982124847462056e-13  2.3810794936412864e-13  1.807673243439914e-13  1.2843294385150888e-13  8.363537984168098e-14  
9.868624577552646e-13  9.846665922076575e-13  9.796723222777184e-13  9.710493394837342e-13  9.577620542815928e-13  9.385460086158246e-13  9.119033800294242e-13  8.761377597945261e-13  8.294590014121953e-13  7.701999416729099e-13  6.971915981284557e-13  6.103274914978359e-13  5.112862922485348e-13  4.0424666620136734e-13  2.962175127047279e-13  1.9641465754084915e-13  1.1420567244513848e-13  5.587427133548078e-14  2.178535620185369e-14  6.30301740811448e-15  
1.0917626636724002e-12  1.0658303075177301e-12  1.0386703607713858e-12  1.009845813872911e-12  9.788174610649727e-13  9.44929036652698e-13  9.073972876394741e-13  8.653135980081612e-13  8.176679126437007e-13  7.634111413547554e-13  7.015781061342277e-13  6.314966448551242e-13  5.531033153369234e-13  4.673606477440105e-13  3.76709299328419e-13  2.85380887366652e-13  1.9926791164743877e-13  1.2499991769584588e-13  6.810932539775947e-14  3.0838282939418415e-14  
1.260440857373304e-12  1.2040089174158047e-12  1.1481984362178036e-12  1.0925914642812425e-12  1.0367037019966695e-12  9.799779164839614e-13  9.21782592836837e-13  8.614208197029217e-13  7.981571177659981e-13  7.312732737440435e-13  6.601675175960009e-13  5.845125572643786e-13  5.044827517773532e-13  4.210415999746505e-13  3.3623809031451525e-13  2.53389046703451e-13  1.769412859567642e-13  1.1177950360762914e-13  6.190202412094552e-14  2.8831861034885235e-14  
1.0046985212361645e-12  9.701371703511999e-13  9.353726660774956e-13  9.000927281667914e-13  8.639207637156247e-13  8.264065121139651e-13  7.870193946410474e-13  7.451482642370149e-13  7.001135884079946e-13  6.512012717365403e-13  5.977310456760629e-13  5.391754370967679e-13  4.753447945371776e-13  4.066438021399405e-13  3.3437610377391037e-13  2.6101655006349895e-13  1.9028708323013015e-13  1.268007974631555e-13  7.508148128227016e-14  3.806353074648517e-14  
1.531724702205682e-12  1.3420084573447856e-12  1.1756855875852417e-12  1.0298557642212576e-12  9.019758894729056e-13  7.898157638759898e-13  6.91419216850399e-13  6.050700275707895e-13  5.292620492909589e-13  4.626730273020988e-13  4.041416706402425e-13  3.5264760249841083e-13  3.072938762154818e-13  2.6729180509262013e-13  2.319479176622389e-13  2.0065291775328743e-13  1.7287260203276999e-13  1.4814076485802964e-13  1.2605419239725228e-13  1.0626989196528838e-13  
1.3444134219307919e-12  1.2505217360392487e-12  1.1603983284380195e-12  1.073377625727562e-12  9.887730651283365e-13  9.058846352198726e-13  8.240180642535036e-13  7.425221018489781e-13  6.608521471849101e-13  5.786692008534819e-13  4.959805480973112e-13  4.13318804775412e-13  3.319335077162396e-13  2.5392986503852756e-13  1.8223715652551694e-13  1.2025339482697394e-13  7.106056669107796e-14  3.632107797137918e-14  1.5341776727211977e-14  5.043562142277208e-15  
1.3067264200311899e-12  1.1973876923594877e-12  1.0964396244692335e-12  1.0030903915742055e-12  9.165934518429552e-13  8.362413864011759e-13  7.613605954710708e-13  6.913073108500793e-13  6.25465673952948e-13  5.632490372220585e-13  5.04106189602061e-13  4.475348566893305e-13  3.931054519577406e-13  3.404983102546951e-13  2.8955678414571253e-13  2.4035531364897747e-13  1.9327397289984842e-13  1.4905718664675395e-13  1.0881477927947734e-13  7.390603686657715e-14  
1.364106656253572e-12  1.2465295633944158e-12  1.1383288699037532e-12  1.0386110093700125e-12  9.465391914590309e-13  8.613263080792241e-13  7.822287748701411e-13  7.085417237113171e-13  6.395962292002634e-13  5.74759629179304e-13  5.134405009076733e-13  4.551004579998987e-13  3.992755245398763e-13  3.456101155155293e-13  2.9390595243965995e-13  2.441853857480629e-13  1.967618190900368e-13  1.5229741975348796e-13  1.1181015191451286e-13  7.65747821548263e-14  
1.3014650577357986e-12  1.1762005106775103e-12  1.0629267634074338e-12  9.604836975677896e-13  8.678211346025914e-13  7.83987999873243e-13  7.081224824325123e-13  6.394430897075865e-13  5.772405069625988e-13  5.208701822198999e-13  4.697455690706994e-13  4.2333197359365746e-13  3.8114096901694456e-13  3.427253650982609e-13  3.076747516832588e-13  2.756116818872285e-13  2.461886252912377e-13  2.1908591140944387e-13  1.9401100288436228e-13  1.706995842826349e-13  
1.0202442962389707e-12  1.0190310331682045e-12  1.0145707155116265e-12  1.0058942620757647e-12  9.91798758465974e-13  9.708266112514287e-13  9.412719398815227e-13  9.012401137169247e-13  8.487985779485158e-13  7.82267901733017e-13  7.007013368083503e-13  6.045690387670815e-13  4.965691350043501e-13  3.8230620906002064e-13  2.70335794452544e-13  1.7093856794678895e-13  9.331504421735377e-14  4.1992089152472224e-14  1.4659021156100768e-14  3.665094164077674e-15  
1.0797341744680791e-12  1.0478577538367525e-12  1.0154188062924233e-12  9.820721149779331e-13  9.473953175792455e-13  9.108767226361652e-13  8.719057236960983e-13  8.29769980318421e-13  7.836662968168772e-13  7.327359529518004e-13  6.761398620347604e-13  6.131930685282862e-13  5.435783711780952e-13  4.67648378192232e-13  3.8679293838592e-13  3.0378243353860305e-13  2.2289695267621551e-13  1.4955906597546112e-13  8.922299682033766e-14  4.560835851641453e-14  
1.3855015650620465e-12  1.2342952502081648e-12  1.0996915127571906e-12  9.798846991750587e-13  8.732685294236777e-13  7.784146240061462e-13  6.940534497384767e-13  6.190574381846706e-13  5.524260644442709e-13  4.932727072867751e-13  4.4081314631296123e-13  3.943555905898286e-13  3.532921802465888e-13  3.1709196460718206e-13  2.852954488876591e-13  2.575109358185017e-13  2.3341310347995104e-13  2.127446199801773e-13  1.9532222083936355e-13  1.8104980619802768e-13  
1.0098689576864183e-12  1.007447137495141e-12  1.0029854551272156e-12  9.95872777496941e-13  9.85335599566623e-13  9.704089196012253e-13  9.499126913352438e-13  9.224443528064495e-13  8.864051542287071e-13  8.400876968620992e-13  7.818627172012937e-13  7.105094688619157e-13  6.257239595646844e-13  5.28791136216122e-13  4.2329331796488146e-13  3.155372579052229e-13  2.1418039334184014e-13  1.2853931987520392e-13  6.561513544789474e-14  2.7075744366189935e-14  
1.3194841830796134e-12  1.1715022712419235e-12  1.039638167339933e-12  9.2205871569846e-13  8.171270840269934e-13  7.233803433233101e-13  6.395096819364924e-13  5.643431156390412e-13  4.968306553984692e-13  4.3603201886782433e-13  3.811071257178309e-13  3.313097997357132e-13  2.8598529437521156e-13  2.4457240912850423e-13  2.0661094802216237e-13  1.7175484721498506e-13  1.397900578609787e-13  1.1065364463863631e-13  8.44460271954096e-14  6.142205042255696e-14  
1.3113121162276775e-12  1.2015991661683137e-12  1.1005797311997342e-12  1.0074685130777137e-12  9.21531768697108e-13  8.420809959419142e-13  7.684670768728136e-13  7.000750272470487e-13  6.363196306308471e-13  5.766424291997392e-13  5.205108245275418e-13  4.674204307201047e-13  4.16902322103189e-13  3.6853737984749696e-13  3.2198040012847284e-13  2.7699658286386096e-13  2.3351168557976175e-13  1.9167318228406932e-13  1.5191148645384261e-13  1.1497650522675058e-13  
1.38968580464585e-12  1.2592392887881066e-12  1.1411769477792087e-12  1.0343499261150864e-12  9.377211242010962e-13  8.503553857282752e-13  7.714107734826719e-13  7.001308779270478e-13  6.358381262092388e-13  5.779280892841661e-13  5.258648260780715e-13  4.791773634191215e-13  4.374575010690471e-13  4.0035927353411005e-13  3.676006309690248e-13  3.389682860543847e-13  3.143273336937758e-13  2.936384182038816e-13  2.7698736012629805e-13  2.646362176624342e-13  
1.2561407710793582e-12  1.1812894566828768e-12  1.1070462952524557e-12  1.0327430552776125e-12  9.576619958155977e-13  8.810610901480866e-13  8.022249412489846e-13  7.205538107842703e-13  6.357043566993728e-13  5.477916853123107e-13  4.576470025423853e-13  3.670901280114188e-13  2.7911556843151183e-13  1.9781506829159865e-13  1.278191794146115e-13  7.314282082117293e-14  3.567752963972049e-14  1.410769504417718e-14  4.2333883444305815e-15  8.839108394843026e-16  
1.2408594065246776e-12  1.1224808599790253e-12  1.0145451126622748e-12  9.159787182444506e-13  8.25791796815286e-13  7.43069021844663e-13  6.669622029527054e-13  5.966849548576e-13  5.315102275370682e-13  4.707718424576219e-13  4.1387161303695513e-13  3.6029403323887735e-13  3.0963066347279554e-13  2.6161574199235956e-13  2.1617233724602396e-13  1.7346325723517702e-13  1.3393164082527121e-13  9.830273839207092e-14  6.750541315015586e-14  4.2472815110336314e-14  
1.0282440590251409e-12  1.0160171818319445e-12  1.0022175082317322e-12  9.863818492006401e-13  9.679274601600832e-13  9.461304100676748e-13  9.20107000603489e-13  8.888048646074998e-13  8.510150804983184e-13  8.05423210782305e-13  7.507250672779297e-13  6.858397132470818e-13  6.102512353762225e-13  5.244892482320732e-13  4.306962615241934e-13  3.3311010780395217e-13  2.381249772024445e-13  1.534856774155859e-13  8.634552932744005e-14  4.0619891522727555e-14  
1.561054424261582e-12  1.3274571564662411e-12  1.1297273060132924e-12  9.62470992156028e-13  8.211216904236781e-13  7.018168203404065e-13  6.012939411032913e-13  5.168040123659056e-13  4.4603981378045507e-13  3.8707832498854286e-13  3.3833677016744047e-13  2.9854335822676903e-13  2.667259618565949e-13  2.4222605054505004e-13  2.247533024532458e-13  2.1451362153300609e-13  2.124827721562112e-13  2.2099470546748872e-13  2.4507141906705286e-13  2.956751862363035e-13  
9.146960474493174e-13  9.216668028128479e-13  9.266911904632056e-13  9.291069565336043e-13  9.280664050447749e-13  9.225001688506406e-13  9.11086013202506e-13  8.922345861331566e-13  8.641126406924273e-13  8.247359478464909e-13  7.721770813892189e-13  7.049410994232994e-13  6.225499792871429e-13  5.263179398290962e-13  4.201615629171217e-13  3.1106173170195326e-13  2.0856621309882583e-13  1.2276539483269199e-13  6.089121218673645e-14  2.4115605676369692e-14  
1.235938862830014e-12  1.1538910943739869e-12  1.0755466396387872e-12  1.0003893694741136e-12  9.278836532806112e-13  8.574729357424801e-13  7.885829451259322e-13  7.206328191258028e-13  6.530589185677481e-13  5.853577475444855e-13  5.171556290733699e-13  4.4831222659432657e-13  3.7906000221788807e-13  3.101680700229694e-13  2.4309190143113425e-13  1.8002908503642303e-13  1.2375915737022897e-13  7.714457440088274e-14  4.228241981915995e-14  1.9569071864243632e-14  
1.1976183438114395e-12  1.1205252513733534e-12  1.0481261794181188e-12  9.800747604999674e-13  9.160360294586458e-13  8.556834897836219e-13  7.986960058962569e-13  7.447545383357619e-13  6.935387909369754e-13  6.447239285612003e-13  5.979776714492702e-13  5.529583067983733e-13  5.093145172642774e-13  4.666884515125767e-13  4.24724184116549e-13  3.830846108132416e-13  3.4148074550408056e-13  2.997178817269499e-13  2.5776217307460767e-13  2.1582708453753762e-13  
1.3838998291123875e-12  1.2462592889188837e-12  1.1217085657925571e-12  1.0088963340229321e-12  9.065922050903912e-13  8.13673594595309e-13  7.291140773983931e-13  6.519733492981781e-13  5.81389057076095e-13  5.165709560010741e-13  4.567981148470813e-13  4.0142020954489544e-13  3.498642884048657e-13  3.0164863714544007e-13  2.5640525518679776e-13  2.1391146527406512e-13  1.741284796442365e-13  1.3723925344705846e-13  1.0366891951720243e-13  7.405974719129312e-14  
1.0616442216889375e-12  1.0304441933541832e-12  9.99194014673472e-13  9.676603054946608e-13  9.355567137714172e-13  9.025330814164712e-13  8.681642442816357e-13  8.319399840649126e-13  7.93258956734725e-13  7.514314497775238e-13  7.056987574547266e-13  6.552808049374673e-13  5.994678156373685e-13  5.377744005794088e-13  4.701710848715432e-13  3.9739095670758687e-13  3.212666219953899e-13  2.4497683931610207e-13  1.7298660015989275e-13  1.1041637779121316e-13  
1.2825637651943543e-12  1.186965556507624e-12  1.096771220547598e-12  1.0113431367463637e-12  9.30045049027176e-13  8.522406946714872e-13  7.772967366828004e-13  7.045927642439402e-13  6.335423083298173e-13  5.636300889605808e-13  4.944715677949477e-13  4.259001860962143e-13  3.580832664742772e-13  2.9165608983142224e-13  2.278414017705606e-13  1.6848798843310719e-13  1.15927818118098e-13  7.255050131323902e-14  4.0084995294427674e-14  1.8801635937979113e-14  
