-0.10759716191062332    0.17736334266139112    850290.3564499331
-0.0796895390454262    0.11041057891643541    851345.5301130181
0.007804957460285951    0.12128790427643266    850380.4998851449
0.022168956623756144    -0.021064028032974736    849705.6913374428
0.04693946716087239    -0.014186710439022705    848469.6636175652
0.014118531748857983    -0.0215490932830694    849025.9069885119
-0.016003568243397118    0.13383746095945132    851375.0970063152
0.05391370690085676    0.03226217902844432    849999.8194703571
-0.013320941507149195    -0.021135168201534254    850527.4081254029
-0.06000005170022426    0.046045045804059666    852672.5008147333
-0.10661670129071657    0.05057455492250584    851773.9452833938
-0.12280467667927673    -0.21215031438336804    850670.4721243051
-0.08900529472727692    -0.08781820140235776    850436.824723053
0.12077286885312384    -0.038773821853148704    849529.9620197394
-0.020518296104838744    -0.1896686550641171    850728.5035346288
0.01343654284680506    0.15082713234093156    852804.7469300476
-0.007552644875919868    0.01880130279619951    848559.4600516609
-0.01882187027680445    0.185938054653376    849894.4475147243
-0.11848251509074591    -0.16536170817952786    850954.7047760551
-0.09179136547826092    0.037067046173577124    850653.7822268654
0.0729484522233484    -0.02964459947902705    848674.1232804296
-0.16189461591363016    0.01747257194476435    848973.6753892306
0.13115452037608885    0.039045128903390146    851088.4996898348
0.0015617230598406705    0.14497723758283823    850921.777193675
-0.005435013426475616    -0.088964450106779    850205.9017779399
0.0464090604075104    0.01003540297908895    849791.1798420767
0.08090298205614742    -0.01912154225474655    849866.6274548557
-0.13433925836576685    -0.14312559352603632    848278.191848236
0.1450063825412435    0.03985450146680475    849837.2101264813
-0.1589102698552386    -0.11872507662841564    851556.4814806143
-0.040925028878144615    -0.016626544341156856    849258.6286760496
-0.15061542877614337    0.06762902793314464    850044.1580055859
0.044403872782296364    -0.0018104266414658418    851339.1873616602
-0.09633871789141696    -0.004761598570173444    847515.4791909539
-0.02536303479092851    0.07201495685791792    851058.3643848149
