9.862341192169821e-13   5.989874118719849e-14   2.077729047403843   0.08104200680409798   0.0433038591025226   0.01761492734881109   0.9994870974330098   0.0015598827340725335   0.0   0.0   
9.290633319108527e-13   5.2911541744825925e-14   2.2717239903000306   0.07053834502426798   0.009025880219094012   0.011663178890350203   0.9987086951385069   0.001559189970010189   0.0   0.0   
9.87264513911512e-13   5.641387412101425e-14   2.2654649506829103   0.075882733092463   0.026201290379591555   0.015765831898350017   1.0000161156986629   0.0015603687467771303   0.0   0.0   
1.1050050040383803e-12   5.859502715575514e-14   2.3121359003221653   0.07049024043340522   0.02414815973764547   0.01593982714764791   0.9994717674278223   0.0015601572228877458   0.0   0.0   
1.0387995253298376e-12   5.578962521602599e-14   2.4647400111086557   0.07403719028424241   0.010853617298181815   0.01522394567771152   0.999656019055536   0.0015603160091477444   0.0   0.0   
9.597147803447899e-13   5.2886097159877315e-14   2.343536030403561   0.07015715341124752   0.007635816001786975   0.012917220204987536   0.9991177627009399   0.001559632806222282   0.0   0.0   
1.1194497229961528e-12   6.743319910009462e-14   2.1253872706310197   0.0856130774877198   0.06655680504420848   0.02479694836604975   1.0011921434119253   0.001561204332252068   0.0   0.0   
1.0621565071791084e-12   5.881569021627786e-14   2.3179313439286826   0.0746413799669856   0.03071883457812399   0.01814267738725221   1.000675702914639   0.001560833557136093   0.0   0.0   
1.066781415431868e-12   5.610529808339407e-14   2.2366653146748505   0.06723145633650204   0.020156840470037882   0.01361241246855861   0.999548701970604   0.0015600468289297704   0.0   0.0   
1.0382220040657172e-12   6.272240587768682e-14   1.9749159209082146   0.0806992448405343   0.06901426474667148   0.020837481803212928   0.9987685836378797   0.0015592905351304801   0.0   0.0   
1.048264466008011e-12   5.977841612810558e-14   2.067293496388012   0.07523653769386926   0.042831717697152424   0.016879661137731577   0.9992102398095205   0.0015597413736546236   0.0   0.0   
1.126550578201654e-12   6.282828101336644e-14   2.1482378089755487   0.07632665600430841   0.04004151283188713   0.016958074390717354   0.9991180258974179   0.0015597425881637664   0.0   0.0   
9.261858414800576e-13   5.650171622315682e-14   2.110726958678711   0.07669074260259295   0.03591871277441124   0.015797528376203143   1.0022312994190092   0.0015619389422935847   0.0   0.0   
1.0071798587365943e-12   5.3196384848309044e-14   2.482549328345402   0.07259061925622778   0.002146435551184138   0.013730954270626254   1.0012930548972678   0.0015613318433006468   0.0   0.0   
1.1207670772817886e-12   6.7048793874881e-14   2.23685300801483   0.08511321074750297   0.05798119248767357   0.02391454911130384   1.0006577196100637   0.0015608773578521691   0.0   0.0   
1.003273624336379e-12   5.575890317812093e-14   2.3115393684411343   0.07366852639261293   0.016694661060289034   0.014618498201749191   1.0021673011975647   0.00156206201540759   0.0   0.0   
1.0376492298338457e-12   5.5597287261604256e-14   2.321906987865735   0.07041179441646851   0.01607744415818942   0.013845070655076758   1.0001524467654757   0.0015606396949716932   0.0   0.0   
9.441187995334668e-13   5.3129042914185665e-14   2.3693953267210355   0.07168766146093014   0.0014944994086644747   0.012126238802792316   1.0003977729613733   0.0015605859463711823   0.0   0.0   
1.0843150022008975e-12   6.672061967374078e-14   1.9671742107950385   0.08624561855347027   0.0772108058896467   0.02309626335047633   1.0010001380392164   0.0015609631391019273   0.0   0.0   
1.0113024314154999e-12   5.742612663820463e-14   2.092387567773795   0.07193947189665777   0.03573858148043707   0.014818031865592858   0.9973043084790076   0.0015582074584458926   0.0   0.0   
9.571785260011932e-13   5.118432659506094e-14   2.4237006937746686   0.06882609738338441   -0.0022122578291619214   0.01119649809182962   1.0013952686540408   0.0015613810805408922   0.0   0.0   
1.0443660736445772e-12   6.009488566151558e-14   1.9850852232029705   0.07324805759173049   0.049211961486942325   0.015789104002785465   1.0018538129251484   0.0015617901334270285   0.0   0.0   
9.11904584829997e-13   5.325917716989573e-14   2.429688288208042   0.0788779535370593   0.011115457218388376   0.01626313761375899   0.9993060523488759   0.0015597005198425913   0.0   0.0   
1.0017404635219408e-12   5.4790811166803614e-14   2.314416898303792   0.0706327140286428   0.01065863790821786   0.013173947559117003   0.9972713031420011   0.0015582749409197246   0.0   0.0   
1.0128183472434529e-12   5.233810077832205e-14   2.3619128513989756   0.0652993898397562   -0.002952054475972879   0.010110911432867629   1.0001396408540661   0.0015604933294063887   0.0   0.0   
1.1081726475112432e-12   7.36627204243286e-14   2.184293049141166   0.09294585917173127   0.0838978304580882   0.031848681889046646   0.9985713899136714   0.0015591381345081876   0.0   0.0   
9.171408739662159e-13   5.455013974903699e-14   2.3569371503299017   0.08180161704289364   0.0202407986435367   0.016575196200733795   0.9991917621702047   0.0015597772933516388   0.0   0.0   
1.0247288278200045e-12   5.949787498319198e-14   2.02382771041181   0.07451611236336764   0.04137219355621964   0.015319414917655478   0.9987053385211706   0.0015593330759889456   0.0   0.0   
9.165605661667057e-13   4.893746191986764e-14   2.6022111204334877   0.06967742811729405   -0.019500891232293673   0.010541460731941846   1.0034453624085626   0.0015629142204293454   0.0   0.0   
9.788573202756129e-13   6.037995782118344e-14   1.9471682692294623   0.07767828262266308   0.05205812074870175   0.01701882794807029   0.9998506710838975   0.001560176743090769   0.0   0.0   
1.026220293900875e-12   5.924374419690158e-14   2.2323819026606584   0.07779808443308092   0.03911961330477494   0.01848155137281075   1.0023152130791495   0.0015621301719049906   0.0   0.0   
9.739960777721464e-13   5.3671143119712927e-14   2.240361256121932   0.06595484932352508   0.006189213416335638   0.010147547017660795   1.001456390132843   0.001561402015866693   0.0   0.0   
1.0021500465637923e-12   5.4246089966449865e-14   2.37691029102802   0.07270946309329672   0.012909490963329578   0.014196790009067425   0.9995266474086871   0.0015599686854694272   0.0   0.0   
9.845360060577561e-13   5.539386159898721e-14   2.0978402233975153   0.06871636050998228   0.023365224008079232   0.012740439308058928   0.996221393554283   0.00155732842458   0.0   0.0   
1.0345367900922107e-12   5.924023314874974e-14   2.265049119444542   0.07846953653377367   0.03788577545765179   0.01847664959212021   0.9984831180034089   0.0015591754401517695   0.0   0.0   
