|                           Parameters |                       0 |   1 |                       2 |                      3 |                      4 |                      5 |                      6 |                      7 |   8 |                     9 |  10 |                      11 |                      12 |  13 |
|           Crablog.spectral.amplitude |  1.0961354653339724e-21 | 0.0 | -1.2433177223346484e-10 |  3.522577370613044e-11 | -5.883498664155759e-14 | 1.3060701593892438e-14 |                    0.0 |                    0.0 | 0.0 |                   0.0 | 0.0 |                     0.0 |                     0.0 | 0.0 |
|           Crablog.spectral.reference |                     0.0 | 0.0 |                     0.0 |                    0.0 |                    0.0 |                    0.0 |                    0.0 |                    0.0 | 0.0 |                   0.0 | 0.0 |                     0.0 |                     0.0 | 0.0 |
|               Crablog.spectral.alpha | -1.2433177223346484e-10 | 0.0 |      14.951948817397943 |     -4.131306489749504 |   0.007017964261904574 | -0.0015556253605842555 |                    0.0 |                    0.0 | 0.0 |                   0.0 | 0.0 |                     0.0 |                     0.0 | 0.0 |
|                Crablog.spectral.beta |   3.522577370613044e-11 | 0.0 |      -4.131306489749504 |     1.1959727333453376 | -0.0019340445775208096 | 0.00042902754728692906 |                    0.0 |                    0.0 | 0.0 |                   0.0 | 0.0 |                     0.0 |                     0.0 | 0.0 |
|                Crablog.spatial.lon_0 |  -5.883498664155759e-14 | 0.0 |    0.007017964261904574 | -0.0019340445775208096 | 0.00010805639469626327 | -7.403205880788533e-07 |                    0.0 |                    0.0 | 0.0 |                   0.0 | 0.0 |                     0.0 |                     0.0 | 0.0 |
|                Crablog.spatial.lat_0 |  1.3060701593892438e-14 | 0.0 |  -0.0015556253605842555 | 0.00042902754728692906 | -7.403205880788533e-07 |  7.865631404726741e-05 |                    0.0 |                    0.0 | 0.0 |                   0.0 | 0.0 |                     0.0 |                     0.0 | 0.0 |
|           hHxKqm9L-bkg.spectral.norm |                     0.0 | 0.0 |                     0.0 |                    0.0 |                    0.0 |                    0.0 |   0.002240257867671408 | 0.00018014798116363235 | 0.0 |                   0.0 | 0.0 |                     0.0 |                     0.0 | 0.0 |
|           hHxKqm9L-bkg.spectral.tilt |                     0.0 | 0.0 |                     0.0 |                    0.0 |                    0.0 |                    0.0 | 0.00018014798116363235 |   0.002628048467613618 | 0.0 |                   0.0 | 0.0 |                     0.0 |                     0.0 | 0.0 |
|      hHxKqm9L-bkg.spectral.reference |                     0.0 | 0.0 |                     0.0 |                    0.0 |                    0.0 |                    0.0 |                    0.0 |                    0.0 | 0.0 |                   0.0 | 0.0 |                     0.0 |                     0.0 | 0.0 |
|       hHxKqm9L-irf.e_reco_model.bias |                     0.0 | 0.0 |                     0.0 |                    0.0 |                    0.0 |                    0.0 |                    0.0 |                    0.0 | 0.0 |  0.024060145943561626 | 0.0 |   -0.004411013491237148 |    1.21843726441694e-08 | 0.0 |
| hHxKqm9L-irf.e_reco_model.resolution |                     0.0 | 0.0 |                     0.0 |                    0.0 |                    0.0 |                    0.0 |                    0.0 |                    0.0 | 0.0 |                   0.0 | 0.0 |                     0.0 |                     0.0 | 0.0 |
|           hHxKqm9L-irf.spectral.norm |                     0.0 | 0.0 |                     0.0 |                    0.0 |                    0.0 |                    0.0 |                    0.0 |                    0.0 | 0.0 | -0.004411013491237148 | 0.0 |    0.009255895827959349 | -2.0420518380742173e-08 | 0.0 |
|           hHxKqm9L-irf.spectral.tilt |                     0.0 | 0.0 |                     0.0 |                    0.0 |                    0.0 |                    0.0 |                    0.0 |                    0.0 | 0.0 |  1.21843726441694e-08 | 0.0 | -2.0420518380742173e-08 |   0.0003600491651799942 | 0.0 |
|      hHxKqm9L-irf.spectral.reference |                     0.0 | 0.0 |                     0.0 |                    0.0 |                    0.0 |                    0.0 |                    0.0 |                    0.0 | 0.0 |                   0.0 | 0.0 |                     0.0 |                     0.0 | 0.0 |
