|                      Parameters |                       0 |   1 |                       2 |                      3 |                       4 |                       5 |                     6 |                     7 |   8 |
|      Crablog.spectral.amplitude |   1.535895246699171e-23 | 0.0 | -1.5917322440132663e-13 | 3.2414418559243125e-13 | -1.4378710510528255e-16 |  2.0456062890332968e-17 |                   0.0 |                   0.0 | 0.0 |
|      Crablog.spectral.reference |                     0.0 | 0.0 |                     0.0 |                    0.0 |                     0.0 |                     0.0 |                   0.0 |                   0.0 | 0.0 |
|          Crablog.spectral.alpha | -1.5917322440132663e-13 | 0.0 |    0.017823524514519663 |  -0.006776698896116047 |  1.3284043248767603e-06 | -1.3716579636311662e-08 |                   0.0 |                   0.0 | 0.0 |
|           Crablog.spectral.beta |  3.2414418559243125e-13 | 0.0 |   -0.006776698896116047 |   0.016818766877814504 |   4.713983969188853e-07 |  1.0912143633856719e-07 |                   0.0 |                   0.0 | 0.0 |
|           Crablog.spatial.lon_0 | -1.4378710510528255e-16 | 0.0 |  1.3284043248767603e-06 |  4.713983969188853e-07 |  2.5076116147308583e-05 |  2.2024989001553696e-09 |                   0.0 |                   0.0 | 0.0 |
|           Crablog.spatial.lat_0 |  2.0456062890332968e-17 | 0.0 | -1.3716579636311662e-08 | 1.0912143633856719e-07 |  2.2024989001553696e-09 |   1.878803017418292e-05 |                   0.0 |                   0.0 | 0.0 |
|      gC2ypZkP-bkg.spectral.norm |                     0.0 | 0.0 |                     0.0 |                    0.0 |                     0.0 |                     0.0 | 0.0005354006141902142 | 4.392727533478356e-05 | 0.0 |
|      gC2ypZkP-bkg.spectral.tilt |                     0.0 | 0.0 |                     0.0 |                    0.0 |                     0.0 |                     0.0 | 4.392727533478356e-05 | 0.0006218901030006381 | 0.0 |
| gC2ypZkP-bkg.spectral.reference |                     0.0 | 0.0 |                     0.0 |                    0.0 |                     0.0 |                     0.0 |                   0.0 |                   0.0 | 0.0 |
