0.000000000000000000e+00
0.000000000000000000e+00
0.000000000000000000e+00
0.000000000000000000e+00
0.000000000000000000e+00
5.364811901655643034e+00
3.030155482567474134e+00
3.385983357931917848e+00
-9.521775103690442776e+00
-2.617650972862604064e+00
-2.869864675861184100e+00
0.000000000000000000e+00
0.000000000000000000e+00
8.961849939306613777e+00
0.000000000000000000e+00
0.000000000000000000e+00
0.000000000000000000e+00
6.446547026481203702e+00
0.000000000000000000e+00
0.000000000000000000e+00
0.000000000000000000e+00
0.000000000000000000e+00
0.000000000000000000e+00
0.000000000000000000e+00
