|                      Parameters |   0 |                      1 |                       2 |   3 |   4 |                      5 |                       6 |                      7 |                      8 |                      9 |  10 |
|       Crabbreak.spectral.index1 | 0.0 |                    0.0 |                     0.0 | 0.0 | 0.0 |                    0.0 |                     0.0 |                    0.0 |                    0.0 |                    0.0 | 0.0 |
|       Crabbreak.spectral.index2 | 0.0 |   0.004309374349940725 |  3.6162138507731487e-12 | 0.0 | 0.0 |    0.02134675083766817 |   2.412220694047695e-09 |  -4.76512228330526e-08 |                    0.0 |                    0.0 | 0.0 |
|    Crabbreak.spectral.amplitude | 0.0 | 3.6162138507731487e-12 |   3.138088852961419e-21 | 0.0 | 0.0 |  1.867523051839467e-11 | -2.4179562775621857e-17 | -3.184476449740952e-17 |                    0.0 |                    0.0 | 0.0 |
|       Crabbreak.spectral.ebreak | 0.0 |                    0.0 |                     0.0 | 0.0 | 0.0 |                    0.0 |                     0.0 |                    0.0 |                    0.0 |                    0.0 | 0.0 |
|    Crabbreak.spectral.reference | 0.0 |                    0.0 |                     0.0 | 0.0 | 0.0 |                    0.0 |                     0.0 |                    0.0 |                    0.0 |                    0.0 | 0.0 |
|         Crabbreak.spectral.beta | 0.0 |    0.02134675083766817 |   1.867523051839467e-11 | 0.0 | 0.0 |    0.11171723793110758 |  -8.035178392146672e-08 | -2.406100293942688e-07 |                    0.0 |                    0.0 | 0.0 |
|         Crabbreak.spatial.lon_0 | 0.0 |  2.412220694047695e-09 | -2.4179562775621857e-17 | 0.0 | 0.0 | -8.035178392146672e-08 |   4.493100473008226e-07 |  1.550681351003145e-10 |                    0.0 |                    0.0 | 0.0 |
|         Crabbreak.spatial.lat_0 | 0.0 |  -4.76512228330526e-08 |  -3.184476449740952e-17 | 0.0 | 0.0 | -2.406100293942688e-07 |   1.550681351003145e-10 | 3.4740684095336034e-07 |                    0.0 |                    0.0 | 0.0 |
|      vaILphEL-bkg.spectral.norm | 0.0 |                    0.0 |                     0.0 | 0.0 | 0.0 |                    0.0 |                     0.0 |                    0.0 | 1.1487510279734139e-05 | 1.0178635684445223e-06 | 0.0 |
|      vaILphEL-bkg.spectral.tilt | 0.0 |                    0.0 |                     0.0 | 0.0 | 0.0 |                    0.0 |                     0.0 |                    0.0 | 1.0178635684445223e-06 | 1.3393797254267087e-05 | 0.0 |
| vaILphEL-bkg.spectral.reference | 0.0 |                    0.0 |                     0.0 | 0.0 | 0.0 |                    0.0 |                     0.0 |                    0.0 |                    0.0 |                    0.0 | 0.0 |
