|                           Parameters |   0 |                     1 |   2 |   3 |   4 |                    5 |   6 |   7 |                      8 |                      9 |  10 |  11 |  12 |                    13 |                     14 |  15 |
|            Crabbreak.spectral.index1 | 0.0 |                   0.0 | 0.0 | 0.0 | 0.0 |                  0.0 | 0.0 | 0.0 |                    0.0 |                    0.0 | 0.0 | 0.0 | 0.0 |                   0.0 |                    0.0 | 0.0 |
|            Crabbreak.spectral.index2 | 0.0 | 0.0003148907138966447 | 0.0 | 0.0 | 0.0 |    0.001019753954196 | 0.0 | 0.0 |                    0.0 |                    0.0 | 0.0 | 0.0 | 0.0 |                   0.0 |                    0.0 | 0.0 |
|         Crabbreak.spectral.amplitude | 0.0 |                   0.0 | 1.0 | 0.0 | 0.0 |                  0.0 | 0.0 | 0.0 |                    0.0 |                    0.0 | 0.0 | 0.0 | 0.0 |                   0.0 |                    0.0 | 0.0 |
|            Crabbreak.spectral.ebreak | 0.0 |                   0.0 | 0.0 | 0.0 | 0.0 |                  0.0 | 0.0 | 0.0 |                    0.0 |                    0.0 | 0.0 | 0.0 | 0.0 |                   0.0 |                    0.0 | 0.0 |
|         Crabbreak.spectral.reference | 0.0 |                   0.0 | 0.0 | 0.0 | 0.0 |                  0.0 | 0.0 | 0.0 |                    0.0 |                    0.0 | 0.0 | 0.0 | 0.0 |                   0.0 |                    0.0 | 0.0 |
|              Crabbreak.spectral.beta | 0.0 |     0.001019753954196 | 0.0 | 0.0 | 0.0 | 0.013267604966728718 | 0.0 | 0.0 |                    0.0 |                    0.0 | 0.0 | 0.0 | 0.0 |                   0.0 |                    0.0 | 0.0 |
|              Crabbreak.spatial.lon_0 | 0.0 |                   0.0 | 0.0 | 0.0 | 0.0 |                  0.0 | 1.0 | 0.0 |                    0.0 |                    0.0 | 0.0 | 0.0 | 0.0 |                   0.0 |                    0.0 | 0.0 |
|              Crabbreak.spatial.lat_0 | 0.0 |                   0.0 | 0.0 | 0.0 | 0.0 |                  0.0 | 0.0 | 1.0 |                    0.0 |                    0.0 | 0.0 | 0.0 | 0.0 |                   0.0 |                    0.0 | 0.0 |
|           QbnNJ3xF-bkg.spectral.norm | 0.0 |                   0.0 | 0.0 | 0.0 | 0.0 |                  0.0 | 0.0 | 0.0 | 1.0304535101863068e-05 | 1.0247228429284637e-06 | 0.0 | 0.0 | 0.0 |                   0.0 |                    0.0 | 0.0 |
|           QbnNJ3xF-bkg.spectral.tilt | 0.0 |                   0.0 | 0.0 | 0.0 | 0.0 |                  0.0 | 0.0 | 0.0 | 1.0247228429284637e-06 |  1.339703650426305e-05 | 0.0 | 0.0 | 0.0 |                   0.0 |                    0.0 | 0.0 |
|      QbnNJ3xF-bkg.spectral.reference | 0.0 |                   0.0 | 0.0 | 0.0 | 0.0 |                  0.0 | 0.0 | 0.0 |                    0.0 |                    0.0 | 0.0 | 0.0 | 0.0 |                   0.0 |                    0.0 | 0.0 |
|       QbnNJ3xF-irf.e_reco_model.bias | 0.0 |                   0.0 | 0.0 | 0.0 | 0.0 |                  0.0 | 0.0 | 0.0 |                    0.0 |                    0.0 | 0.0 | 0.0 | 0.0 |                   0.0 |                    0.0 | 0.0 |
| QbnNJ3xF-irf.e_reco_model.resolution | 0.0 |                   0.0 | 0.0 | 0.0 | 0.0 |                  0.0 | 0.0 | 0.0 |                    0.0 |                    0.0 | 0.0 | 0.0 | 0.0 |                   0.0 |                    0.0 | 0.0 |
|           QbnNJ3xF-irf.spectral.norm | 0.0 |                   0.0 | 0.0 | 0.0 | 0.0 |                  0.0 | 0.0 | 0.0 |                    0.0 |                    0.0 | 0.0 | 0.0 | 0.0 |  0.006590857111928249 |  0.0002989644244335162 | 0.0 |
|           QbnNJ3xF-irf.spectral.tilt | 0.0 |                   0.0 | 0.0 | 0.0 | 0.0 |                  0.0 | 0.0 | 0.0 |                    0.0 |                    0.0 | 0.0 | 0.0 | 0.0 | 0.0002989644244335162 | 0.00034370100756558295 | 0.0 |
|      QbnNJ3xF-irf.spectral.reference | 0.0 |                   0.0 | 0.0 | 0.0 | 0.0 |                  0.0 | 0.0 | 0.0 |                    0.0 |                    0.0 | 0.0 | 0.0 | 0.0 |                   0.0 |                    0.0 | 0.0 |
