|                           Parameters |   0 |                      1 |                      2 |   3 |   4 |                      5 |                       6 |                       7 |                      8 |                      9 |  10 |  11 |  12 |                     13 |                     14 |  15 |
|            Crabbreak.spectral.index1 | 0.0 |                    0.0 |                    0.0 | 0.0 | 0.0 |                    0.0 |                     0.0 |                     0.0 |                    0.0 |                    0.0 | 0.0 | 0.0 | 0.0 |                    0.0 |                    0.0 | 0.0 |
|            Crabbreak.spectral.index2 | 0.0 |   0.017867340409151132 | 2.5224032697235245e-11 | 0.0 | 0.0 |    0.10101348958267112 |  2.2889927337413463e-06 |    4.05976989519662e-07 |                    0.0 |                    0.0 | 0.0 | 0.0 | 0.0 |                    0.0 |                    0.0 | 0.0 |
|         Crabbreak.spectral.amplitude | 0.0 | 2.5224032697235245e-11 |  4.064493164803225e-20 | 0.0 | 0.0 | 1.6134078778712272e-10 |   2.590117495738367e-15 |   8.839324306592642e-16 |                    0.0 |                    0.0 | 0.0 | 0.0 | 0.0 |                    0.0 |                    0.0 | 0.0 |
|            Crabbreak.spectral.ebreak | 0.0 |                    0.0 |                    0.0 | 0.0 | 0.0 |                    0.0 |                     0.0 |                     0.0 |                    0.0 |                    0.0 | 0.0 | 0.0 | 0.0 |                    0.0 |                    0.0 | 0.0 |
|         Crabbreak.spectral.reference | 0.0 |                    0.0 |                    0.0 | 0.0 | 0.0 |                    0.0 |                     0.0 |                     0.0 |                    0.0 |                    0.0 | 0.0 | 0.0 | 0.0 |                    0.0 |                    0.0 | 0.0 |
|              Crabbreak.spectral.beta | 0.0 |    0.10101348958267112 | 1.6134078778712272e-10 | 0.0 | 0.0 |     0.6647535340219498 |  1.1380788962015119e-05 |  2.6039656656944555e-06 |                    0.0 |                    0.0 | 0.0 | 0.0 | 0.0 |                    0.0 |                    0.0 | 0.0 |
|              Crabbreak.spatial.lon_0 | 0.0 | 2.2889927337413463e-06 |  2.590117495738367e-15 | 0.0 | 0.0 | 1.1380788962015119e-05 |   4.536202335711512e-06 | -2.7716798491164338e-08 |                    0.0 |                    0.0 | 0.0 | 0.0 | 0.0 |                    0.0 |                    0.0 | 0.0 |
|              Crabbreak.spatial.lat_0 | 0.0 |   4.05976989519662e-07 |  8.839324306592642e-16 | 0.0 | 0.0 | 2.6039656656944555e-06 | -2.7716798491164338e-08 |   3.495419267583298e-06 |                    0.0 |                    0.0 | 0.0 | 0.0 | 0.0 |                    0.0 |                    0.0 | 0.0 |
|           KF_Z7ril-bkg.spectral.norm | 0.0 |                    0.0 |                    0.0 | 0.0 | 0.0 |                    0.0 |                     0.0 |                     0.0 | 0.00011604028601311313 |  8.493027406887876e-06 | 0.0 | 0.0 | 0.0 |                    0.0 |                    0.0 | 0.0 |
|           KF_Z7ril-bkg.spectral.tilt | 0.0 |                    0.0 |                    0.0 | 0.0 | 0.0 |                    0.0 |                     0.0 |                     0.0 |  8.493027406887876e-06 | 0.00013497815635921153 | 0.0 | 0.0 | 0.0 |                    0.0 |                    0.0 | 0.0 |
|      KF_Z7ril-bkg.spectral.reference | 0.0 |                    0.0 |                    0.0 | 0.0 | 0.0 |                    0.0 |                     0.0 |                     0.0 |                    0.0 |                    0.0 | 0.0 | 0.0 | 0.0 |                    0.0 |                    0.0 | 0.0 |
|       KF_Z7ril-irf.e_reco_model.bias | 0.0 |                    0.0 |                    0.0 | 0.0 | 0.0 |                    0.0 |                     0.0 |                     0.0 |                    0.0 |                    0.0 | 0.0 | 0.0 | 0.0 |                    0.0 |                    0.0 | 0.0 |
| KF_Z7ril-irf.e_reco_model.resolution | 0.0 |                    0.0 |                    0.0 | 0.0 | 0.0 |                    0.0 |                     0.0 |                     0.0 |                    0.0 |                    0.0 | 0.0 | 0.0 | 0.0 |                    0.0 |                    0.0 | 0.0 |
|           KF_Z7ril-irf.spectral.norm | 0.0 |                    0.0 |                    0.0 | 0.0 | 0.0 |                    0.0 |                     0.0 |                     0.0 |                    0.0 |                    0.0 | 0.0 | 0.0 | 0.0 |   0.010184690050004259 | -6.406082813535763e-06 | 0.0 |
|           KF_Z7ril-irf.spectral.tilt | 0.0 |                    0.0 |                    0.0 | 0.0 | 0.0 |                    0.0 |                     0.0 |                     0.0 |                    0.0 |                    0.0 | 0.0 | 0.0 | 0.0 | -6.406082813535763e-06 | 0.00040000520121594385 | 0.0 |
|      KF_Z7ril-irf.spectral.reference | 0.0 |                    0.0 |                    0.0 | 0.0 | 0.0 |                    0.0 |                     0.0 |                     0.0 |                    0.0 |                    0.0 | 0.0 | 0.0 | 0.0 |                    0.0 |                    0.0 | 0.0 |
