|                      Parameters |   0 |                       1 |                      2 |   3 |   4 |                      5 |                      6 |                       7 |                     8 |                     9 |  10 |
|       Crabbreak.spectral.index1 | 0.0 |                     0.0 |                    0.0 | 0.0 | 0.0 |                    0.0 |                    0.0 |                     0.0 |                   0.0 |                   0.0 | 0.0 |
|       Crabbreak.spectral.index2 | 0.0 |      0.5936816652007905 |  7.202170009194936e-09 | 0.0 | 0.0 |     1.0160327993779588 |  7.375391893568117e-05 | -0.00011896854507847059 |                   0.0 |                   0.0 | 0.0 |
|    Crabbreak.spectral.amplitude | 0.0 |   7.202170009194936e-09 |  6.904275392646844e-16 | 0.0 | 0.0 | 1.7582061494347956e-07 |  4.219892155734962e-12 |  -5.296696378142279e-12 |                   0.0 |                   0.0 | 0.0 |
|       Crabbreak.spectral.ebreak | 0.0 |                     0.0 |                    0.0 | 0.0 | 0.0 |                    0.0 |                    0.0 |                     0.0 |                   0.0 |                   0.0 | 0.0 |
|    Crabbreak.spectral.reference | 0.0 |                     0.0 |                    0.0 | 0.0 | 0.0 |                    0.0 |                    0.0 |                     0.0 |                   0.0 |                   0.0 | 0.0 |
|         Crabbreak.spectral.beta | 0.0 |      1.0160327993779588 | 1.7582061494347956e-07 | 0.0 | 0.0 |      46.32217319728738 |  0.0008563375530949062 |  -0.0015194343410589062 |                   0.0 |                   0.0 | 0.0 |
|         Crabbreak.spatial.lon_0 | 0.0 |   7.375391893568117e-05 |  4.219892155734962e-12 | 0.0 | 0.0 |  0.0008563375530949062 |  3.275864962192074e-07 |  2.0945176770936443e-07 |                   0.0 |                   0.0 | 0.0 |
|         Crabbreak.spatial.lat_0 | 0.0 | -0.00011896854507847059 | -5.296696378142279e-12 | 0.0 | 0.0 | -0.0015194343410589062 | 2.0945176770936443e-07 |   5.025906981805435e-07 |                   0.0 |                   0.0 | 0.0 |
|      7-YhnFVL-bkg.spectral.norm | 0.0 |                     0.0 |                    0.0 | 0.0 | 0.0 |                    0.0 |                    0.0 |                     0.0 |  0.022001092296918448 | -0.005208741841190605 | 0.0 |
|      7-YhnFVL-bkg.spectral.tilt | 0.0 |                     0.0 |                    0.0 | 0.0 | 0.0 |                    0.0 |                    0.0 |                     0.0 | -0.005208741841190605 |   0.03664199046678759 | 0.0 |
| 7-YhnFVL-bkg.spectral.reference | 0.0 |                     0.0 |                    0.0 | 0.0 | 0.0 |                    0.0 |                    0.0 |                     0.0 |                   0.0 |                   0.0 | 0.0 |
