|                           Parameters |   0 |                       1 |                      2 |   3 |   4 |                      5 |                       6 |                      7 |                     8 |                     9 |  10 |  11 |  12 |                      13 |                      14 |  15 |
|            Crabbreak.spectral.index1 | 0.0 |                     0.0 |                    0.0 | 0.0 | 0.0 |                    0.0 |                     0.0 |                    0.0 |                   0.0 |                   0.0 | 0.0 | 0.0 | 0.0 |                     0.0 |                     0.0 | 0.0 |
|            Crabbreak.spectral.index2 | 0.0 |      0.0520068775801025 | 1.4113142444500666e-11 | 0.0 | 0.0 |    0.19688985797779895 | -1.0036818551886244e-05 |   6.02860288569759e-06 |                   0.0 |                   0.0 | 0.0 | 0.0 | 0.0 |                     0.0 |                     0.0 | 0.0 |
|         Crabbreak.spectral.amplitude | 0.0 |  1.4113142444500666e-11 |  4.219137915256004e-21 | 0.0 | 0.0 |  5.858023395316671e-11 |  -2.900037987538275e-15 |  2.151390762090675e-15 |                   0.0 |                   0.0 | 0.0 | 0.0 | 0.0 |                     0.0 |                     0.0 | 0.0 |
|            Crabbreak.spectral.ebreak | 0.0 |                     0.0 |                    0.0 | 0.0 | 0.0 |                    0.0 |                     0.0 |                    0.0 |                   0.0 |                   0.0 | 0.0 | 0.0 | 0.0 |                     0.0 |                     0.0 | 0.0 |
|         Crabbreak.spectral.reference | 0.0 |                     0.0 |                    0.0 | 0.0 | 0.0 |                    0.0 |                     0.0 |                    0.0 |                   0.0 |                   0.0 | 0.0 | 0.0 | 0.0 |                     0.0 |                     0.0 | 0.0 |
|              Crabbreak.spectral.beta | 0.0 |     0.19688985797779895 |  5.858023395316671e-11 | 0.0 | 0.0 |     0.8777139521545998 |  -4.011404669032358e-05 | 2.9999194644718853e-05 |                   0.0 |                   0.0 | 0.0 | 0.0 | 0.0 |                     0.0 |                     0.0 | 0.0 |
|              Crabbreak.spatial.lon_0 | 0.0 | -1.0036818551886244e-05 | -2.900037987538275e-15 | 0.0 | 0.0 | -4.011404669032358e-05 |  2.3030150532179395e-05 |  5.600638209088626e-07 |                   0.0 |                   0.0 | 0.0 | 0.0 | 0.0 |                     0.0 |                     0.0 | 0.0 |
|              Crabbreak.spatial.lat_0 | 0.0 |    6.02860288569759e-06 |  2.151390762090675e-15 | 0.0 | 0.0 | 2.9999194644718853e-05 |   5.600638209088626e-07 |  1.685761484915538e-05 |                   0.0 |                   0.0 | 0.0 | 0.0 | 0.0 |                     0.0 |                     0.0 | 0.0 |
|           HN1tpLTl-bkg.spectral.norm | 0.0 |                     0.0 |                    0.0 | 0.0 | 0.0 |                    0.0 |                     0.0 |                    0.0 | 0.0005160624418646257 | 3.223483402698301e-05 | 0.0 | 0.0 | 0.0 |                     0.0 |                     0.0 | 0.0 |
|           HN1tpLTl-bkg.spectral.tilt | 0.0 |                     0.0 |                    0.0 | 0.0 | 0.0 |                    0.0 |                     0.0 |                    0.0 | 3.223483402698301e-05 | 0.0006621903394162728 | 0.0 | 0.0 | 0.0 |                     0.0 |                     0.0 | 0.0 |
|      HN1tpLTl-bkg.spectral.reference | 0.0 |                     0.0 |                    0.0 | 0.0 | 0.0 |                    0.0 |                     0.0 |                    0.0 |                   0.0 |                   0.0 | 0.0 | 0.0 | 0.0 |                     0.0 |                     0.0 | 0.0 |
|       HN1tpLTl-irf.e_reco_model.bias | 0.0 |                     0.0 |                    0.0 | 0.0 | 0.0 |                    0.0 |                     0.0 |                    0.0 |                   0.0 |                   0.0 | 0.0 | 0.0 | 0.0 |                     0.0 |                     0.0 | 0.0 |
| HN1tpLTl-irf.e_reco_model.resolution | 0.0 |                     0.0 |                    0.0 | 0.0 | 0.0 |                    0.0 |                     0.0 |                    0.0 |                   0.0 |                   0.0 | 0.0 | 0.0 | 0.0 |                     0.0 |                     0.0 | 0.0 |
|           HN1tpLTl-irf.spectral.norm | 0.0 |                     0.0 |                    0.0 | 0.0 | 0.0 |                    0.0 |                     0.0 |                    0.0 |                   0.0 |                   0.0 | 0.0 | 0.0 | 0.0 |    0.010039355561131415 | -2.4452454839803443e-06 | 0.0 |
|           HN1tpLTl-irf.spectral.tilt | 0.0 |                     0.0 |                    0.0 | 0.0 | 0.0 |                    0.0 |                     0.0 |                    0.0 |                   0.0 |                   0.0 | 0.0 | 0.0 | 0.0 | -2.4452454839803443e-06 |   0.0004000008277804248 | 0.0 |
|      HN1tpLTl-irf.spectral.reference | 0.0 |                     0.0 |                    0.0 | 0.0 | 0.0 |                    0.0 |                     0.0 |                    0.0 |                   0.0 |                   0.0 | 0.0 | 0.0 | 0.0 |                     0.0 |                     0.0 | 0.0 |
