|                           Parameters |   0 |                      1 |                      2 |   3 |   4 |                      5 |                      6 |                      7 |                      8 |                      9 |  10 |  11 |  12 |                     13 |                     14 |  15 |
|            Crabbreak.spectral.index1 | 0.0 |                    0.0 |                    0.0 | 0.0 | 0.0 |                    0.0 |                    0.0 |                    0.0 |                    0.0 |                    0.0 | 0.0 | 0.0 | 0.0 |                    0.0 |                    0.0 | 0.0 |
|            Crabbreak.spectral.index2 | 0.0 |    0.03913862422870368 |   2.32592187160274e-11 | 0.0 | 0.0 |    0.17162024752126234 |  6.635430807069565e-06 | 5.8206139989435295e-06 |                    0.0 |                    0.0 | 0.0 | 0.0 | 0.0 |                    0.0 |                    0.0 | 0.0 |
|         Crabbreak.spectral.amplitude | 0.0 |   2.32592187160274e-11 | 1.4638612966329636e-20 | 0.0 | 0.0 |  1.061939832787832e-10 |  3.854921351905277e-15 |  3.111404301071833e-15 |                    0.0 |                    0.0 | 0.0 | 0.0 | 0.0 |                    0.0 |                    0.0 | 0.0 |
|            Crabbreak.spectral.ebreak | 0.0 |                    0.0 |                    0.0 | 0.0 | 0.0 |                    0.0 |                    0.0 |                    0.0 |                    0.0 |                    0.0 | 0.0 | 0.0 | 0.0 |                    0.0 |                    0.0 | 0.0 |
|         Crabbreak.spectral.reference | 0.0 |                    0.0 |                    0.0 | 0.0 | 0.0 |                    0.0 |                    0.0 |                    0.0 |                    0.0 |                    0.0 | 0.0 | 0.0 | 0.0 |                    0.0 |                    0.0 | 0.0 |
|              Crabbreak.spectral.beta | 0.0 |    0.17162024752126234 |  1.061939832787832e-10 | 0.0 | 0.0 |     0.7968818034343434 | 3.1213195174958505e-05 | 2.5355080154107517e-05 |                    0.0 |                    0.0 | 0.0 | 0.0 | 0.0 |                    0.0 |                    0.0 | 0.0 |
|              Crabbreak.spatial.lon_0 | 0.0 |  6.635430807069565e-06 |  3.854921351905277e-15 | 0.0 | 0.0 | 3.1213195174958505e-05 |   4.68116733284418e-06 | -1.269572855078656e-07 |                    0.0 |                    0.0 | 0.0 | 0.0 | 0.0 |                    0.0 |                    0.0 | 0.0 |
|              Crabbreak.spatial.lat_0 | 0.0 | 5.8206139989435295e-06 |  3.111404301071833e-15 | 0.0 | 0.0 | 2.5355080154107517e-05 | -1.269572855078656e-07 | 3.3968040297473778e-06 |                    0.0 |                    0.0 | 0.0 | 0.0 | 0.0 |                    0.0 |                    0.0 | 0.0 |
|           u1N3ZLna-bkg.spectral.norm | 0.0 |                    0.0 |                    0.0 | 0.0 | 0.0 |                    0.0 |                    0.0 |                    0.0 | 0.00011583260560718532 |  1.015792734638464e-05 | 0.0 | 0.0 | 0.0 |                    0.0 |                    0.0 | 0.0 |
|           u1N3ZLna-bkg.spectral.tilt | 0.0 |                    0.0 |                    0.0 | 0.0 | 0.0 |                    0.0 |                    0.0 |                    0.0 |  1.015792734638464e-05 | 0.00013303238282473168 | 0.0 | 0.0 | 0.0 |                    0.0 |                    0.0 | 0.0 |
|      u1N3ZLna-bkg.spectral.reference | 0.0 |                    0.0 |                    0.0 | 0.0 | 0.0 |                    0.0 |                    0.0 |                    0.0 |                    0.0 |                    0.0 | 0.0 | 0.0 | 0.0 |                    0.0 |                    0.0 | 0.0 |
|       u1N3ZLna-irf.e_reco_model.bias | 0.0 |                    0.0 |                    0.0 | 0.0 | 0.0 |                    0.0 |                    0.0 |                    0.0 |                    0.0 |                    0.0 | 0.0 | 0.0 | 0.0 |                    0.0 |                    0.0 | 0.0 |
| u1N3ZLna-irf.e_reco_model.resolution | 0.0 |                    0.0 |                    0.0 | 0.0 | 0.0 |                    0.0 |                    0.0 |                    0.0 |                    0.0 |                    0.0 | 0.0 | 0.0 | 0.0 |                    0.0 |                    0.0 | 0.0 |
|           u1N3ZLna-irf.spectral.norm | 0.0 |                    0.0 |                    0.0 | 0.0 | 0.0 |                    0.0 |                    0.0 |                    0.0 |                    0.0 |                    0.0 | 0.0 | 0.0 | 0.0 |   0.010154009859862163 | -4.601187423102211e-06 | 0.0 |
|           u1N3ZLna-irf.spectral.tilt | 0.0 |                    0.0 |                    0.0 | 0.0 | 0.0 |                    0.0 |                    0.0 |                    0.0 |                    0.0 |                    0.0 | 0.0 | 0.0 | 0.0 | -4.601187423102211e-06 | 0.00040000454453727077 | 0.0 |
|      u1N3ZLna-irf.spectral.reference | 0.0 |                    0.0 |                    0.0 | 0.0 | 0.0 |                    0.0 |                    0.0 |                    0.0 |                    0.0 |                    0.0 | 0.0 | 0.0 | 0.0 |                    0.0 |                    0.0 | 0.0 |
