|                           Parameters |   0 |                       1 |                       2 |   3 |   4 |                       5 |                       6 |                     7 |                      8 |                     9 |  10 |  11 |  12 |                    13 |                     14 |  15 |
|            Crabbreak.spectral.index1 | 0.0 |                     0.0 |                     0.0 | 0.0 | 0.0 |                     0.0 |                     0.0 |                   0.0 |                    0.0 |                   0.0 | 0.0 | 0.0 | 0.0 |                   0.0 |                    0.0 | 0.0 |
|            Crabbreak.spectral.index2 | 0.0 |     0.00123947782040478 |   3.070606972863257e-11 | 0.0 | 0.0 |    0.011113933203637388 | -1.2543564475771027e-06 | 8.199528155241766e-07 |                    0.0 |                   0.0 | 0.0 | 0.0 | 0.0 |                   0.0 |                    0.0 | 0.0 |
|         Crabbreak.spectral.amplitude | 0.0 |   3.070606972863257e-11 |   1.875117384739907e-18 | 0.0 | 0.0 |   6.522617836158629e-10 | -1.7854969696259107e-14 | 1.106528031011324e-14 |                    0.0 |                   0.0 | 0.0 | 0.0 | 0.0 |                   0.0 |                    0.0 | 0.0 |
|            Crabbreak.spectral.ebreak | 0.0 |                     0.0 |                     0.0 | 0.0 | 0.0 |                     0.0 |                     0.0 |                   0.0 |                    0.0 |                   0.0 | 0.0 | 0.0 | 0.0 |                   0.0 |                    0.0 | 0.0 |
|         Crabbreak.spectral.reference | 0.0 |                     0.0 |                     0.0 | 0.0 | 0.0 |                     0.0 |                     0.0 |                   0.0 |                    0.0 |                   0.0 | 0.0 | 0.0 | 0.0 |                   0.0 |                    0.0 | 0.0 |
|              Crabbreak.spectral.beta | 0.0 |    0.011113933203637388 |   6.522617836158629e-10 | 0.0 | 0.0 |     0.24419638878825498 | -1.0516699894811593e-05 | 6.469501421430916e-06 |                    0.0 |                   0.0 | 0.0 | 0.0 | 0.0 |                   0.0 |                    0.0 | 0.0 |
|              Crabbreak.spatial.lon_0 | 0.0 | -1.2543564475771027e-06 | -1.7854969696259107e-14 | 0.0 | 0.0 | -1.0516699894811593e-05 |   9.327384863016936e-07 | 3.194523306689307e-09 |                    0.0 |                   0.0 | 0.0 | 0.0 | 0.0 |                   0.0 |                    0.0 | 0.0 |
|              Crabbreak.spatial.lat_0 | 0.0 |   8.199528155241766e-07 |   1.106528031011324e-14 | 0.0 | 0.0 |   6.469501421430916e-06 |   3.194523306689307e-09 |  7.18176029227118e-07 |                    0.0 |                   0.0 | 0.0 | 0.0 | 0.0 |                   0.0 |                    0.0 | 0.0 |
|           EZ5muxOS-bkg.spectral.norm | 0.0 |                     0.0 |                     0.0 | 0.0 | 0.0 |                     0.0 |                     0.0 |                   0.0 | 2.5017378059575407e-05 | 2.615372427297581e-06 | 0.0 | 0.0 | 0.0 |                   0.0 |                    0.0 | 0.0 |
|           EZ5muxOS-bkg.spectral.tilt | 0.0 |                     0.0 |                     0.0 | 0.0 | 0.0 |                     0.0 |                     0.0 |                   0.0 |  2.615372427297581e-06 | 2.991614025199697e-05 | 0.0 | 0.0 | 0.0 |                   0.0 |                    0.0 | 0.0 |
|      EZ5muxOS-bkg.spectral.reference | 0.0 |                     0.0 |                     0.0 | 0.0 | 0.0 |                     0.0 |                     0.0 |                   0.0 |                    0.0 |                   0.0 | 0.0 | 0.0 | 0.0 |                   0.0 |                    0.0 | 0.0 |
|       EZ5muxOS-irf.e_reco_model.bias | 0.0 |                     0.0 |                     0.0 | 0.0 | 0.0 |                     0.0 |                     0.0 |                   0.0 |                    0.0 |                   0.0 | 0.0 | 0.0 | 0.0 |                   0.0 |                    0.0 | 0.0 |
| EZ5muxOS-irf.e_reco_model.resolution | 0.0 |                     0.0 |                     0.0 | 0.0 | 0.0 |                     0.0 |                     0.0 |                   0.0 |                    0.0 |                   0.0 | 0.0 | 0.0 | 0.0 |                   0.0 |                    0.0 | 0.0 |
|           EZ5muxOS-irf.spectral.norm | 0.0 |                     0.0 |                     0.0 | 0.0 | 0.0 |                     0.0 |                     0.0 |                   0.0 |                    0.0 |                   0.0 | 0.0 | 0.0 | 0.0 |  0.008272645547646262 |  5.281631994226976e-05 | 0.0 |
|           EZ5muxOS-irf.spectral.tilt | 0.0 |                     0.0 |                     0.0 | 0.0 | 0.0 |                     0.0 |                     0.0 |                   0.0 |                    0.0 |                   0.0 | 0.0 | 0.0 | 0.0 | 5.281631994226976e-05 | 0.00039769275300451535 | 0.0 |
|      EZ5muxOS-irf.spectral.reference | 0.0 |                     0.0 |                     0.0 | 0.0 | 0.0 |                     0.0 |                     0.0 |                   0.0 |                    0.0 |                   0.0 | 0.0 | 0.0 | 0.0 |                   0.0 |                    0.0 | 0.0 |
