|                           Parameters |   0 |                     1 |                      2 |   3 |   4 |                     5 |                      6 |                      7 |                      8 |                      9 |  10 |  11 |  12 |                      13 |                      14 |  15 |
|            Crabbreak.spectral.index1 | 0.0 |                   0.0 |                    0.0 | 0.0 | 0.0 |                   0.0 |                    0.0 |                    0.0 |                    0.0 |                    0.0 | 0.0 | 0.0 | 0.0 |                     0.0 |                     0.0 | 0.0 |
|            Crabbreak.spectral.index2 | 0.0 | 0.0016478023852721487 |  4.397369702980909e-12 | 0.0 | 0.0 |  0.011623315663878775 |  1.494109805060483e-07 |  9.816143586998144e-08 |                    0.0 |                    0.0 | 0.0 | 0.0 | 0.0 |                     0.0 |                     0.0 | 0.0 |
|         Crabbreak.spectral.amplitude | 0.0 | 4.397369702980909e-12 | 1.6177279010108237e-20 | 0.0 | 0.0 | 3.649121287654592e-11 | 2.9775898871174716e-16 | 1.4095729549314436e-16 |                    0.0 |                    0.0 | 0.0 | 0.0 | 0.0 |                     0.0 |                     0.0 | 0.0 |
|            Crabbreak.spectral.ebreak | 0.0 |                   0.0 |                    0.0 | 0.0 | 0.0 |                   0.0 |                    0.0 |                    0.0 |                    0.0 |                    0.0 | 0.0 | 0.0 | 0.0 |                     0.0 |                     0.0 | 0.0 |
|         Crabbreak.spectral.reference | 0.0 |                   0.0 |                    0.0 | 0.0 | 0.0 |                   0.0 |                    0.0 |                    0.0 |                    0.0 |                    0.0 | 0.0 | 0.0 | 0.0 |                     0.0 |                     0.0 | 0.0 |
|              Crabbreak.spectral.beta | 0.0 |  0.011623315663878775 |  3.649121287654592e-11 | 0.0 | 0.0 |   0.09905184228361756 |  1.211421068283516e-06 |   8.51352293822478e-07 |                    0.0 |                    0.0 | 0.0 | 0.0 | 0.0 |                     0.0 |                     0.0 | 0.0 |
|              Crabbreak.spatial.lon_0 | 0.0 | 1.494109805060483e-07 | 2.9775898871174716e-16 | 0.0 | 0.0 | 1.211421068283516e-06 | 4.6032178777990316e-07 |  6.491287924652473e-10 |                    0.0 |                    0.0 | 0.0 | 0.0 | 0.0 |                     0.0 |                     0.0 | 0.0 |
|              Crabbreak.spatial.lat_0 | 0.0 | 9.816143586998144e-08 | 1.4095729549314436e-16 | 0.0 | 0.0 |  8.51352293822478e-07 |  6.491287924652473e-10 |  3.462865223300633e-07 |                    0.0 |                    0.0 | 0.0 | 0.0 | 0.0 |                     0.0 |                     0.0 | 0.0 |
|           4XLAEhrO-bkg.spectral.norm | 0.0 |                   0.0 |                    0.0 | 0.0 | 0.0 |                   0.0 |                    0.0 |                    0.0 | 1.1591026820074917e-05 |  9.800192183487444e-07 | 0.0 | 0.0 | 0.0 |                     0.0 |                     0.0 | 0.0 |
|           4XLAEhrO-bkg.spectral.tilt | 0.0 |                   0.0 |                    0.0 | 0.0 | 0.0 |                   0.0 |                    0.0 |                    0.0 |  9.800192183487444e-07 | 1.3331209759242665e-05 | 0.0 | 0.0 | 0.0 |                     0.0 |                     0.0 | 0.0 |
|      4XLAEhrO-bkg.spectral.reference | 0.0 |                   0.0 |                    0.0 | 0.0 | 0.0 |                   0.0 |                    0.0 |                    0.0 |                    0.0 |                    0.0 | 0.0 | 0.0 | 0.0 |                     0.0 |                     0.0 | 0.0 |
|       4XLAEhrO-irf.e_reco_model.bias | 0.0 |                   0.0 |                    0.0 | 0.0 | 0.0 |                   0.0 |                    0.0 |                    0.0 |                    0.0 |                    0.0 | 0.0 | 0.0 | 0.0 |                     0.0 |                     0.0 | 0.0 |
| 4XLAEhrO-irf.e_reco_model.resolution | 0.0 |                   0.0 |                    0.0 | 0.0 | 0.0 |                   0.0 |                    0.0 |                    0.0 |                    0.0 |                    0.0 | 0.0 | 0.0 | 0.0 |                     0.0 |                     0.0 | 0.0 |
|           4XLAEhrO-irf.spectral.norm | 0.0 |                   0.0 |                    0.0 | 0.0 | 0.0 |                   0.0 |                    0.0 |                    0.0 |                    0.0 |                    0.0 | 0.0 | 0.0 | 0.0 |    0.011497704158220177 | -4.6416697024813895e-06 | 0.0 |
|           4XLAEhrO-irf.spectral.tilt | 0.0 |                   0.0 |                    0.0 | 0.0 | 0.0 |                   0.0 |                    0.0 |                    0.0 |                    0.0 |                    0.0 | 0.0 | 0.0 | 0.0 | -4.6416697024813895e-06 |    0.000400001946355304 | 0.0 |
|      4XLAEhrO-irf.spectral.reference | 0.0 |                   0.0 |                    0.0 | 0.0 | 0.0 |                   0.0 |                    0.0 |                    0.0 |                    0.0 |                    0.0 | 0.0 | 0.0 | 0.0 |                     0.0 |                     0.0 | 0.0 |
