|                           Parameters |   0 |                      1 |                      2 |   3 |   4 |                      5 |                      6 |                      7 |                      8 |                      9 |  10 |  11 |  12 |                     13 |                     14 |  15 |
|            Crabbreak.spectral.index1 | 0.0 |                    0.0 |                    0.0 | 0.0 | 0.0 |                    0.0 |                    0.0 |                    0.0 |                    0.0 |                    0.0 | 0.0 | 0.0 | 0.0 |                    0.0 |                    0.0 | 0.0 |
|            Crabbreak.spectral.index2 | 0.0 |   0.005146650891840362 |  7.896675656241844e-12 | 0.0 | 0.0 |    0.03136988506727595 | 1.4398162540195315e-07 |  4.233062525534174e-07 |                    0.0 |                    0.0 | 0.0 | 0.0 | 0.0 |                    0.0 |                    0.0 | 0.0 |
|         Crabbreak.spectral.amplitude | 0.0 |  7.896675656241844e-12 | 1.4303362737755853e-20 | 0.0 | 0.0 |  5.281492082937959e-11 |  1.535891934653848e-16 | 1.0585778708042146e-15 |                    0.0 |                    0.0 | 0.0 | 0.0 | 0.0 |                    0.0 |                    0.0 | 0.0 |
|            Crabbreak.spectral.ebreak | 0.0 |                    0.0 |                    0.0 | 0.0 | 0.0 |                    0.0 |                    0.0 |                    0.0 |                    0.0 |                    0.0 | 0.0 | 0.0 | 0.0 |                    0.0 |                    0.0 | 0.0 |
|         Crabbreak.spectral.reference | 0.0 |                    0.0 |                    0.0 | 0.0 | 0.0 |                    0.0 |                    0.0 |                    0.0 |                    0.0 |                    0.0 | 0.0 | 0.0 | 0.0 |                    0.0 |                    0.0 | 0.0 |
|              Crabbreak.spectral.beta | 0.0 |    0.03136988506727595 |  5.281492082937959e-11 | 0.0 | 0.0 |     0.2140856156243267 |   8.35157491811939e-07 | 2.5067094253960305e-06 |                    0.0 |                    0.0 | 0.0 | 0.0 | 0.0 |                    0.0 |                    0.0 | 0.0 |
|              Crabbreak.spatial.lon_0 | 0.0 | 1.4398162540195315e-07 |  1.535891934653848e-16 | 0.0 | 0.0 |   8.35157491811939e-07 | 1.0055556924665654e-06 |  4.021820493380461e-09 |                    0.0 |                    0.0 | 0.0 | 0.0 | 0.0 |                    0.0 |                    0.0 | 0.0 |
|              Crabbreak.spatial.lat_0 | 0.0 |  4.233062525534174e-07 | 1.0585778708042146e-15 | 0.0 | 0.0 | 2.5067094253960305e-06 |  4.021820493380461e-09 |  7.439746778438065e-07 |                    0.0 |                    0.0 | 0.0 | 0.0 | 0.0 |                    0.0 |                    0.0 | 0.0 |
|           xZpKS3Fk-bkg.spectral.norm | 0.0 |                    0.0 |                    0.0 | 0.0 | 0.0 |                    0.0 |                    0.0 |                    0.0 | 2.4884566113166647e-05 | 1.9486701786510796e-06 | 0.0 | 0.0 | 0.0 |                    0.0 |                    0.0 | 0.0 |
|           xZpKS3Fk-bkg.spectral.tilt | 0.0 |                    0.0 |                    0.0 | 0.0 | 0.0 |                    0.0 |                    0.0 |                    0.0 | 1.9486701786510796e-06 | 2.9032967652563945e-05 | 0.0 | 0.0 | 0.0 |                    0.0 |                    0.0 | 0.0 |
|      xZpKS3Fk-bkg.spectral.reference | 0.0 |                    0.0 |                    0.0 | 0.0 | 0.0 |                    0.0 |                    0.0 |                    0.0 |                    0.0 |                    0.0 | 0.0 | 0.0 | 0.0 |                    0.0 |                    0.0 | 0.0 |
|       xZpKS3Fk-irf.e_reco_model.bias | 0.0 |                    0.0 |                    0.0 | 0.0 | 0.0 |                    0.0 |                    0.0 |                    0.0 |                    0.0 |                    0.0 | 0.0 | 0.0 | 0.0 |                    0.0 |                    0.0 | 0.0 |
| xZpKS3Fk-irf.e_reco_model.resolution | 0.0 |                    0.0 |                    0.0 | 0.0 | 0.0 |                    0.0 |                    0.0 |                    0.0 |                    0.0 |                    0.0 | 0.0 | 0.0 | 0.0 |                    0.0 |                    0.0 | 0.0 |
|           xZpKS3Fk-irf.spectral.norm | 0.0 |                    0.0 |                    0.0 | 0.0 | 0.0 |                    0.0 |                    0.0 |                    0.0 |                    0.0 |                    0.0 | 0.0 | 0.0 | 0.0 |    0.01082694031554341 | -1.144867050881566e-05 | 0.0 |
|           xZpKS3Fk-irf.spectral.tilt | 0.0 |                    0.0 |                    0.0 | 0.0 | 0.0 |                    0.0 |                    0.0 |                    0.0 |                    0.0 |                    0.0 | 0.0 | 0.0 | 0.0 | -1.144867050881566e-05 | 0.00040002462205380806 | 0.0 |
|      xZpKS3Fk-irf.spectral.reference | 0.0 |                    0.0 |                    0.0 | 0.0 | 0.0 |                    0.0 |                    0.0 |                    0.0 |                    0.0 |                    0.0 | 0.0 | 0.0 | 0.0 |                    0.0 |                    0.0 | 0.0 |
