|                           Parameters |   0 |                      1 |                      2 |   3 |   4 |                      5 |                      6 |                      7 |                     8 |                     9 |  10 |  11 |  12 |                     13 |                     14 |  15 |
|            Crabbreak.spectral.index1 | 0.0 |                    0.0 |                    0.0 | 0.0 | 0.0 |                    0.0 |                    0.0 |                    0.0 |                   0.0 |                   0.0 | 0.0 | 0.0 | 0.0 |                    0.0 |                    0.0 | 0.0 |
|            Crabbreak.spectral.index2 | 0.0 |   0.001154549223048103 |  2.517167317404068e-12 | 0.0 | 0.0 |   0.007756699994332175 | -6.114506672856771e-08 |  3.666318606236733e-08 |                   0.0 |                   0.0 | 0.0 | 0.0 | 0.0 |                    0.0 |                    0.0 | 0.0 |
|         Crabbreak.spectral.amplitude | 0.0 |  2.517167317404068e-12 |  7.951810046108125e-21 | 0.0 | 0.0 | 1.8668507803965795e-11 | -9.739249035730449e-17 | -1.364287403908466e-16 |                   0.0 |                   0.0 | 0.0 | 0.0 | 0.0 |                    0.0 |                    0.0 | 0.0 |
|            Crabbreak.spectral.ebreak | 0.0 |                    0.0 |                    0.0 | 0.0 | 0.0 |                    0.0 |                    0.0 |                    0.0 |                   0.0 |                   0.0 | 0.0 | 0.0 | 0.0 |                    0.0 |                    0.0 | 0.0 |
|         Crabbreak.spectral.reference | 0.0 |                    0.0 |                    0.0 | 0.0 | 0.0 |                    0.0 |                    0.0 |                    0.0 |                   0.0 |                   0.0 | 0.0 | 0.0 | 0.0 |                    0.0 |                    0.0 | 0.0 |
|              Crabbreak.spectral.beta | 0.0 |   0.007756699994332175 | 1.8668507803965795e-11 | 0.0 | 0.0 |     0.0585907521926199 | -5.742117722517161e-07 | 3.0005631243607095e-07 |                   0.0 |                   0.0 | 0.0 | 0.0 | 0.0 |                    0.0 |                    0.0 | 0.0 |
|              Crabbreak.spatial.lon_0 | 0.0 | -6.114506672856771e-08 | -9.739249035730449e-17 | 0.0 | 0.0 | -5.742117722517161e-07 |  2.130345124191262e-07 | 3.5302887448207624e-10 |                   0.0 |                   0.0 | 0.0 | 0.0 | 0.0 |                    0.0 |                    0.0 | 0.0 |
|              Crabbreak.spatial.lat_0 | 0.0 |  3.666318606236733e-08 | -1.364287403908466e-16 | 0.0 | 0.0 | 3.0005631243607095e-07 | 3.5302887448207624e-10 | 1.6004795457372262e-07 |                   0.0 |                   0.0 | 0.0 | 0.0 | 0.0 |                    0.0 |                    0.0 | 0.0 |
|           62ApZcIp-bkg.spectral.norm | 0.0 |                    0.0 |                    0.0 | 0.0 | 0.0 |                    0.0 |                    0.0 |                    0.0 | 5.369380735189679e-06 | 4.623137126620943e-07 | 0.0 | 0.0 | 0.0 |                    0.0 |                    0.0 | 0.0 |
|           62ApZcIp-bkg.spectral.tilt | 0.0 |                    0.0 |                    0.0 | 0.0 | 0.0 |                    0.0 |                    0.0 |                    0.0 | 4.623137126620943e-07 | 6.194952040401667e-06 | 0.0 | 0.0 | 0.0 |                    0.0 |                    0.0 | 0.0 |
|      62ApZcIp-bkg.spectral.reference | 0.0 |                    0.0 |                    0.0 | 0.0 | 0.0 |                    0.0 |                    0.0 |                    0.0 |                   0.0 |                   0.0 | 0.0 | 0.0 | 0.0 |                    0.0 |                    0.0 | 0.0 |
|       62ApZcIp-irf.e_reco_model.bias | 0.0 |                    0.0 |                    0.0 | 0.0 | 0.0 |                    0.0 |                    0.0 |                    0.0 |                   0.0 |                   0.0 | 0.0 | 0.0 | 0.0 |                    0.0 |                    0.0 | 0.0 |
| 62ApZcIp-irf.e_reco_model.resolution | 0.0 |                    0.0 |                    0.0 | 0.0 | 0.0 |                    0.0 |                    0.0 |                    0.0 |                   0.0 |                   0.0 | 0.0 | 0.0 | 0.0 |                    0.0 |                    0.0 | 0.0 |
|           62ApZcIp-irf.spectral.norm | 0.0 |                    0.0 |                    0.0 | 0.0 | 0.0 |                    0.0 |                    0.0 |                    0.0 |                   0.0 |                   0.0 | 0.0 | 0.0 | 0.0 |   0.012384176357840046 | -2.177082832135434e-05 | 0.0 |
|           62ApZcIp-irf.spectral.tilt | 0.0 |                    0.0 |                    0.0 | 0.0 | 0.0 |                    0.0 |                    0.0 |                    0.0 |                   0.0 |                   0.0 | 0.0 | 0.0 | 0.0 | -2.177082832135434e-05 | 0.00040004134016865167 | 0.0 |
|      62ApZcIp-irf.spectral.reference | 0.0 |                    0.0 |                    0.0 | 0.0 | 0.0 |                    0.0 |                    0.0 |                    0.0 |                   0.0 |                   0.0 | 0.0 | 0.0 | 0.0 |                    0.0 |                    0.0 | 0.0 |
