|                           Parameters |   0 |                      1 |                      2 |   3 |   4 |                     5 |                      6 |                      7 |                      8 |                      9 |  10 |  11 |  12 |                     13 |                     14 |  15 |
|            Crabbreak.spectral.index1 | 0.0 |                    0.0 |                    0.0 | 0.0 | 0.0 |                   0.0 |                    0.0 |                    0.0 |                    0.0 |                    0.0 | 0.0 | 0.0 | 0.0 |                    0.0 |                    0.0 | 0.0 |
|            Crabbreak.spectral.index2 | 0.0 |    0.21104811664537815 | 1.1812079277046073e-10 | 0.0 | 0.0 |    0.8895272636421367 |   8.20990106876343e-05 |  5.212739947355154e-05 |                    0.0 |                    0.0 | 0.0 | 0.0 | 0.0 |                    0.0 |                    0.0 | 0.0 |
|         Crabbreak.spectral.amplitude | 0.0 | 1.1812079277046073e-10 |  7.141785331695907e-20 | 0.0 | 0.0 | 5.465368937351502e-10 |  4.293584382161947e-14 | 3.5285976813497567e-14 |                    0.0 |                    0.0 | 0.0 | 0.0 | 0.0 |                    0.0 |                    0.0 | 0.0 |
|            Crabbreak.spectral.ebreak | 0.0 |                    0.0 |                    0.0 | 0.0 | 0.0 |                   0.0 |                    0.0 |                    0.0 |                    0.0 |                    0.0 | 0.0 | 0.0 | 0.0 |                    0.0 |                    0.0 | 0.0 |
|         Crabbreak.spectral.reference | 0.0 |                    0.0 |                    0.0 | 0.0 | 0.0 |                   0.0 |                    0.0 |                    0.0 |                    0.0 |                    0.0 | 0.0 | 0.0 | 0.0 |                    0.0 |                    0.0 | 0.0 |
|              Crabbreak.spectral.beta | 0.0 |     0.8895272636421367 |  5.465368937351502e-10 | 0.0 | 0.0 |     4.271558870729022 |  0.0002989803225338497 |  0.0003239120662377123 |                    0.0 |                    0.0 | 0.0 | 0.0 | 0.0 |                    0.0 |                    0.0 | 0.0 |
|              Crabbreak.spatial.lon_0 | 0.0 |   8.20990106876343e-05 |  4.293584382161947e-14 | 0.0 | 0.0 | 0.0002989803225338497 |  5.065352074026713e-05 | -4.921496402046302e-07 |                    0.0 |                    0.0 | 0.0 | 0.0 | 0.0 |                    0.0 |                    0.0 | 0.0 |
|              Crabbreak.spatial.lat_0 | 0.0 |  5.212739947355154e-05 | 3.5285976813497567e-14 | 0.0 | 0.0 | 0.0003239120662377123 | -4.921496402046302e-07 |  4.200520975309722e-05 |                    0.0 |                    0.0 | 0.0 | 0.0 | 0.0 |                    0.0 |                    0.0 | 0.0 |
|           kK3U_qw7-bkg.spectral.norm | 0.0 |                    0.0 |                    0.0 | 0.0 | 0.0 |                   0.0 |                    0.0 |                    0.0 |  0.0012223362285038587 | 0.00012787680735552585 | 0.0 | 0.0 | 0.0 |                    0.0 |                    0.0 | 0.0 |
|           kK3U_qw7-bkg.spectral.tilt | 0.0 |                    0.0 |                    0.0 | 0.0 | 0.0 |                   0.0 |                    0.0 |                    0.0 | 0.00012787680735552585 |  0.0012271162245274458 | 0.0 | 0.0 | 0.0 |                    0.0 |                    0.0 | 0.0 |
|      kK3U_qw7-bkg.spectral.reference | 0.0 |                    0.0 |                    0.0 | 0.0 | 0.0 |                   0.0 |                    0.0 |                    0.0 |                    0.0 |                    0.0 | 0.0 | 0.0 | 0.0 |                    0.0 |                    0.0 | 0.0 |
|       kK3U_qw7-irf.e_reco_model.bias | 0.0 |                    0.0 |                    0.0 | 0.0 | 0.0 |                   0.0 |                    0.0 |                    0.0 |                    0.0 |                    0.0 | 0.0 | 0.0 | 0.0 |                    0.0 |                    0.0 | 0.0 |
| kK3U_qw7-irf.e_reco_model.resolution | 0.0 |                    0.0 |                    0.0 | 0.0 | 0.0 |                   0.0 |                    0.0 |                    0.0 |                    0.0 |                    0.0 | 0.0 | 0.0 | 0.0 |                    0.0 |                    0.0 | 0.0 |
|           kK3U_qw7-irf.spectral.norm | 0.0 |                    0.0 |                    0.0 | 0.0 | 0.0 |                   0.0 |                    0.0 |                    0.0 |                    0.0 |                    0.0 | 0.0 | 0.0 | 0.0 |   0.010020874244410036 | -1.934523096149842e-06 | 0.0 |
|           kK3U_qw7-irf.spectral.tilt | 0.0 |                    0.0 |                    0.0 | 0.0 | 0.0 |                   0.0 |                    0.0 |                    0.0 |                    0.0 |                    0.0 | 0.0 | 0.0 | 0.0 | -1.934523096149842e-06 |   0.000400016605585336 | 0.0 |
|      kK3U_qw7-irf.spectral.reference | 0.0 |                    0.0 |                    0.0 | 0.0 | 0.0 |                   0.0 |                    0.0 |                    0.0 |                    0.0 |                    0.0 | 0.0 | 0.0 | 0.0 |                    0.0 |                    0.0 | 0.0 |
