|                           Parameters |   0 |                       1 |                       2 |   3 |   4 |                       5 |                       6 |                       7 |                      8 |                      9 |  10 |  11 |  12 |                      13 |                      14 |  15 |
|            Crabbreak.spectral.index1 | 0.0 |                     0.0 |                     0.0 | 0.0 | 0.0 |                     0.0 |                     0.0 |                     0.0 |                    0.0 |                    0.0 | 0.0 | 0.0 | 0.0 |                     0.0 |                     0.0 | 0.0 |
|            Crabbreak.spectral.index2 | 0.0 |    0.004865656081097739 |   4.514809282034824e-12 | 0.0 | 0.0 |     0.02468262205848667 |  -2.276428719480754e-07 | -4.1380629646766535e-07 |                    0.0 |                    0.0 | 0.0 | 0.0 | 0.0 |                     0.0 |                     0.0 | 0.0 |
|         Crabbreak.spectral.amplitude | 0.0 |   4.514809282034824e-12 |   4.972804932779806e-21 | 0.0 | 0.0 |   2.377542631979124e-11 | -1.7287342419426288e-16 | -3.1245166315347923e-16 |                    0.0 |                    0.0 | 0.0 | 0.0 | 0.0 |                     0.0 |                     0.0 | 0.0 |
|            Crabbreak.spectral.ebreak | 0.0 |                     0.0 |                     0.0 | 0.0 | 0.0 |                     0.0 |                     0.0 |                     0.0 |                    0.0 |                    0.0 | 0.0 | 0.0 | 0.0 |                     0.0 |                     0.0 | 0.0 |
|         Crabbreak.spectral.reference | 0.0 |                     0.0 |                     0.0 | 0.0 | 0.0 |                     0.0 |                     0.0 |                     0.0 |                    0.0 |                    0.0 | 0.0 | 0.0 | 0.0 |                     0.0 |                     0.0 | 0.0 |
|              Crabbreak.spectral.beta | 0.0 |     0.02468262205848667 |   2.377542631979124e-11 | 0.0 | 0.0 |     0.13149774124990568 | -1.1864401271011605e-06 | -2.1996139080983445e-06 |                    0.0 |                    0.0 | 0.0 | 0.0 | 0.0 |                     0.0 |                     0.0 | 0.0 |
|              Crabbreak.spatial.lon_0 | 0.0 |  -2.276428719480754e-07 | -1.7287342419426288e-16 | 0.0 | 0.0 | -1.1864401271011605e-06 |  4.5808691859159146e-07 |  2.5857736213243454e-09 |                    0.0 |                    0.0 | 0.0 | 0.0 | 0.0 |                     0.0 |                     0.0 | 0.0 |
|              Crabbreak.spatial.lat_0 | 0.0 | -4.1380629646766535e-07 | -3.1245166315347923e-16 | 0.0 | 0.0 | -2.1996139080983445e-06 |  2.5857736213243454e-09 |   3.452068714751635e-07 |                    0.0 |                    0.0 | 0.0 | 0.0 | 0.0 |                     0.0 |                     0.0 | 0.0 |
|           -3dIeJOQ-bkg.spectral.norm | 0.0 |                     0.0 |                     0.0 | 0.0 | 0.0 |                     0.0 |                     0.0 |                     0.0 | 1.1605852258572312e-05 |  1.007682364400042e-06 | 0.0 | 0.0 | 0.0 |                     0.0 |                     0.0 | 0.0 |
|           -3dIeJOQ-bkg.spectral.tilt | 0.0 |                     0.0 |                     0.0 | 0.0 | 0.0 |                     0.0 |                     0.0 |                     0.0 |  1.007682364400042e-06 | 1.3283120328485572e-05 | 0.0 | 0.0 | 0.0 |                     0.0 |                     0.0 | 0.0 |
|      -3dIeJOQ-bkg.spectral.reference | 0.0 |                     0.0 |                     0.0 | 0.0 | 0.0 |                     0.0 |                     0.0 |                     0.0 |                    0.0 |                    0.0 | 0.0 | 0.0 | 0.0 |                     0.0 |                     0.0 | 0.0 |
|       -3dIeJOQ-irf.e_reco_model.bias | 0.0 |                     0.0 |                     0.0 | 0.0 | 0.0 |                     0.0 |                     0.0 |                     0.0 |                    0.0 |                    0.0 | 0.0 | 0.0 | 0.0 |                     0.0 |                     0.0 | 0.0 |
| -3dIeJOQ-irf.e_reco_model.resolution | 0.0 |                     0.0 |                     0.0 | 0.0 | 0.0 |                     0.0 |                     0.0 |                     0.0 |                    0.0 |                    0.0 | 0.0 | 0.0 | 0.0 |                     0.0 |                     0.0 | 0.0 |
|           -3dIeJOQ-irf.spectral.norm | 0.0 |                     0.0 |                     0.0 | 0.0 | 0.0 |                     0.0 |                     0.0 |                     0.0 |                    0.0 |                    0.0 | 0.0 | 0.0 | 0.0 |    0.011398980883589255 | -1.4424214799221681e-05 | 0.0 |
|           -3dIeJOQ-irf.spectral.tilt | 0.0 |                     0.0 |                     0.0 | 0.0 | 0.0 |                     0.0 |                     0.0 |                     0.0 |                    0.0 |                    0.0 | 0.0 | 0.0 | 0.0 | -1.4424214799221681e-05 |   0.0004000186472181355 | 0.0 |
|      -3dIeJOQ-irf.spectral.reference | 0.0 |                     0.0 |                     0.0 | 0.0 | 0.0 |                     0.0 |                     0.0 |                     0.0 |                    0.0 |                    0.0 | 0.0 | 0.0 | 0.0 |                     0.0 |                     0.0 | 0.0 |
