|                      Parameters |   0 |                      1 |                      2 |   3 |   4 |                      5 |                      6 |                      7 |                      8 |                      9 |  10 |
|       Crabbreak.spectral.index1 | 0.0 |                    0.0 |                    0.0 | 0.0 | 0.0 |                    0.0 |                    0.0 |                    0.0 |                    0.0 |                    0.0 | 0.0 |
|       Crabbreak.spectral.index2 | 0.0 |  0.0012181687427457954 |  2.206747604723225e-12 | 0.0 | 0.0 |   0.007991174152645601 |   2.22526691699742e-08 | 1.4694106066172598e-09 |                    0.0 |                    0.0 | 0.0 |
|    Crabbreak.spectral.amplitude | 0.0 |  2.206747604723225e-12 | 4.3199198493023594e-21 | 0.0 | 0.0 | 1.5848602752634575e-11 |  8.293579364097669e-18 |  1.027231651671515e-17 |                    0.0 |                    0.0 | 0.0 |
|       Crabbreak.spectral.ebreak | 0.0 |                    0.0 |                    0.0 | 0.0 | 0.0 |                    0.0 |                    0.0 |                    0.0 |                    0.0 |                    0.0 | 0.0 |
|    Crabbreak.spectral.reference | 0.0 |                    0.0 |                    0.0 | 0.0 | 0.0 |                    0.0 |                    0.0 |                    0.0 |                    0.0 |                    0.0 | 0.0 |
|         Crabbreak.spectral.beta | 0.0 |   0.007991174152645601 | 1.5848602752634575e-11 | 0.0 | 0.0 |    0.05840670879514125 |  5.611207883953388e-08 |  2.783035345056787e-08 |                    0.0 |                    0.0 | 0.0 |
|         Crabbreak.spatial.lon_0 | 0.0 |   2.22526691699742e-08 |  8.293579364097669e-18 | 0.0 | 0.0 |  5.611207883953388e-08 |  2.130911345728055e-07 | 2.9493229036015134e-10 |                    0.0 |                    0.0 | 0.0 |
|         Crabbreak.spatial.lat_0 | 0.0 | 1.4694106066172598e-09 |  1.027231651671515e-17 | 0.0 | 0.0 |  2.783035345056787e-08 | 2.9493229036015134e-10 | 1.6005985177054498e-07 |                    0.0 |                    0.0 | 0.0 |
|      UVgqqHuY-bkg.spectral.norm | 0.0 |                    0.0 |                    0.0 | 0.0 | 0.0 |                    0.0 |                    0.0 |                    0.0 |  5.369332301905901e-06 | 4.6227001079557914e-07 | 0.0 |
|      UVgqqHuY-bkg.spectral.tilt | 0.0 |                    0.0 |                    0.0 | 0.0 | 0.0 |                    0.0 |                    0.0 |                    0.0 | 4.6227001079557914e-07 | 6.1951505970059985e-06 | 0.0 |
| UVgqqHuY-bkg.spectral.reference | 0.0 |                    0.0 |                    0.0 | 0.0 | 0.0 |                    0.0 |                    0.0 |                    0.0 |                    0.0 |                    0.0 | 0.0 |
