|                           Parameters |   0 |                       1 |                       2 |   3 |   4 |                       5 |                       6 |                       7 |                      8 |                      9 |  10 |  11 |  12 |                      13 |                      14 |  15 |
|            Crabbreak.spectral.index1 | 0.0 |                     0.0 |                     0.0 | 0.0 | 0.0 |                     0.0 |                     0.0 |                     0.0 |                    0.0 |                    0.0 | 0.0 | 0.0 | 0.0 |                     0.0 |                     0.0 | 0.0 |
|            Crabbreak.spectral.index2 | 0.0 |    0.002189423311746286 |   6.447136034641101e-11 | 0.0 | 0.0 |    0.016333505090148033 | -1.4464020112679977e-05 |  -4.456392069118362e-06 |                    0.0 |                    0.0 | 0.0 | 0.0 | 0.0 |                     0.0 |                     0.0 | 0.0 |
|         Crabbreak.spectral.amplitude | 0.0 |   6.447136034641101e-11 |   6.622436363536541e-18 | 0.0 | 0.0 |  1.7340675215699236e-09 | -1.4843729542061443e-12 | -4.4403252207567164e-13 |                    0.0 |                    0.0 | 0.0 | 0.0 | 0.0 |                     0.0 |                     0.0 | 0.0 |
|            Crabbreak.spectral.ebreak | 0.0 |                     0.0 |                     0.0 | 0.0 | 0.0 |                     0.0 |                     0.0 |                     0.0 |                    0.0 |                    0.0 | 0.0 | 0.0 | 0.0 |                     0.0 |                     0.0 | 0.0 |
|         Crabbreak.spectral.reference | 0.0 |                     0.0 |                     0.0 | 0.0 | 0.0 |                     0.0 |                     0.0 |                     0.0 |                    0.0 |                    0.0 | 0.0 | 0.0 | 0.0 |                     0.0 |                     0.0 | 0.0 |
|              Crabbreak.spectral.beta | 0.0 |    0.016333505090148033 |  1.7340675215699236e-09 | 0.0 | 0.0 |     0.47386475415934187 |  -0.0004013776313617467 | -0.00012013342600907584 |                    0.0 |                    0.0 | 0.0 | 0.0 | 0.0 |                     0.0 |                     0.0 | 0.0 |
|              Crabbreak.spatial.lon_0 | 0.0 | -1.4464020112679977e-05 | -1.4843729542061443e-12 | 0.0 | 0.0 |  -0.0004013776313617467 |  2.3924672900793866e-06 |   5.922430657858949e-08 |                    0.0 |                    0.0 | 0.0 | 0.0 | 0.0 |                     0.0 |                     0.0 | 0.0 |
|              Crabbreak.spatial.lat_0 | 0.0 |  -4.456392069118362e-06 | -4.4403252207567164e-13 | 0.0 | 0.0 | -0.00012013342600907584 |   5.922430657858949e-08 |  1.6127846334547344e-06 |                    0.0 |                    0.0 | 0.0 | 0.0 | 0.0 |                     0.0 |                     0.0 | 0.0 |
|           nQmjUe35-bkg.spectral.norm | 0.0 |                     0.0 |                     0.0 | 0.0 | 0.0 |                     0.0 |                     0.0 |                     0.0 |  5.442400466955677e-05 | 2.4866281785650535e-06 | 0.0 | 0.0 | 0.0 |                     0.0 |                     0.0 | 0.0 |
|           nQmjUe35-bkg.spectral.tilt | 0.0 |                     0.0 |                     0.0 | 0.0 | 0.0 |                     0.0 |                     0.0 |                     0.0 | 2.4866281785650535e-06 |  6.050231599251427e-05 | 0.0 | 0.0 | 0.0 |                     0.0 |                     0.0 | 0.0 |
|      nQmjUe35-bkg.spectral.reference | 0.0 |                     0.0 |                     0.0 | 0.0 | 0.0 |                     0.0 |                     0.0 |                     0.0 |                    0.0 |                    0.0 | 0.0 | 0.0 | 0.0 |                     0.0 |                     0.0 | 0.0 |
|       nQmjUe35-irf.e_reco_model.bias | 0.0 |                     0.0 |                     0.0 | 0.0 | 0.0 |                     0.0 |                     0.0 |                     0.0 |                    0.0 |                    0.0 | 0.0 | 0.0 | 0.0 |                     0.0 |                     0.0 | 0.0 |
| nQmjUe35-irf.e_reco_model.resolution | 0.0 |                     0.0 |                     0.0 | 0.0 | 0.0 |                     0.0 |                     0.0 |                     0.0 |                    0.0 |                    0.0 | 0.0 | 0.0 | 0.0 |                     0.0 |                     0.0 | 0.0 |
|           nQmjUe35-irf.spectral.norm | 0.0 |                     0.0 |                     0.0 | 0.0 | 0.0 |                     0.0 |                     0.0 |                     0.0 |                    0.0 |                    0.0 | 0.0 | 0.0 | 0.0 |    0.008872412951454169 | -3.6698211455217015e-06 | 0.0 |
|           nQmjUe35-irf.spectral.tilt | 0.0 |                     0.0 |                     0.0 | 0.0 | 0.0 |                     0.0 |                     0.0 |                     0.0 |                    0.0 |                    0.0 | 0.0 | 0.0 | 0.0 | -3.6698211455217015e-06 |  0.00039378418777691153 | 0.0 |
|      nQmjUe35-irf.spectral.reference | 0.0 |                     0.0 |                     0.0 | 0.0 | 0.0 |                     0.0 |                     0.0 |                     0.0 |                    0.0 |                    0.0 | 0.0 | 0.0 | 0.0 |                     0.0 |                     0.0 | 0.0 |
