|                           Parameters |   0 |                       1 |                       2 |   3 |   4 |                       5 |                       6 |                       7 |                      8 |                      9 |  10 |  11 |  12 |                     13 |                     14 |  15 |
|            Crabbreak.spectral.index1 | 0.0 |                     0.0 |                     0.0 | 0.0 | 0.0 |                     0.0 |                     0.0 |                     0.0 |                    0.0 |                    0.0 | 0.0 | 0.0 | 0.0 |                    0.0 |                    0.0 | 0.0 |
|            Crabbreak.spectral.index2 | 0.0 |     0.01611678918727082 |   3.339449377773434e-12 | 0.0 | 0.0 |     0.04358484011082051 | -1.3879765414505885e-06 |  1.4145691428605409e-06 |                    0.0 |                    0.0 | 0.0 | 0.0 | 0.0 |                    0.0 |                    0.0 | 0.0 |
|         Crabbreak.spectral.amplitude | 0.0 |   3.339449377773434e-12 |   9.218693976685178e-22 | 0.0 | 0.0 |  1.1401507462435829e-11 | -1.3529699094519635e-16 |  1.6612280292547283e-16 |                    0.0 |                    0.0 | 0.0 | 0.0 | 0.0 |                    0.0 |                    0.0 | 0.0 |
|            Crabbreak.spectral.ebreak | 0.0 |                     0.0 |                     0.0 | 0.0 | 0.0 |                     0.0 |                     0.0 |                     0.0 |                    0.0 |                    0.0 | 0.0 | 0.0 | 0.0 |                    0.0 |                    0.0 | 0.0 |
|         Crabbreak.spectral.reference | 0.0 |                     0.0 |                     0.0 | 0.0 | 0.0 |                     0.0 |                     0.0 |                     0.0 |                    0.0 |                    0.0 | 0.0 | 0.0 | 0.0 |                    0.0 |                    0.0 | 0.0 |
|              Crabbreak.spectral.beta | 0.0 |     0.04358484011082051 |  1.1401507462435829e-11 | 0.0 | 0.0 |      0.1958348605768781 |    1.35860662795202e-05 | -2.0362418170379213e-06 |                    0.0 |                    0.0 | 0.0 | 0.0 | 0.0 |                    0.0 |                    0.0 | 0.0 |
|              Crabbreak.spatial.lon_0 | 0.0 | -1.3879765414505885e-06 | -1.3529699094519635e-16 | 0.0 | 0.0 |    1.35860662795202e-05 |   1.850567842545404e-05 | -4.5981757710393814e-07 |                    0.0 |                    0.0 | 0.0 | 0.0 | 0.0 |                    0.0 |                    0.0 | 0.0 |
|              Crabbreak.spatial.lat_0 | 0.0 |  1.4145691428605409e-06 |  1.6612280292547283e-16 | 0.0 | 0.0 | -2.0362418170379213e-06 | -4.5981757710393814e-07 |  1.3262384473270562e-05 |                    0.0 |                    0.0 | 0.0 | 0.0 | 0.0 |                    0.0 |                    0.0 | 0.0 |
|           LM4E3aF--bkg.spectral.norm | 0.0 |                     0.0 |                     0.0 | 0.0 | 0.0 |                     0.0 |                     0.0 |                     0.0 |  0.0005362013882481048 | 2.2277769397896303e-05 | 0.0 | 0.0 | 0.0 |                    0.0 |                    0.0 | 0.0 |
|           LM4E3aF--bkg.spectral.tilt | 0.0 |                     0.0 |                     0.0 | 0.0 | 0.0 |                     0.0 |                     0.0 |                     0.0 | 2.2277769397896303e-05 |  0.0006498379137562028 | 0.0 | 0.0 | 0.0 |                    0.0 |                    0.0 | 0.0 |
|      LM4E3aF--bkg.spectral.reference | 0.0 |                     0.0 |                     0.0 | 0.0 | 0.0 |                     0.0 |                     0.0 |                     0.0 |                    0.0 |                    0.0 | 0.0 | 0.0 | 0.0 |                    0.0 |                    0.0 | 0.0 |
|       LM4E3aF--irf.e_reco_model.bias | 0.0 |                     0.0 |                     0.0 | 0.0 | 0.0 |                     0.0 |                     0.0 |                     0.0 |                    0.0 |                    0.0 | 0.0 | 0.0 | 0.0 |                    0.0 |                    0.0 | 0.0 |
| LM4E3aF--irf.e_reco_model.resolution | 0.0 |                     0.0 |                     0.0 | 0.0 | 0.0 |                     0.0 |                     0.0 |                     0.0 |                    0.0 |                    0.0 | 0.0 | 0.0 | 0.0 |                    0.0 |                    0.0 | 0.0 |
|           LM4E3aF--irf.spectral.norm | 0.0 |                     0.0 |                     0.0 | 0.0 | 0.0 |                     0.0 |                     0.0 |                     0.0 |                    0.0 |                    0.0 | 0.0 | 0.0 | 0.0 |   0.010027191801222031 | -6.772090103892483e-07 | 0.0 |
|           LM4E3aF--irf.spectral.tilt | 0.0 |                     0.0 |                     0.0 | 0.0 | 0.0 |                     0.0 |                     0.0 |                     0.0 |                    0.0 |                    0.0 | 0.0 | 0.0 | 0.0 | -6.772090103892483e-07 | 0.00040000181511601416 | 0.0 |
|      LM4E3aF--irf.spectral.reference | 0.0 |                     0.0 |                     0.0 | 0.0 | 0.0 |                     0.0 |                     0.0 |                     0.0 |                    0.0 |                    0.0 | 0.0 | 0.0 | 0.0 |                    0.0 |                    0.0 | 0.0 |
