|                            Parameters |                       0 |                       1 |   2 |                       3 |   4 |                       5 |                       6 |                     7 |   8 |   9 |  10 |  11 |                     12 |                     13 |  14 |
|                Crablog.spectral.index |    0.013773209545704055 | -1.8797752656192743e-13 | 0.0 |  -0.0036463181978037395 | 0.0 |   9.160257700546505e-06 |  -1.545626034998311e-06 |                   0.0 | 0.0 | 0.0 | 0.0 | 0.0 |                    0.0 |                    0.0 | 0.0 |
|            Crablog.spectral.amplitude | -1.8797752656192743e-13 |   6.111041664404085e-24 | 0.0 |   8.096773465941052e-14 | 0.0 | -1.1604191126988566e-16 |   2.316633033201171e-17 |                   0.0 | 0.0 | 0.0 | 0.0 | 0.0 |                    0.0 |                    0.0 | 0.0 |
|            Crablog.spectral.reference |                     0.0 |                     0.0 | 0.0 |                     0.0 | 0.0 |                     0.0 |                     0.0 |                   0.0 | 0.0 | 0.0 | 0.0 | 0.0 |                    0.0 |                    0.0 | 0.0 |
|              Crablog.spectral.lambda_ |  -0.0036463181978037395 |   8.096773465941052e-14 | 0.0 |   0.0015373783437436102 | 0.0 | -1.6615599393466215e-06 |  1.9798234110331562e-07 |                   0.0 | 0.0 | 0.0 | 0.0 | 0.0 |                    0.0 |                    0.0 | 0.0 |
|                Crablog.spectral.alpha |                     0.0 |                     0.0 | 0.0 |                     0.0 | 0.0 |                     0.0 |                     0.0 |                   0.0 | 0.0 | 0.0 | 0.0 | 0.0 |                    0.0 |                    0.0 | 0.0 |
|                 Crablog.spatial.lon_0 |   9.160257700546505e-06 | -1.1604191126988566e-16 | 0.0 | -1.6615599393466215e-06 | 0.0 |   5.259158506923892e-06 | -1.0856977594424922e-07 |                   0.0 | 0.0 | 0.0 | 0.0 | 0.0 |                    0.0 |                    0.0 | 0.0 |
|                 Crablog.spatial.lat_0 |  -1.545626034998311e-06 |   2.316633033201171e-17 | 0.0 |  1.9798234110331562e-07 | 0.0 | -1.0856977594424922e-07 |   3.820791949666495e-06 |                   0.0 | 0.0 | 0.0 | 0.0 | 0.0 |                    0.0 |                    0.0 | 0.0 |
|       dataset_N-irf.e_reco_model.bias |                     0.0 |                     0.0 | 0.0 |                     0.0 | 0.0 |                     0.0 |                     0.0 | 0.0009855241385429935 | 0.0 | 0.0 | 0.0 | 0.0 |                    0.0 |                    0.0 | 0.0 |
| dataset_N-irf.e_reco_model.resolution |                     0.0 |                     0.0 | 0.0 |                     0.0 | 0.0 |                     0.0 |                     0.0 |                   0.0 | 0.0 | 0.0 | 0.0 | 0.0 |                    0.0 |                    0.0 | 0.0 |
|           dataset_N-irf.spectral.norm |                     0.0 |                     0.0 | 0.0 |                     0.0 | 0.0 |                     0.0 |                     0.0 |                   0.0 | 0.0 | 0.0 | 0.0 | 0.0 |                    0.0 |                    0.0 | 0.0 |
|           dataset_N-irf.spectral.tilt |                     0.0 |                     0.0 | 0.0 |                     0.0 | 0.0 |                     0.0 |                     0.0 |                   0.0 | 0.0 | 0.0 | 0.0 | 0.0 |                    0.0 |                    0.0 | 0.0 |
|      dataset_N-irf.spectral.reference |                     0.0 |                     0.0 | 0.0 |                     0.0 | 0.0 |                     0.0 |                     0.0 |                   0.0 | 0.0 | 0.0 | 0.0 | 0.0 |                    0.0 |                    0.0 | 0.0 |
|           dataset_N-bkg.spectral.norm |                     0.0 |                     0.0 | 0.0 |                     0.0 | 0.0 |                     0.0 |                     0.0 |                   0.0 | 0.0 | 0.0 | 0.0 | 0.0 | 0.00011446574950506844 |  5.499892093620546e-06 | 0.0 |
|           dataset_N-bkg.spectral.tilt |                     0.0 |                     0.0 | 0.0 |                     0.0 | 0.0 |                     0.0 |                     0.0 |                   0.0 | 0.0 | 0.0 | 0.0 | 0.0 |  5.499892093620546e-06 | 0.00014014640277067162 | 0.0 |
|      dataset_N-bkg.spectral.reference |                     0.0 |                     0.0 | 0.0 |                     0.0 | 0.0 |                     0.0 |                     0.0 |                   0.0 | 0.0 | 0.0 | 0.0 | 0.0 |                    0.0 |                    0.0 | 0.0 |
