|                            Parameters |                      0 |                       1 |   2 |                       3 |   4 |                       5 |                       6 |                      7 |   8 |   9 |  10 |  11 |                     12 |                     13 |  14 |
|                Crablog.spectral.index |   0.005855709115645276 |  -8.477758769650501e-14 | 0.0 |   -0.001673055233889967 | 0.0 |   7.543484121247385e-07 |   5.044219279599124e-07 |                    0.0 | 0.0 | 0.0 | 0.0 | 0.0 |                    0.0 |                    0.0 | 0.0 |
|            Crablog.spectral.amplitude | -8.477758769650501e-14 |   3.827668395844646e-24 | 0.0 |  4.0869576499123453e-14 | 0.0 | -2.8852902028103053e-17 | -1.3109702694737775e-17 |                    0.0 | 0.0 | 0.0 | 0.0 | 0.0 |                    0.0 |                    0.0 | 0.0 |
|            Crablog.spectral.reference |                    0.0 |                     0.0 | 0.0 |                     0.0 | 0.0 |                     0.0 |                     0.0 |                    0.0 | 0.0 | 0.0 | 0.0 | 0.0 |                    0.0 |                    0.0 | 0.0 |
|              Crablog.spectral.lambda_ |  -0.001673055233889967 |  4.0869576499123453e-14 | 0.0 |   0.0007802119874572714 | 0.0 |  3.9186538431514804e-08 | -2.1757279114277902e-07 |                    0.0 | 0.0 | 0.0 | 0.0 | 0.0 |                    0.0 |                    0.0 | 0.0 |
|                Crablog.spectral.alpha |                    0.0 |                     0.0 | 0.0 |                     0.0 | 0.0 |                     0.0 |                     0.0 |                    0.0 | 0.0 | 0.0 | 0.0 | 0.0 |                    0.0 |                    0.0 | 0.0 |
|                 Crablog.spatial.lon_0 |  7.543484121247385e-07 | -2.8852902028103053e-17 | 0.0 |  3.9186538431514804e-08 | 0.0 |   5.144389140594626e-06 |   2.279439109118238e-08 |                    0.0 | 0.0 | 0.0 | 0.0 | 0.0 |                    0.0 |                    0.0 | 0.0 |
|                 Crablog.spatial.lat_0 |  5.044219279599124e-07 | -1.3109702694737775e-17 | 0.0 | -2.1757279114277902e-07 | 0.0 |   2.279439109118238e-08 |   3.937334907432954e-06 |                    0.0 | 0.0 | 0.0 | 0.0 | 0.0 |                    0.0 |                    0.0 | 0.0 |
|       dataset_N-irf.e_reco_model.bias |                    0.0 |                     0.0 | 0.0 |                     0.0 | 0.0 |                     0.0 |                     0.0 | 1.4066171542509226e-05 | 0.0 | 0.0 | 0.0 | 0.0 |                    0.0 |                    0.0 | 0.0 |
| dataset_N-irf.e_reco_model.resolution |                    0.0 |                     0.0 | 0.0 |                     0.0 | 0.0 |                     0.0 |                     0.0 |                    0.0 | 0.0 | 0.0 | 0.0 | 0.0 |                    0.0 |                    0.0 | 0.0 |
|           dataset_N-irf.spectral.norm |                    0.0 |                     0.0 | 0.0 |                     0.0 | 0.0 |                     0.0 |                     0.0 |                    0.0 | 0.0 | 0.0 | 0.0 | 0.0 |                    0.0 |                    0.0 | 0.0 |
|           dataset_N-irf.spectral.tilt |                    0.0 |                     0.0 | 0.0 |                     0.0 | 0.0 |                     0.0 |                     0.0 |                    0.0 | 0.0 | 0.0 | 0.0 | 0.0 |                    0.0 |                    0.0 | 0.0 |
|      dataset_N-irf.spectral.reference |                    0.0 |                     0.0 | 0.0 |                     0.0 | 0.0 |                     0.0 |                     0.0 |                    0.0 | 0.0 | 0.0 | 0.0 | 0.0 |                    0.0 |                    0.0 | 0.0 |
|           dataset_N-bkg.spectral.norm |                    0.0 |                     0.0 | 0.0 |                     0.0 | 0.0 |                     0.0 |                     0.0 |                    0.0 | 0.0 | 0.0 | 0.0 | 0.0 | 0.00011608564296828029 | 1.0539698288058417e-05 | 0.0 |
|           dataset_N-bkg.spectral.tilt |                    0.0 |                     0.0 | 0.0 |                     0.0 | 0.0 |                     0.0 |                     0.0 |                    0.0 | 0.0 | 0.0 | 0.0 | 0.0 | 1.0539698288058417e-05 | 0.00013175582305268002 | 0.0 |
|      dataset_N-bkg.spectral.reference |                    0.0 |                     0.0 | 0.0 |                     0.0 | 0.0 |                     0.0 |                     0.0 |                    0.0 | 0.0 | 0.0 | 0.0 | 0.0 |                    0.0 |                    0.0 | 0.0 |
