|                            Parameters |                      0 |                      1 |   2 |                       3 |   4 |                       5 |                      6 |                     7 |   8 |   9 |  10 |  11 |                     12 |                     13 |  14 |
|                Crablog.spectral.index |   0.008765097975161944 |  -8.60290207236574e-14 | 0.0 |   -0.001721129534606085 | 0.0 |  2.3665099821617318e-06 | -5.878911768000066e-07 |                   0.0 | 0.0 | 0.0 | 0.0 | 0.0 |                    0.0 |                    0.0 | 0.0 |
|            Crablog.spectral.amplitude |  -8.60290207236574e-14 | 3.4782609600701376e-24 | 0.0 |   3.165449462183157e-14 | 0.0 |  -8.034519117473774e-19 | -5.259941180341758e-19 |                   0.0 | 0.0 | 0.0 | 0.0 | 0.0 |                    0.0 |                    0.0 | 0.0 |
|            Crablog.spectral.reference |                    0.0 |                    0.0 | 0.0 |                     0.0 | 0.0 |                     0.0 |                    0.0 |                   0.0 | 0.0 | 0.0 | 0.0 | 0.0 |                    0.0 |                    0.0 | 0.0 |
|              Crablog.spectral.lambda_ |  -0.001721129534606085 |  3.165449462183157e-14 | 0.0 |   0.0005944544518331395 | 0.0 | -5.8712756331751776e-08 | 2.0027080814072288e-07 |                   0.0 | 0.0 | 0.0 | 0.0 | 0.0 |                    0.0 |                    0.0 | 0.0 |
|                Crablog.spectral.alpha |                    0.0 |                    0.0 | 0.0 |                     0.0 | 0.0 |                     0.0 |                    0.0 |                   0.0 | 0.0 | 0.0 | 0.0 | 0.0 |                    0.0 |                    0.0 | 0.0 |
|                 Crablog.spatial.lon_0 | 2.3665099821617318e-06 | -8.034519117473774e-19 | 0.0 | -5.8712756331751776e-08 | 0.0 |   5.061115986126746e-06 |   8.69356597597134e-08 |                   0.0 | 0.0 | 0.0 | 0.0 | 0.0 |                    0.0 |                    0.0 | 0.0 |
|                 Crablog.spatial.lat_0 | -5.878911768000066e-07 | -5.259941180341758e-19 | 0.0 |  2.0027080814072288e-07 | 0.0 |    8.69356597597134e-08 |  3.773629025232866e-06 |                   0.0 | 0.0 | 0.0 | 0.0 | 0.0 |                    0.0 |                    0.0 | 0.0 |
|       dataset_N-irf.e_reco_model.bias |                    0.0 |                    0.0 | 0.0 |                     0.0 | 0.0 |                     0.0 |                    0.0 | 0.0013804507334181618 | 0.0 | 0.0 | 0.0 | 0.0 |                    0.0 |                    0.0 | 0.0 |
| dataset_N-irf.e_reco_model.resolution |                    0.0 |                    0.0 | 0.0 |                     0.0 | 0.0 |                     0.0 |                    0.0 |                   0.0 | 0.0 | 0.0 | 0.0 | 0.0 |                    0.0 |                    0.0 | 0.0 |
|           dataset_N-irf.spectral.norm |                    0.0 |                    0.0 | 0.0 |                     0.0 | 0.0 |                     0.0 |                    0.0 |                   0.0 | 0.0 | 0.0 | 0.0 | 0.0 |                    0.0 |                    0.0 | 0.0 |
|           dataset_N-irf.spectral.tilt |                    0.0 |                    0.0 | 0.0 |                     0.0 | 0.0 |                     0.0 |                    0.0 |                   0.0 | 0.0 | 0.0 | 0.0 | 0.0 |                    0.0 |                    0.0 | 0.0 |
|      dataset_N-irf.spectral.reference |                    0.0 |                    0.0 | 0.0 |                     0.0 | 0.0 |                     0.0 |                    0.0 |                   0.0 | 0.0 | 0.0 | 0.0 | 0.0 |                    0.0 |                    0.0 | 0.0 |
|           dataset_N-bkg.spectral.norm |                    0.0 |                    0.0 | 0.0 |                     0.0 | 0.0 |                     0.0 |                    0.0 |                   0.0 | 0.0 | 0.0 | 0.0 | 0.0 | 0.00011786149100449148 | 1.0145144942148389e-05 | 0.0 |
|           dataset_N-bkg.spectral.tilt |                    0.0 |                    0.0 | 0.0 |                     0.0 | 0.0 |                     0.0 |                    0.0 |                   0.0 | 0.0 | 0.0 | 0.0 | 0.0 | 1.0145144942148389e-05 |  0.0001305379688176366 | 0.0 |
|      dataset_N-bkg.spectral.reference |                    0.0 |                    0.0 | 0.0 |                     0.0 | 0.0 |                     0.0 |                    0.0 |                   0.0 | 0.0 | 0.0 | 0.0 | 0.0 |                    0.0 |                    0.0 | 0.0 |
