|                            Parameters |                      0 |                      1 |   2 |                       3 |   4 |                       5 |                      6 |                     7 |   8 |   9 |  10 |  11 |                     12 |                    13 |  14 |
|                Crablog.spectral.index |    0.00999855634623883 |  -6.92883949966213e-14 | 0.0 |  -0.0022694443166532225 | 0.0 |   6.320458345512586e-05 |  6.320012340665075e-05 |                   0.0 | 0.0 | 0.0 | 0.0 | 0.0 |                    0.0 |                   0.0 | 0.0 |
|            Crablog.spectral.amplitude |  -6.92883949966213e-14 |     3.834854664491e-24 | 0.0 |   4.059602510122069e-14 | 0.0 |  1.0540079750026194e-16 | 1.4495988375370367e-16 |                   0.0 | 0.0 | 0.0 | 0.0 | 0.0 |                    0.0 |                   0.0 | 0.0 |
|            Crablog.spectral.reference |                    0.0 |                    0.0 | 0.0 |                     0.0 | 0.0 |                     0.0 |                    0.0 |                   0.0 | 0.0 | 0.0 | 0.0 | 0.0 |                    0.0 |                   0.0 | 0.0 |
|              Crablog.spectral.lambda_ | -0.0022694443166532225 |  4.059602510122069e-14 | 0.0 |   0.0008919996968670737 | 0.0 | -5.3355871245362655e-06 | -4.933863806161964e-06 |                   0.0 | 0.0 | 0.0 | 0.0 | 0.0 |                    0.0 |                   0.0 | 0.0 |
|                Crablog.spectral.alpha |                    0.0 |                    0.0 | 0.0 |                     0.0 | 0.0 |                     0.0 |                    0.0 |                   0.0 | 0.0 | 0.0 | 0.0 | 0.0 |                    0.0 |                   0.0 | 0.0 |
|                 Crablog.spatial.lon_0 |  6.320458345512586e-05 | 1.0540079750026194e-16 | 0.0 | -5.3355871245362655e-06 | 0.0 |   4.256185900253705e-06 | -6.615531164602505e-07 |                   0.0 | 0.0 | 0.0 | 0.0 | 0.0 |                    0.0 |                   0.0 | 0.0 |
|                 Crablog.spatial.lat_0 |  6.320012340665075e-05 | 1.4495988375370367e-16 | 0.0 |  -4.933863806161964e-06 | 0.0 |  -6.615531164602505e-07 |  2.702451164355537e-06 |                   0.0 | 0.0 | 0.0 | 0.0 | 0.0 |                    0.0 |                   0.0 | 0.0 |
|       dataset_N-irf.e_reco_model.bias |                    0.0 |                    0.0 | 0.0 |                     0.0 | 0.0 |                     0.0 |                    0.0 | 0.0009150476954460531 | 0.0 | 0.0 | 0.0 | 0.0 |                    0.0 |                   0.0 | 0.0 |
| dataset_N-irf.e_reco_model.resolution |                    0.0 |                    0.0 | 0.0 |                     0.0 | 0.0 |                     0.0 |                    0.0 |                   0.0 | 0.0 | 0.0 | 0.0 | 0.0 |                    0.0 |                   0.0 | 0.0 |
|           dataset_N-irf.spectral.norm |                    0.0 |                    0.0 | 0.0 |                     0.0 | 0.0 |                     0.0 |                    0.0 |                   0.0 | 0.0 | 0.0 | 0.0 | 0.0 |                    0.0 |                   0.0 | 0.0 |
|           dataset_N-irf.spectral.tilt |                    0.0 |                    0.0 | 0.0 |                     0.0 | 0.0 |                     0.0 |                    0.0 |                   0.0 | 0.0 | 0.0 | 0.0 | 0.0 |                    0.0 |                   0.0 | 0.0 |
|      dataset_N-irf.spectral.reference |                    0.0 |                    0.0 | 0.0 |                     0.0 | 0.0 |                     0.0 |                    0.0 |                   0.0 | 0.0 | 0.0 | 0.0 | 0.0 |                    0.0 |                   0.0 | 0.0 |
|           dataset_N-bkg.spectral.norm |                    0.0 |                    0.0 | 0.0 |                     0.0 | 0.0 |                     0.0 |                    0.0 |                   0.0 | 0.0 | 0.0 | 0.0 | 0.0 | 0.00011570213569844486 | 8.223177818339865e-06 | 0.0 |
|           dataset_N-bkg.spectral.tilt |                    0.0 |                    0.0 | 0.0 |                     0.0 | 0.0 |                     0.0 |                    0.0 |                   0.0 | 0.0 | 0.0 | 0.0 | 0.0 |  8.223177818339865e-06 | 0.0001348519372581815 | 0.0 |
|      dataset_N-bkg.spectral.reference |                    0.0 |                    0.0 | 0.0 |                     0.0 | 0.0 |                     0.0 |                    0.0 |                   0.0 | 0.0 | 0.0 | 0.0 | 0.0 |                    0.0 |                   0.0 | 0.0 |
