|                            Parameters |                      0 |                       1 |   2 |                       3 |   4 |                       5 |                       6 |                     7 |   8 |   9 |  10 |  11 |                     12 |                     13 |  14 |
|                Crablog.spectral.index |   0.017908487382060915 |  -3.056608460213003e-13 | 0.0 |   -0.005143435083912352 | 0.0 |   9.078361540710749e-06 |  -3.394677878207234e-07 |                   0.0 | 0.0 | 0.0 | 0.0 | 0.0 |                    0.0 |                    0.0 | 0.0 |
|            Crablog.spectral.amplitude | -3.056608460213003e-13 |   8.725815097904031e-24 | 0.0 |  1.2340743899275224e-13 | 0.0 | -1.3062201717351566e-16 |  -4.138199565268052e-17 |                   0.0 | 0.0 | 0.0 | 0.0 | 0.0 |                    0.0 |                    0.0 | 0.0 |
|            Crablog.spectral.reference |                    0.0 |                     0.0 | 0.0 |                     0.0 | 0.0 |                     0.0 |                     0.0 |                   0.0 | 0.0 | 0.0 | 0.0 | 0.0 |                    0.0 |                    0.0 | 0.0 |
|              Crablog.spectral.lambda_ |  -0.005143435083912352 |  1.2340743899275224e-13 | 0.0 |    0.002290512545530765 | 0.0 | -1.0584451030719524e-06 |  -7.010139946294051e-07 |                   0.0 | 0.0 | 0.0 | 0.0 | 0.0 |                    0.0 |                    0.0 | 0.0 |
|                Crablog.spectral.alpha |                    0.0 |                     0.0 | 0.0 |                     0.0 | 0.0 |                     0.0 |                     0.0 |                   0.0 | 0.0 | 0.0 | 0.0 | 0.0 |                    0.0 |                    0.0 | 0.0 |
|                 Crablog.spatial.lon_0 |  9.078361540710749e-06 | -1.3062201717351566e-16 | 0.0 | -1.0584451030719524e-06 | 0.0 |   5.803603307172672e-06 | -5.5410731620721416e-08 |                   0.0 | 0.0 | 0.0 | 0.0 | 0.0 |                    0.0 |                    0.0 | 0.0 |
|                 Crablog.spatial.lat_0 | -3.394677878207234e-07 |  -4.138199565268052e-17 | 0.0 |  -7.010139946294051e-07 | 0.0 | -5.5410731620721416e-08 |   4.329114118920849e-06 |                   0.0 | 0.0 | 0.0 | 0.0 | 0.0 |                    0.0 |                    0.0 | 0.0 |
|       dataset_N-irf.e_reco_model.bias |                    0.0 |                     0.0 | 0.0 |                     0.0 | 0.0 |                     0.0 |                     0.0 | 0.0018480100275154623 | 0.0 | 0.0 | 0.0 | 0.0 |                    0.0 |                    0.0 | 0.0 |
| dataset_N-irf.e_reco_model.resolution |                    0.0 |                     0.0 | 0.0 |                     0.0 | 0.0 |                     0.0 |                     0.0 |                   0.0 | 0.0 | 0.0 | 0.0 | 0.0 |                    0.0 |                    0.0 | 0.0 |
|           dataset_N-irf.spectral.norm |                    0.0 |                     0.0 | 0.0 |                     0.0 | 0.0 |                     0.0 |                     0.0 |                   0.0 | 0.0 | 0.0 | 0.0 | 0.0 |                    0.0 |                    0.0 | 0.0 |
|           dataset_N-irf.spectral.tilt |                    0.0 |                     0.0 | 0.0 |                     0.0 | 0.0 |                     0.0 |                     0.0 |                   0.0 | 0.0 | 0.0 | 0.0 | 0.0 |                    0.0 |                    0.0 | 0.0 |
|      dataset_N-irf.spectral.reference |                    0.0 |                     0.0 | 0.0 |                     0.0 | 0.0 |                     0.0 |                     0.0 |                   0.0 | 0.0 | 0.0 | 0.0 | 0.0 |                    0.0 |                    0.0 | 0.0 |
|           dataset_N-bkg.spectral.norm |                    0.0 |                     0.0 | 0.0 |                     0.0 | 0.0 |                     0.0 |                     0.0 |                   0.0 | 0.0 | 0.0 | 0.0 | 0.0 | 0.00011258500298062178 |  8.413483343189055e-06 | 0.0 |
|           dataset_N-bkg.spectral.tilt |                    0.0 |                     0.0 | 0.0 |                     0.0 | 0.0 |                     0.0 |                     0.0 |                   0.0 | 0.0 | 0.0 | 0.0 | 0.0 |  8.413483343189055e-06 | 0.00013880748309776507 | 0.0 |
|      dataset_N-bkg.spectral.reference |                    0.0 |                     0.0 | 0.0 |                     0.0 | 0.0 |                     0.0 |                     0.0 |                   0.0 | 0.0 | 0.0 | 0.0 | 0.0 |                    0.0 |                    0.0 | 0.0 |
