|                            Parameters |                      0 |                      1 |   2 |                      3 |                      4 |                     5 |                      6 |   7 |   8 |   9 |                      10 |                      11 |  12 |
|               rQPpt71k.spectral.index |   0.051257199026347684 |  5.629660560418133e-14 | 0.0 |   7.98593756666151e-06 | 3.2642338986448367e-07 |                   0.0 |                    0.0 | 0.0 | 0.0 | 0.0 |                     0.0 |                     0.0 | 0.0 |
|           rQPpt71k.spectral.amplitude |  5.629660560418133e-14 | 2.9319968189282543e-25 | 0.0 | -1.510924630828758e-16 |  5.247696815582357e-18 |                   0.0 |                    0.0 | 0.0 | 0.0 | 0.0 |                     0.0 |                     0.0 | 0.0 |
|           rQPpt71k.spectral.reference |                    0.0 |                    0.0 | 0.0 |                    0.0 |                    0.0 |                   0.0 |                    0.0 | 0.0 | 0.0 | 0.0 |                     0.0 |                     0.0 | 0.0 |
|                rQPpt71k.spatial.lon_0 |   7.98593756666151e-06 | -1.510924630828758e-16 | 0.0 |  0.0001285037503199761 | 2.1590451396517585e-08 |                   0.0 |                    0.0 | 0.0 | 0.0 | 0.0 |                     0.0 |                     0.0 | 0.0 |
|                rQPpt71k.spatial.lat_0 | 3.2642338986448367e-07 |  5.247696815582357e-18 | 0.0 | 2.1590451396517585e-08 |  9.614584283356479e-05 |                   0.0 |                    0.0 | 0.0 | 0.0 | 0.0 |                     0.0 |                     0.0 | 0.0 |
|           dataset N-bkg.spectral.norm |                    0.0 |                    0.0 | 0.0 |                    0.0 |                    0.0 | 0.0001454316543723429 |  6.339576809054981e-05 | 0.0 | 0.0 | 0.0 |                     0.0 |                     0.0 | 0.0 |
|           dataset N-bkg.spectral.tilt |                    0.0 |                    0.0 | 0.0 |                    0.0 |                    0.0 | 6.339576809054981e-05 | 0.00019164550739958695 | 0.0 | 0.0 | 0.0 |                     0.0 |                     0.0 | 0.0 |
|      dataset N-bkg.spectral.reference |                    0.0 |                    0.0 | 0.0 |                    0.0 |                    0.0 |                   0.0 |                    0.0 | 0.0 | 0.0 | 0.0 |                     0.0 |                     0.0 | 0.0 |
|       dataset N-irf.e_reco_model.bias |                    0.0 |                    0.0 | 0.0 |                    0.0 |                    0.0 |                   0.0 |                    0.0 | 0.0 | 0.0 | 0.0 |                     0.0 |                     0.0 | 0.0 |
| dataset N-irf.e_reco_model.resolution |                    0.0 |                    0.0 | 0.0 |                    0.0 |                    0.0 |                   0.0 |                    0.0 | 0.0 | 0.0 | 0.0 |                     0.0 |                     0.0 | 0.0 |
|  dataset N-irf.spectral.norm_nuisance |                    0.0 |                    0.0 | 0.0 |                    0.0 |                    0.0 |                   0.0 |                    0.0 | 0.0 | 0.0 | 0.0 |    0.010063123470469523 | -5.3707829770298084e-08 | 0.0 |
|  dataset N-irf.spectral.tilt_nuisance |                    0.0 |                    0.0 | 0.0 |                    0.0 |                    0.0 |                   0.0 |                    0.0 | 0.0 | 0.0 | 0.0 | -5.3707829770298084e-08 |  0.00022489760416954368 | 0.0 |
|      dataset N-irf.spectral.reference |                    0.0 |                    0.0 | 0.0 |                    0.0 |                    0.0 |                   0.0 |                    0.0 | 0.0 | 0.0 | 0.0 |                     0.0 |                     0.0 | 0.0 |
