|                     Parameters |                      0 |                      1 |   2 |   3 |   4 |                      5 |   6 |   7 |                      8 |                      9 |  10 |
|             msh.spectral.index |   0.012974596836204125 | 2.0418791291207817e-14 | 0.0 | 0.0 | 0.0 | 0.00012427390394191776 | 0.0 | 0.0 |                    0.0 |                    0.0 | 0.0 |
|         msh.spectral.amplitude | 2.0418791291207817e-14 | 2.0660973650333008e-25 | 0.0 | 0.0 | 0.0 |  5.502240052727631e-15 | 0.0 | 0.0 |                    0.0 |                    0.0 | 0.0 |
|         msh.spectral.reference |                    0.0 |                    0.0 | 0.0 | 0.0 | 0.0 |                    0.0 | 0.0 | 0.0 |                    0.0 |                    0.0 | 0.0 |
|              msh.spatial.lon_0 |                    0.0 |                    0.0 | 0.0 | 0.0 | 0.0 |                    0.0 | 0.0 | 0.0 |                    0.0 |                    0.0 | 0.0 |
|              msh.spatial.lat_0 |                    0.0 |                    0.0 | 0.0 | 0.0 | 0.0 |                    0.0 | 0.0 | 0.0 |                    0.0 |                    0.0 | 0.0 |
|              msh.spatial.sigma | 0.00012427390394191776 |  5.502240052727631e-15 | 0.0 | 0.0 | 0.0 |  0.0004143249994876394 | 0.0 | 0.0 |                    0.0 |                    0.0 | 0.0 |
|                  msh.spatial.e |                    0.0 |                    0.0 | 0.0 | 0.0 | 0.0 |                    0.0 | 0.0 | 0.0 |                    0.0 |                    0.0 | 0.0 |
|                msh.spatial.phi |                    0.0 |                    0.0 | 0.0 | 0.0 | 0.0 |                    0.0 | 0.0 | 0.0 |                    0.0 |                    0.0 | 0.0 |
|      dataset-bkg.spectral.norm |                    0.0 |                    0.0 | 0.0 | 0.0 | 0.0 |                    0.0 | 0.0 | 0.0 |  2.749418765300818e-05 | 1.2762667214423187e-06 | 0.0 |
|      dataset-bkg.spectral.tilt |                    0.0 |                    0.0 | 0.0 | 0.0 | 0.0 |                    0.0 | 0.0 | 0.0 | 1.2762667214423187e-06 |  2.809060867569787e-05 | 0.0 |
| dataset-bkg.spectral.reference |                    0.0 |                    0.0 | 0.0 | 0.0 | 0.0 |                    0.0 | 0.0 | 0.0 |                    0.0 |                    0.0 | 0.0 |
