| modelparameters |                   0 |                   1 |                   2 |                   3 |                   4 |                   5 |                   6 |                   7 |                   8 |                   9 |                  10 |                  11 |                  12 |                  13 |                  14 |                  15 |                  16 |                  17 |                  18 |                  19 |                  20 |                  21 |                  22 |                  23 |
|           norm0 |    1406.14217969865 |  -5592.092826341952 |  12491.027531484118 | -20782.321951139973 |  28818.487695432977 | -35336.179063597796 |   39694.73814070355 |  -41793.40529564585 |   41874.06116898998 |  -40336.04916978268 |   37608.62291313348 |   -34081.3443746669 |  30076.680845454164 | -25848.003315490823 |  21590.331295631724 | -17455.705706923618 |   13568.33214461322 | -10036.401543733506 |   6958.106212172029 |  -4419.458223311948 |  2482.0943970669323 |  -1161.846545058567 |  405.08984547554905 |  -79.32911333751073 |
|           norm1 |  -5592.092826342227 |  23640.884527653125 |  -55244.85983818164 |   95074.78536038942 | -135250.65828530086 |  169097.76001698486 |  -192805.8028323723 |   205336.8947217705 | -207557.06467335974 |   201301.8834639965 | -188683.89874854923 |   171688.6220233098 | -151996.61436955354 |  130948.97749609001 | -109588.95052969448 |   88734.39752764996 |  -69053.29075473927 |  51124.317628583194 |  -35468.69990533574 |   22540.33764600483 | -12664.682186345242 |  5930.1884990974095 |  -2068.154526252797 |  405.08984547500745 |
|           norm2 |  12491.027531499403 |  -55244.85983825555 |  134484.34919242354 |  -239523.4535413974 |  350359.81781577633 |  -447875.4513075876 |   519709.1106414019 |  -561173.1978951112 |    573403.271512426 |  -560841.0915120929 |   529166.5381942341 | -483988.49397985026 |  430200.80929575756 |  -371790.9701432394 |  311905.46614320873 | -253031.04304992026 |  197201.13411047155 | -146168.45412190433 |   101498.9966228675 |  -64547.72734290509 |   36287.05046138703 |  -16998.48973567631 |   5930.188499084808 |  -1161.846545054551 |
|           norm3 | -20782.321951145583 |   95074.78536041058 | -239523.45354101437 |   440680.2833585892 |  -663400.4165034648 |   868965.3529248894 | -1028801.4685463777 |  1129109.2539380747 |   -1168847.09680427 |  1155133.8535904954 | -1098844.9069033647 |  1011520.3625312233 |  -903660.6902304138 |    784065.618732167 |  -659814.3103504116 |    536566.813384051 |  -418967.4732578129 |   311003.4272703924 | -216208.60406182334 |  137620.08510010643 |  -77420.55398231809 |   36287.05046127294 | -12664.682186278456 |  2482.0943970505377 |
|           norm4 |  28818.487695448945 |  -135250.6582853747 |  350359.81781522237 |  -663400.4165037434 |  1026925.7230727201 |  -1379804.307638828 |  1670215.5127321861 | -1867629.4741331167 |  1963355.7847856884 |  -1964710.590148966 |  1887801.1550350643 | -1751706.0702218118 |  1574842.6973768093 | -1373248.5178803594 |  1160167.3758423708 |  -946363.6822963947 |   740730.6913152714 |  -550887.8010482424 |   383539.4855682138 | -244409.42964805878 |  137620.08509951824 |    -64547.727342427 |  22540.337645790125 |  -4419.458223264009 |
|           norm5 | -35336.179063529744 |  169097.76001663806 | -447875.45130545314 |   868965.3529226928 | -1379804.3076342582 |  1901029.3219255875 |  -2355459.070601126 |   2688934.541609701 | -2877274.6344050933 |   2922133.007587968 | -2841952.9373863717 |  2663021.7069505737 |  -2412999.329763797 |  2117283.2889897004 | -1797608.2188084773 |  1472052.2368679703 | -1155725.4058133534 |   861588.9344056953 |  -600984.9044337004 |  383539.48556614795 | -216208.60405974014 |  101498.99662157525 |  -35468.69990481045 |  6958.1062120600745 |
|           norm6 |   39694.73814046493 | -192805.80283117952 |   519709.1106364552 |  -1028801.468539332 |  1670215.5127189376 | -2355459.0705907117 |   2987162.015989117 |  -3485603.627866262 |  3803878.6911017597 |  -3929565.274899436 |  3876970.0356175043 | -3676148.0171882138 |  3363241.9581623813 | -2974029.4448678684 |  2540667.0427316134 |  -2090777.116438366 |  1647871.7449305418 | -1232239.2745190305 |   861588.9344002854 |  -550887.8010418398 |  311003.42726547655 | -146168.45411915152 |   51124.31762751757 | -10036.401543512087 |
|           norm7 | -41793.405295103235 |  205336.89471906875 |  -561173.1978854834 |  1129109.2539224355 | -1867629.4741047241 |  2688934.5415792633 |  -3485603.627842767 |   4157711.761096934 |  -4633341.319797757 |  4878157.2390334215 | -4893268.0959648695 |   4705445.644033251 |  -4355414.509605621 |   3888240.092668421 | -3347304.8025858826 |  2771585.7946131118 |  -2195177.592028723 |   1647871.744919388 | -1155725.4057983537 |   740730.6913017795 |  -418967.4732484796 |    197201.134105505 |  -69053.29075286858 |  13568.332144230391 |
|           norm8 |   41874.06116805273 | -207557.06466870333 |   573403.2714969143 | -1168847.0967776836 |  1963355.7847382282 | -2877274.6343489126 |    3803878.69104717 |   -4633341.31976494 |   5273770.566469048 |  -5666088.504273628 |   5789786.950726621 | -5658773.9033123655 |   5310891.089035514 |  -4796290.176584962 |   4168288.989369443 | -3477909.2169683953 |  2771585.7945945975 |  -2090777.116410449 |    1472052.23683941 |  -946363.6822732607 |   536566.8133688616 | -253031.04304206895 |   88734.39752474206 | -17455.705706334273 |
|           norm9 |   -40336.0491682814 |  201301.88345653279 |  -560841.0914883489 |   1155133.853548063 | -1964710.5900739548 |   2922133.007492871 |  -3929565.274795054 |   4878157.238942977 |  -5666088.504209299 |   6214141.476045243 |    -6476894.7014805 |   6446556.697420396 |  -6148173.053455556 |  5629274.5508738095 |  -4948752.434043436 |    4168288.98934381 |  -3347304.802543342 |   2540667.042682917 |  -1797608.218763641 |   1160167.375807926 |  -659814.3103284626 |   311905.4661320653 | -109588.95052561269 |  21590.331294810298 |
|          norm10 |   37608.62291102283 | -188683.89873804507 |   529166.5381616883 | -1098844.9068438371 |  1887801.1549303941 |  -2841952.937248759 |  3876970.0354577913 | -4893268.0958088515 |   5789786.950586985 |  -6476894.701401745 |   6888515.750069176 |  -6991554.942965441 |   6789179.976501889 |  -6316207.479129714 |   5629274.550844326 | -4796290.1765309535 |   3888240.092600098 |  -2974029.444797416 |   2117283.288928151 |  -1373248.517834478 |   784065.6187034677 |   -371790.970128842 |   130948.9774908577 |  -25848.00331444326 |
|          norm11 |  -34081.34437193839 |  171688.62200970988 |  -483988.4939384357 |  1011520.3624542475 |  -1751706.070086818 |   2663021.706768603 |  -3676148.016969475 |    4705445.64380521 |  -5658773.903087196 |   6446556.697247751 |  -6991554.942866148 |    7239418.21632917 |  -7167662.007222266 |   6789179.976473057 |  -6148173.053397926 |  5310891.0889550345 |   -4355414.50951375 |   3363241.958072433 | -2412999.3296875195 |   1574842.697321001 |  -903660.6901959393 |    430200.809278615 |  -151996.6143633638 |  30076.680844220922 |
|          norm12 |  30076.680842246034 |  -151996.6143535321 |   430200.8092474736 |  -903660.6901398652 |     1574842.6972182 |   -2412999.32954672 |  3363241.9578962107 |   -4355414.50931872 |   5310891.088738575 |  -6148173.053201759 |   6789179.976313981 |   -7167662.00713074 |   7239418.216304577 |  -6991554.942912613 |   6446556.697339951 |  -5658773.903211006 |   4705445.643923304 |  -3676148.017083691 |   2663021.706863574 |  -1751706.070158969 |  1011520.3624927653 |  -483988.4939608653 |   171688.6220164949 |  -34081.34437331561 |
|          norm13 | -25848.003312000255 |  130948.97747861897 | -371790.97009092587 |   784065.6186335695 | -1373248.5177076822 |   2117283.288750863 | -2974029.4445712585 |  3888240.0923423404 |  -4796290.176237612 |   5629274.550559713 |  -6316207.478872096 |  6789179.9763054475 |  -6991554.942832585 |    6888515.75000741 |  -6476894.701391543 |   5789786.950617621 |  -4893268.095848583 |  3876970.0355081945 |  -2841952.937296168 |  1887801.1549703758 | -1098844.9068640352 |   529166.5381749378 | -188683.89874166393 |   37608.62291177628 |
|          norm14 |  21590.331292106715 | -109588.95051200218 |  311905.46609042253 |  -659814.3102507197 |  1160167.3756676968 | -1797608.2185650605 |  2540667.0424268884 | -3347304.8022471173 |   4168288.989001614 |  -4948752.433699964 |   5629274.550547346 |  -6148173.053182015 |   6446556.697204261 |  -6476894.701331927 |   6214141.475950398 |  -5666088.504160961 |   4878157.238915487 | -3929565.2747900216 |   2922133.007498592 |  -1964710.590085428 |  1155133.8535521752 |  -560841.0914934363 |    201301.883457389 |  -40336.04916848948 |
|          norm15 | -17455.705703614265 |   88734.39751098602 | -253031.04300027635 |    536566.813290324 |  -946363.6821320372 |  1472052.2366376477 |  -2090777.116148682 |   2771585.794289355 |   -3477909.21661204 |  4168288.9890047014 |   -4796290.17622873 |   5310891.088723157 |  -5658773.903049267 |   5789786.950524419 |  -5666088.504123429 |   5273770.566366722 |  -4633341.319690725 |  3803878.6910027424 | -2877274.6343245907 |  1963355.7847288132 | -1168847.0967702249 |   573403.2714959923 | -207557.06466759375 |   41874.06116787254 |
|          norm16 |  13568.332141728013 |  -69053.29074015198 |   197201.1340670084 |  -418967.4731759364 |   740730.6911715537 |  -1155725.405611035 |   1647871.744675498 |  -2195177.591743361 |  2771585.7942771856 | -3347304.8022379223 |  3888240.0923228287 |  -4355414.509294966 |   4705445.643762708 |  -4893268.095746215 |   4878157.238861566 |  -4633341.319670875 |  4157711.7610004954 | -3485603.6277783536 |  2688934.5415391177 | -1867629.4740838315 |  1129109.2539089192 |  -561173.1978812092 |  205336.89471695432 |  -41793.40529472445 |
|          norm17 | -10036.401541409765 |   51124.31761677606 |  -146168.4540866708 |   311003.4272042643 |  -550887.8009320566 |   861588.9342414574 | -1232239.2743119097 |  1647871.7446881337 |  -2090777.116150985 |   2540667.042431762 | -2974029.4445668226 |   3363241.957888004 | -3676148.0169446818 |  3876970.0354154976 | -3929565.2747364338 |  3803878.6909773382 |  -3485603.627770223 |  2987162.0159227243 |  -2355459.070547956 |  1670215.5126953358 | -1028801.4685248283 |   519709.1106312798 | -192805.80282892837 |  39694.738140058136 |
|          norm18 |   6958.106210460451 | -35468.699896586455 |  101498.99659668919 |  -216208.6040129292 |  383539.48548224475 |  -600984.9043116596 |   861588.9342465485 | -1155725.4056274781 |  1472052.2366462154 | -1797608.2185761342 |   2117283.288754809 | -2412999.3295482276 |   2663021.706757158 | -2841952.9372237884 |  2922133.0074551837 |  -2877274.634302321 |  2688934.5415301295 |   -2355459.07054557 |  1901029.3218895954 | -1379804.3076141523 |   868965.3529106996 | -447875.45130107045 |  169097.76001482873 |  -35336.17906320709 |
|          norm19 |  -4419.458222180139 |  22540.337640177808 |  -64547.72732540744 |  137620.08506761235 | -244409.42959090695 |   383539.4854846336 |  -550887.8009394007 |    740730.691188639 |  -946363.6821444323 |  1160167.3756828383 | -1373248.5177183934 |  1574842.6972278412 |  -1751706.070087405 |   1887801.154921459 |   -1964710.59005584 |   1963355.784713381 | -1867629.4740773682 |   1670215.512693379 | -1379804.3076138883 |  1026925.7230589376 |  -663400.4164957344 |  350359.81781235593 | -135250.65828422556 |  28818.487695250697 |
|          norm20 |  2482.0943964159196 |   -12664.6821829658 |  36287.050451194955 |  -77420.55396350924 |  137620.08506644488 | -216208.60401231446 |   311003.4272060881 |  -418967.4731833807 |   536566.8132942356 |  -659814.3102560828 |     784065.61863618 |  -903660.6901422387 |  1011520.3624515061 | -1098844.9068359663 |  1155133.8535353523 |  -1168847.096761621 |  1129109.2539055075 | -1028801.4685239801 |   868965.3529107642 |  -663400.4164958808 |   440680.2833543128 |  -239523.4535395775 |   95074.78535984665 |  -20782.32195105461 |
|          norm21 | -1161.8465447504059 |   5930.188497483134 |  -16998.48973078429 |   36287.05045230384 |  -64547.72732667008 |   101498.9965988436 | -146168.45409081504 |  197201.13407469844 | -253031.04300652817 |    311905.466097665 |  -371790.9700968568 |   430200.8092533066 |  -483988.4939414882 |   529166.5381619129 |  -560841.0914858063 |   573403.2714922777 |  -561173.1978799426 |  519709.11063117534 |  -447875.4513013272 |  350359.81781257666 |  -239523.4535396652 |  134484.34919191338 |  -55244.85983805952 |   12491.02753147237 |
|          norm22 |  405.08984536788375 |  -2068.154525683407 |   5930.188497350668 | -12664.682183119701 |  22540.337640249636 |  -35468.69989676494 |   51124.31761754071 |  -69053.29074211325 |    88734.3975122599 | -109588.95051356312 |    130948.977479666 |  -151996.6143546016 |  171688.62200982682 | -188683.89873725944 |  201301.88345489604 |  -207557.0646664746 |  205336.89471668086 | -192805.80282903425 |  169097.76001502582 |  -135250.6582843746 |   95074.78535991882 |  -55244.85983807922 |  23640.884527615184 |  -5592.092826339551 |
|          norm23 |  -79.32911331651485 |   405.0898453628997 |  -1161.846544711414 |   2482.094396429369 |  -4419.458222176821 |   6958.106210470578 | -10036.401541552157 |   13568.33214213478 | -17455.705703888816 |  21590.331292456714 | -25848.003312261484 |  30076.680842532864 |  -34081.34437204094 |   37608.62291095243 |  -40336.04916804365 |   41874.06116769523 |  -41793.40529470948 |   39694.73814011096 | -35336.179063269694 |  28818.487695295913 |    -20782.321951078 |  12491.027531480637 |  -5592.092826341092 |  1406.1421796995612 |
