|                     Parameters |                      0 |                      1 |   2 |   3 |   4 |                      5 |   6 |   7 |                      8 |                      9 |  10 |
|             msh.spectral.index |  0.0013632309529114412 |  2.289366277782028e-15 | 0.0 | 0.0 | 0.0 | 1.2634408203485074e-05 | 0.0 | 0.0 |                    0.0 |                    0.0 | 0.0 |
|         msh.spectral.amplitude |  2.289366277782028e-15 | 2.1892474583216885e-26 | 0.0 | 0.0 | 0.0 |  5.769934910213958e-16 | 0.0 | 0.0 |                    0.0 |                    0.0 | 0.0 |
|         msh.spectral.reference |                    0.0 |                    0.0 | 0.0 | 0.0 | 0.0 |                    0.0 | 0.0 | 0.0 |                    0.0 |                    0.0 | 0.0 |
|              msh.spatial.lon_0 |                    0.0 |                    0.0 | 0.0 | 0.0 | 0.0 |                    0.0 | 0.0 | 0.0 |                    0.0 |                    0.0 | 0.0 |
|              msh.spatial.lat_0 |                    0.0 |                    0.0 | 0.0 | 0.0 | 0.0 |                    0.0 | 0.0 | 0.0 |                    0.0 |                    0.0 | 0.0 |
|              msh.spatial.sigma | 1.2634408203485074e-05 |  5.769934910213958e-16 | 0.0 | 0.0 | 0.0 |  4.323006508741171e-05 | 0.0 | 0.0 |                    0.0 |                    0.0 | 0.0 |
|                  msh.spatial.e |                    0.0 |                    0.0 | 0.0 | 0.0 | 0.0 |                    0.0 | 0.0 | 0.0 |                    0.0 |                    0.0 | 0.0 |
|                msh.spatial.phi |                    0.0 |                    0.0 | 0.0 | 0.0 | 0.0 |                    0.0 | 0.0 | 0.0 |                    0.0 |                    0.0 | 0.0 |
|      dataset-bkg.spectral.norm |                    0.0 |                    0.0 | 0.0 | 0.0 | 0.0 |                    0.0 | 0.0 | 0.0 | 2.9180675641719847e-06 |  6.857660741433344e-08 | 0.0 |
|      dataset-bkg.spectral.tilt |                    0.0 |                    0.0 | 0.0 | 0.0 | 0.0 |                    0.0 | 0.0 | 0.0 |  6.857660741433344e-08 | 2.7186516460700463e-06 | 0.0 |
| dataset-bkg.spectral.reference |                    0.0 |                    0.0 | 0.0 | 0.0 | 0.0 |                    0.0 | 0.0 | 0.0 |                    0.0 |                    0.0 | 0.0 |
