|                     Parameters |                      0 |                      1 |   2 |   3 |   4 |                     5 |   6 |   7 |                     8 |                     9 |  10 |
|             msh.spectral.index |     1.2776619815261785 | 1.9475814562498173e-12 | 0.0 | 0.0 | 0.0 |  0.012379740082855781 | 0.0 | 0.0 |                   0.0 |                   0.0 | 0.0 |
|         msh.spectral.amplitude | 1.9475814562498173e-12 |  2.021367128848753e-23 | 0.0 | 0.0 | 0.0 | 5.372635255551131e-13 | 0.0 | 0.0 |                   0.0 |                   0.0 | 0.0 |
|         msh.spectral.reference |                    0.0 |                    0.0 | 0.0 | 0.0 | 0.0 |                   0.0 | 0.0 | 0.0 |                   0.0 |                   0.0 | 0.0 |
|              msh.spatial.lon_0 |                    0.0 |                    0.0 | 0.0 | 0.0 | 0.0 |                   0.0 | 0.0 | 0.0 |                   0.0 |                   0.0 | 0.0 |
|              msh.spatial.lat_0 |                    0.0 |                    0.0 | 0.0 | 0.0 | 0.0 |                   0.0 | 0.0 | 0.0 |                   0.0 |                   0.0 | 0.0 |
|              msh.spatial.sigma |   0.012379740082855781 |  5.372635255551131e-13 | 0.0 | 0.0 | 0.0 |   0.04094105211976341 | 0.0 | 0.0 |                   0.0 |                   0.0 | 0.0 |
|                  msh.spatial.e |                    0.0 |                    0.0 | 0.0 | 0.0 | 0.0 |                   0.0 | 0.0 | 0.0 |                   0.0 |                   0.0 | 0.0 |
|                msh.spatial.phi |                    0.0 |                    0.0 | 0.0 | 0.0 | 0.0 |                   0.0 | 0.0 | 0.0 |                   0.0 |                   0.0 | 0.0 |
|      dataset-bkg.spectral.norm |                    0.0 |                    0.0 | 0.0 | 0.0 | 0.0 |                   0.0 | 0.0 | 0.0 | 0.0027450536142648763 | 0.0001266631371922456 | 0.0 |
|      dataset-bkg.spectral.tilt |                    0.0 |                    0.0 | 0.0 | 0.0 | 0.0 |                   0.0 | 0.0 | 0.0 | 0.0001266631371922456 | 0.0028085257057936324 | 0.0 |
| dataset-bkg.spectral.reference |                    0.0 |                    0.0 | 0.0 | 0.0 | 0.0 |                   0.0 | 0.0 | 0.0 |                   0.0 |                   0.0 | 0.0 |
