|                     Parameters |                      0 |                      1 |   2 |   3 |   4 |                     5 |   6 |   7 |                      8 |                      9 |  10 |
|             msh.spectral.index |    0.06172313404821614 | 1.0024373490638008e-13 | 0.0 | 0.0 | 0.0 | 0.0005877562149318717 | 0.0 | 0.0 |                    0.0 |                    0.0 | 0.0 |
|         msh.spectral.amplitude | 1.0024373490638008e-13 |  9.847334668706874e-25 | 0.0 | 0.0 | 0.0 | 2.588763609635943e-14 | 0.0 | 0.0 |                    0.0 |                    0.0 | 0.0 |
|         msh.spectral.reference |                    0.0 |                    0.0 | 0.0 | 0.0 | 0.0 |                   0.0 | 0.0 | 0.0 |                    0.0 |                    0.0 | 0.0 |
|              msh.spatial.lon_0 |                    0.0 |                    0.0 | 0.0 | 0.0 | 0.0 |                   0.0 | 0.0 | 0.0 |                    0.0 |                    0.0 | 0.0 |
|              msh.spatial.lat_0 |                    0.0 |                    0.0 | 0.0 | 0.0 | 0.0 |                   0.0 | 0.0 | 0.0 |                    0.0 |                    0.0 | 0.0 |
|              msh.spatial.sigma |  0.0005877562149318717 |  2.588763609635943e-14 | 0.0 | 0.0 | 0.0 | 0.0019695390045858458 | 0.0 | 0.0 |                    0.0 |                    0.0 | 0.0 |
|                  msh.spatial.e |                    0.0 |                    0.0 | 0.0 | 0.0 | 0.0 |                   0.0 | 0.0 | 0.0 |                    0.0 |                    0.0 | 0.0 |
|                msh.spatial.phi |                    0.0 |                    0.0 | 0.0 | 0.0 | 0.0 |                   0.0 | 0.0 | 0.0 |                    0.0 |                    0.0 | 0.0 |
|      dataset-bkg.spectral.norm |                    0.0 |                    0.0 | 0.0 | 0.0 | 0.0 |                   0.0 | 0.0 | 0.0 |  0.0001351537636483104 | 3.1300003201917526e-06 | 0.0 |
|      dataset-bkg.spectral.tilt |                    0.0 |                    0.0 | 0.0 | 0.0 | 0.0 |                   0.0 | 0.0 | 0.0 | 3.1300003201917526e-06 |  0.0001261422647370861 | 0.0 |
| dataset-bkg.spectral.reference |                    0.0 |                    0.0 | 0.0 | 0.0 | 0.0 |                   0.0 | 0.0 | 0.0 |                    0.0 |                    0.0 | 0.0 |
