1.0362134782697628e-12   9.349126384431386e-14   2.2875999292498608   0.06020113637103017   1.0015559406016037   0.0020684210922826914   -0.0001849503717724017   0.001959874691747126   
1.2022957072752742e-12   9.747460823199387e-14   2.4552966943999213   0.06615493105915454   1.0006597613717458   0.0020672767555261267   0.0023190713895707388   0.001964532668579174   
8.005088837105175e-13   7.622390806494321e-14   2.1184404627657063   0.055459509142789694   1.001395930219153   0.0020667756243019546   0.0006220084643082803   0.001960297156911417   
1.1308703421581695e-12   1.1562326714747162e-13   2.497298391916939   0.0806941405931967   1.0011945025438547   0.0020704816650887483   -0.00034911830215645924   0.0019615421568491102   
8.386831492245166e-13   8.88255743434286e-14   2.2625657906005823   0.06945954357836695   0.9988897240109542   0.002062546677890625   -0.0017454366935390428   0.0019587424175503683   
1.040564665144573e-12   9.19692106769478e-14   2.355342830211143   0.06508643678144178   1.0002826168642558   0.0020666668149725755   0.001522869440705399   0.0019636775455142744   
1.0692036833285498e-12   9.054433153627438e-14   2.280624582522923   0.0582318516100495   0.9969945358724922   0.0020627806035109675   -0.0031316782047176458   0.0019595241915427363   
1.0134287347009379e-12   1.014531534156272e-13   2.1728264943094358   0.05312769112375185   0.9973439150385639   0.0020674135866822945   -0.0013473516629953241   0.0019622630733717936   
9.99262627241656e-13   9.154481125453101e-14   2.3220785398412835   0.06384424094830506   0.9981189307440009   0.002063536986959795   0.00022010785959235082   0.001963058322506249   
9.71034106622339e-13   9.480490687362837e-14   2.2299894591124363   0.05861983061769012   0.9995341610189241   0.0020666709157854853   0.0031063224286260707   0.0019671074472874927   
1.0095187349089739e-12   8.919839177352504e-14   2.2385495117531886   0.05764719552677205   1.0057333634273564   0.0020728817931349812   0.004878323799352809   0.0019638095796768347   
9.100286623109922e-13   8.867376682251114e-14   2.2177732783229334   0.061067751002954945   0.9999722378386253   0.0020656248754021703   -0.000927185581951501   0.0019595443644114733   
8.097788971785501e-13   8.126999300438405e-14   2.159800121053836   0.058985998403276715   0.9940786522616971   0.002058318539941184   -0.004849463916684776   0.001958574198784626   
1.2138285133655642e-12   1.0067432353561602e-13   2.457804121525467   0.06679293182852052   1.0016338759946115   0.0020675767263117354   -0.0006636718856852173   0.0019585259843925692   
1.0901013227307826e-12   9.664607348022428e-14   2.400979886493274   0.06868524284072405   1.0027256661786406   0.002069254434596535   -0.0018699959395664229   0.0019562007414777563   
1.090563502623929e-12   9.732074253794701e-14   2.421995341609029   0.06922225970845934   1.001536633614507   0.002067510392053546   0.0005073304838344695   0.0019604422015487887   
8.619893982860889e-13   7.775442209734369e-14   2.0938151741004347   0.05152113246352965   1.0029865867319767   0.0020687385608945687   0.0016384189214738432   0.001960848004541131   
1.0655188321705478e-12   9.314589135892594e-14   2.3170459648081145   0.06172247566473602   0.9968721757569952   0.002062870903457277   -0.0005718332480693585   0.0019637060289131453   
9.96075091461026e-13   9.001423342646088e-14   2.281411246606238   0.05957423933117758   1.0001854324990838   0.002067297601628922   -0.00033549004436293127   0.0019604706291483642   
9.107291134490583e-13   8.781333559879514e-14   2.268198080983741   0.06468381276562432   1.0005240835993763   0.002066723698085449   -0.00029307126828216347   0.001960528491214809   
9.727553118765893e-13   8.883183935303673e-14   2.3362946127051765   0.06454123227651193   1.0015494011222918   0.0020677414349493826   0.0008915594411780515   0.001960721408399751   
1.0009443076548587e-12   8.753575506505952e-14   2.2243087578705136   0.055891086950470514   0.9973353840657977   0.0020633250334301714   -0.0015087282805635158   0.001961537484713608   
1.0781944349066727e-12   9.047047536366826e-14   2.3192840686416374   0.059944139949819605   0.9986823213558044   0.00206491113835392   -0.000876208228197527   0.0019613131880215954   
1.0072421783215994e-12   8.965263501579056e-14   2.2837122046568874   0.05926013305786072   1.0024548312633639   0.002067539192078131   -0.0004688926842438166   0.001957559818968319   
8.790890234163736e-13   9.439146153655602e-14   2.1500255269670374   0.05757319635031304   1.002899686245028   0.0020714753215780785   0.0013275869545803889   0.001961776803535678   
1.0400812547602246e-12   9.530850562893686e-14   2.302444472496093   0.06261163230983419   1.0002811895930446   0.0020665128023153825   -0.0017788181386177702   0.0019583942387392667   
9.762719015459159e-13   8.930853621981845e-14   2.28571129407886   0.06197910151974538   0.9980067190677274   0.0020637716447981075   -9.33727926277398e-05   0.0019630533675837705   
1.1449614680281434e-12   9.897348933577896e-14   2.4172886405949554   0.06604675366000894   0.999331595577516   0.0020651655946874545   0.0011775801108623433   0.0019635170089154926   
8.175350374109772e-13   7.68750370659876e-14   2.1242239498400153   0.055293960056856994   1.0013602914152364   0.002066470440485918   -0.00045277564497975465   0.0019586741888632494   
1.0206587615328275e-12   1.0365529748944579e-13   2.260559929597705   0.058903978441278364   0.9978045032216851   0.002066539836906544   0.0005048596540370877   0.0019652862186701143   
9.59924915379329e-13   9.13783565251233e-14   2.2940843862779188   0.065430797672027   0.9935040949723376   0.002059029457812001   -0.002013035972433442   0.0019646864841914927   
1.1160445430746421e-12   9.64195490251652e-14   2.363018399289941   0.062236855984769655   1.000710035287107   0.00206646501328777   0.0011667721090674408   0.001962081670078945   
1.0153121929890384e-12   9.226522040578376e-14   2.3243202459154695   0.06269680271508431   0.9963431025405424   0.002062837970907415   -0.0009919075951389867   0.001963252835254959   
1.1308418072927277e-12   9.540261662510826e-14   2.485334603691452   0.07078049778896386   0.9979023576785526   0.0020640388342748114   8.733301398877529e-05   0.0019634312248604326   
9.85702414832331e-13   9.30479600701691e-14   2.2866308958769843   0.06452560028862762   1.0018250046850647   0.0020676310842262196   -0.002317900168430889   0.0019560105733276477   
1.0696029083343157e-12   1.1007624635112413e-13   2.4101677147571468   0.07592419137464165   1.0006813511762518   0.002068757069322546   -0.0012753376449027997   0.001960864131005736   
9.966063871083026e-13   9.035052501471339e-14   2.3106937936486367   0.06441847104269434   1.0026526403384073   0.002068975593143594   0.00020058440962167438   0.001959442304718871   
9.71646711779765e-13   1.0601058960571695e-13   2.348361563011663   0.07212377391952146   0.999173541685836   0.002068674618834405   0.0007703993576767611   0.00196497052780663   
1.0235635375017803e-12   9.475847661148384e-14   2.433660854732551   0.0728982853579512   0.9993725131106072   0.0020649513170618106   -0.0005434379661916043   0.0019608217783330215   
1.2431751679020821e-12   1.0151195606164318e-13   2.4835021724402093   0.0699193636880494   0.9992749767676247   0.002066092326778346   1.9117979321906098e-05   0.001962896515369286   
8.536930044444532e-13   8.308462011668938e-14   2.20967009216931   0.0606986752610127   0.9986172264383706   0.002063497820373906   -0.0032007707799824826   0.001956880768108671   
1.0344984616382028e-12   1.0771877214646994e-13   2.2389634537729184   0.060645237262100984   1.0024428002318297   0.0020737739853741864   0.0034105321304854106   0.0019661939250341814   
1.0491319180683051e-12   8.947841766841538e-14   2.222023529747206   0.0548280405188715   1.000122167465276   0.0020663450619401304   0.0031618779423584044   0.0019664032115441167   
1.0593509229729406e-12   9.43363035586064e-14   2.37611321692786   0.06682315735448471   0.9987588762061004   0.002065361062132109   -0.0013556456541687588   0.001960728221015963   
1.0710553605696289e-12   1.0585611269816845e-13   2.3689822874751645   0.06425477707069507   0.9996361027402584   0.002068277315224492   -0.0010255907642884273   0.0019604648046693328   
1.0211057929143512e-12   8.828788971626277e-14   2.276307660189719   0.05888333731857272   1.0010738444896266   0.0020672654441976426   0.0012500364437406741   0.0019623508100936626   
9.894993170287207e-13   9.952061687307791e-14   2.2995741466476876   0.061953379362887966   0.999362461191262   0.002068046863715907   0.0015428945019489138   0.001964589393484622   
1.0405721152458881e-12   9.15129754707176e-14   2.3875682936793496   0.0656498723780423   0.9963230983424025   0.002061460715865265   -0.002109300535209546   0.0019610216131916358   
9.165941628872017e-13   8.996882891915921e-14   2.312630327773363   0.06666215672278034   0.9983064929581282   0.002062727156604516   -0.0012554309017469836   0.001960000855815628   
1.22032782420905e-12   1.1225704638144267e-13   2.43383849974439   0.0660674350644556   1.0002172021943179   0.002070147908657495   -0.00027360973040873953   0.001961667642846296   
1.1979736965315793e-12   1.0295919650478494e-13   2.501332698340949   0.07347738224487776   0.9977660504652356   0.002063784739354426   -0.002782326124736   0.001959379992764873   
8.183814037018674e-13   7.5573271302765e-14   2.0959404183448793   0.05319779193255475   0.999995336806334   0.002064982665105952   -0.0008709454881483502   0.0019594254946885803   
8.286177075808896e-13   8.04789144036645e-14   2.160565466949974   0.05792064316165791   1.0008376237796865   0.0020663863262624627   -0.00023199258946981593   0.0019595049594346263   
9.104285235256793e-13   9.462006154413554e-14   2.2594245076957438   0.06187139409170588   0.9978955992328138   0.002065415887818213   0.0006979835997649548   0.001964428763545979   
1.1046144618384841e-12   1.072804644359405e-13   2.2862777015183435   0.05906691136662065   1.0000880593158448   0.0020707582204937485   0.003340294541644195   0.001967889027559692   
7.960423829411935e-13   7.917614167690768e-14   2.120590927536568   0.056714998722490216   1.001074814600184   0.002066476173458303   0.0019248533224263307   0.001962592502071891   
1.0363574977421178e-12   9.823400435395493e-14   2.3546779816295804   0.0669021940458453   1.002894307415614   0.002070378614033265   0.0019499809911734333   0.001961883702011654   
1.0988049534647055e-12   9.919058487818653e-14   2.5013344023744812   0.07719821565895557   0.9984620929420761   0.002063542538295864   -0.002500350919124796   0.0019587304122311413   
1.0005920689860388e-12   8.647508373251784e-14   2.2156247850659327   0.05485198892301182   1.0048000161959347   0.0020712963188653758   0.0035595759169107623   0.0019621381227328456   
1.0274482253199961e-12   1.0043300386375502e-13   2.317864009401002   0.06283338633323253   0.9989339221563412   0.0020678106545899454   2.8889077581511325e-05   0.0019629320972663006   
9.735730882249132e-13   8.220534442771202e-14   2.1834702402332433   0.051956424916577655   1.004122944951826   0.0020701530892945487   0.0023568024877739543   0.0019604475276973478   
1.0998778326613898e-12   9.893521235714906e-14   2.481259915924313   0.0744625510147183   0.9980672104223515   0.002063290721678021   -0.0031723235340576856   0.0019578945633868523   
1.0013443703480541e-12   9.206709193944008e-14   2.4086658262855654   0.07257185919053794   1.0003262499788084   0.0020665408857754404   -0.0005957189776832451   0.0019603647433205783   
8.770679882330117e-13   7.803771710218506e-14   2.1415828037214144   0.05370723208572374   1.0002939918283535   0.0020661773444199316   -9.433603048554359e-05   0.0019605072282270963   
9.85435842388089e-13   8.807067583933396e-14   2.2538032969053297   0.058704929264338734   0.9978247536853859   0.0020638548766904767   -0.0015732338241282967   0.001960814202700864   
8.586476032477829e-13   8.794566768581046e-14   2.1389053126926214   0.05540389669237368   0.9968048211636737   0.0020639003962004934   -0.002333686000517096   0.0019607748257841956   
9.703476148199603e-13   8.733063527396325e-14   2.3284977552656594   0.06320075637059648   1.0019823313132847   0.002067363097949016   -0.0002594858653460705   0.0019582601818003507   
8.763263119630526e-13   8.671084346361503e-14   2.2009150718639408   0.06082159858943413   0.9998309641145298   0.002065046242740343   -0.0014086004009165563   0.0019587093972864805   
8.528368927078717e-13   9.040467057881354e-14   2.292402962040717   0.07014846186443052   0.9981341420955168   0.0020632315282059573   -0.0020335452758774744   0.001959252213709179   
9.084567028676188e-13   9.385812531304784e-14   2.199983701429932   0.058188543977633136   1.0045669798104324   0.002073880949128453   0.004348869335747207   0.0019640622717006064   
9.74842145416222e-13   9.653400233663993e-14   2.3309076620118723   0.06599395872127278   1.0009242446484117   0.002068006912246523   0.0018435213363871843   0.001963178968195422   
8.007040455058788e-13   7.981546463286677e-14   2.058591596394247   0.05297393276055459   1.0026308940446467   0.0020688261586944124   0.00014833772748642333   0.0019586420183202655   
9.682086693415234e-13   8.789811465408101e-14   2.2557798199869863   0.059401355370270824   0.9972381898162419   0.0020628831786868294   0.0008045590821270989   0.0019650794677395105   
9.143156650438092e-13   9.450484397571877e-14   2.226575137249035   0.06099846078786868   1.0039667152618958   0.002071195328940633   -0.000317809822504782   0.001957806006171603   
9.683068700665437e-13   9.294857084543462e-14   2.363262001178349   0.0695191853215386   1.0014220461687109   0.0020677171845858116   0.0015348126853585438   0.0019621157003460914   
1.1086135694214387e-12   9.080559638400397e-14   2.311690966177755   0.05862862383052581   1.0013991537428357   0.0020683226122605656   0.002510877996687914   0.001964370081379533   
8.998618954111879e-13   8.866718800337327e-14   2.262346731138269   0.06346944432238001   1.002573935377184   0.002068525664980856   -4.699272058176813e-05   0.0019582070165404183   
9.853044365265946e-13   8.868012500342645e-14   2.3032921403610866   0.0605022982598543   0.9968123765458385   0.002062030930746835   -0.0011709015668352608   0.0019618945825769576   
1.0061687909302332e-12   9.026089101248046e-14   2.34023248514048   0.06541966201727226   0.9989044911363799   0.0020646367251139024   -0.003031103995027892   0.0019576224202519222   
9.946119790985564e-13   8.760616244324621e-14   2.2667269630683475   0.05788291683258646   0.996379191529218   0.0020619198906616136   9.340172989434479e-05   0.0019644719186897165   
8.90137051571394e-13   9.23102722420014e-14   2.3724718273835332   0.07568889856320792   0.998601950730897   0.002064482352387141   -0.0004757888426677886   0.001961652710997801   
1.0996631561473795e-12   9.30847285284793e-14   2.373542081359772   0.062434724743311416   0.9992908981018744   0.002065326015266198   -0.0007803051777417742   0.00196056198151386   
9.981089763764143e-13   8.615482659333285e-14   2.2307724242461666   0.0560420673912473   0.9996762493898849   0.002065477784018328   -0.0003386745291909231   0.0019609098195043162   
8.820582246976171e-13   8.736034715855598e-14   2.1987451852315685   0.06067750994868243   1.0009896114140462   0.002067177799473544   0.0016915793398480537   0.001962875318834876   
1.0275917107534383e-12   8.761635180549241e-14   2.3023935271762905   0.060199929905031584   1.0041977094732721   0.002070180094516312   0.00024045368497766057   0.001957513722000797   
1.0741644088392745e-12   9.714238149569914e-14   2.3966982699039465   0.06910551708818431   1.0006808730064307   0.002066229566923712   0.0021927189770047967   0.001964074220419072   
1.1241641181960001e-12   9.82621013096978e-14   2.4281517189840915   0.06889353530306563   0.999901849379523   0.0020665948864626678   0.0003362905591849649   0.0019623029053179343   
1.0145607523299334e-12   9.803386685576675e-14   2.2377547637052793   0.05711105379466322   0.9995246612111293   0.002068979382386691   0.0007466981205589738   0.0019636904452371854   
8.34948929475614e-13   7.730801267348329e-14   2.10835722139492   0.05290588157487393   0.9985870769012007   0.002063316068935313   -0.001177265540797309   0.001959976233406612   
1.0715773042288525e-12   9.514602771124822e-14   2.4195571890741157   0.06844758992439412   1.0007358614748276   0.0020665521792778154   0.00034510265587119017   0.001960892674930056   
1.0832510950943612e-12   8.997346976402086e-14   2.2625822585465087   0.05490615715880301   1.0000218017805265   0.0020660744764150665   0.0018993204187210443   0.0019641947305220255   
9.840053742146042e-13   8.778758428052966e-14   2.288762015336179   0.060587496883250075   1.0008950033634438   0.0020667686407646363   0.0012674336187280153   0.0019621008463492143   
8.880305123573525e-13   7.918165956367413e-14   2.169786972748186   0.055625239856182264   0.9991372118083353   0.002064344578952933   -0.0006853019503253943   0.001960745192892   
9.55202399709992e-13   9.135194288803948e-14   2.2822175800938713   0.06467961535914213   0.9994848275788546   0.002065434678449529   0.0003982610522326579   0.001962483540989536   
1.0684483485891587e-12   1.1105640242728338e-13   2.3186974125267112   0.06215518726302654   1.0013646075909006   0.0020732131646948914   0.0022200909440799168   0.0019650228303084503   
1.0556618538005458e-12   8.892002393471339e-14   2.284946458821411   0.05641409130372592   1.0025242433732604   0.0020685940732478613   0.0022356307949208355   0.0019619059699155905   
9.307220895463783e-13   8.491800443547206e-14   2.254967381292646   0.059874121771987976   0.9981838220364472   0.002063739723853376   7.009928853742051e-05   0.00196265106668402   
9.22446404686081e-13   8.937713765299544e-14   2.2737546155989516   0.06491680643167864   0.9982064335502115   0.0020639915627952135   0.00037928489117699995   0.001963639488134823   
9.45481835224278e-13   7.880772688326923e-14   2.152653759894118   0.05118464887395755   0.9972218177973748   0.0020620972315223795   -0.002335111166650988   0.0019598029611398874   
1.1494299076419748e-12   1.0086541498144896e-13   2.182962764047222   0.04865737885084195   1.003210594088601   0.0020727570724886827   -0.0004418062047555133   0.0019585623063488257   
9.662535469669852e-13   1.0631195744997773e-13   2.3450780896679193   0.07309247923911814   1.0012537258586585   0.002068930969869872   -0.00012656924173959895   0.001961247512068466   
8.939038790054187e-13   8.775110004486991e-14   2.292475515624191   0.06634659065531757   1.0023061008762881   0.002068608634466159   0.002490856475659126   0.0019627327548133486   
1.046743150956628e-12   9.721680269156355e-14   2.4175191442364445   0.07076178814657595   0.9993273432904343   0.0020649033545689396   -0.001514164806959106   0.001959408362260835   
8.83110150178912e-13   7.832041251462467e-14   2.1362967458708533   0.0528034336791878   1.002633271331677   0.0020685178175780974   0.003187264549064815   0.001963325451406397   
1.149946953599939e-12   1.1435212889164457e-13   2.434393090299301   0.06899471857899474   1.0004445295889175   0.002071413002577595   0.004133902092687452   0.001968459907504494   
8.045768388620239e-13   7.930269267632908e-14   2.1577348422862443   0.0582264648580678   0.9983781158637881   0.0020631823035042324   -0.002332250025791529   0.0019583338694028154   
9.64153298615268e-13   8.512001043011834e-14   2.2213687038583494   0.055826428714399294   1.0034495491563926   0.002069441523957283   0.0027365747990489553   0.001961778784012267   
8.745352393138805e-13   9.462733552210446e-14   2.158353391383286   0.05850244649914264   1.001084776450074   0.0020700296233805283   0.0011724657351582749   0.001963122552138342   
1.0317946664525382e-12   9.58620059662849e-14   2.384628841498538   0.06910361883448778   1.0015224262309148   0.0020676945537016667   -0.00044163234673398475   0.0019590307904120605   
1.085041838816893e-12   9.191233280482085e-14   2.3459292745026823   0.061392065059802485   1.0022511857768865   0.0020682549806642445   -0.0010365711399229682   0.001957415042774983   
1.0053484768125663e-12   8.373950575068914e-14   2.200486893621524   0.05332886154967613   0.9989177274859711   0.0020650086159718843   0.0020595460641886026   0.001965675145195903   
8.712572594648071e-13   9.058237939813867e-14   2.2498096408574946   0.06750101232836592   1.003306136673757   0.002070356764842362   0.0034900723475208384   0.001964617696387071   
9.767991779216376e-13   8.586753877019812e-14   2.1847616885862924   0.05379772633917204   1.0006544057133864   0.0020668466369557293   0.0020288332948691693   0.001963670429023666   
1.2115068538867557e-12   9.669386639347139e-14   2.4219490951103673   0.06256949052474071   0.9989595264104998   0.0020647604874285057   0.0006306861070154285   0.0019632277679811783   
1.0177234058958433e-12   9.112419367822e-14   2.2529420973217076   0.057304959640913526   0.9985956868506745   0.002066160282831597   0.00022010934811835623   0.001963294852028816   
1.1641343306282614e-12   9.985664180146627e-14   2.4237953322398837   0.06790414795380792   0.9982552623418146   0.0020652459524608496   0.00010073991169505727   0.0019638947908190885   
1.0995974443838597e-12   9.422021969161584e-14   2.371165718661495   0.06298879563806295   1.0000881099380736   0.002066175552990747   0.0034376075161610662   0.0019664176790930533   
8.022404164812688e-13   9.484160462764686e-14   2.135640492893518   0.05877477225474144   0.9974935644110899   0.002066201300933782   -0.0034112171951006616   0.0019583714579531845   
1.0231411740687211e-12   8.988498304550393e-14   2.2920496764511324   0.06049597088730289   0.9981788739477149   0.002063585829594813   -0.0036481235724053914   0.0019572302205386675   
8.95338437581118e-13   8.798082637089289e-14   2.250019303815533   0.06346802142390653   0.9997039740978547   0.002065657236154548   -0.0007056760690842237   0.001960218461153166   
1.1231121605644843e-12   1.0718158051555406e-13   2.3634789286817934   0.0657598925757332   0.9977778010838594   0.0020659224375143086   0.0013384599519239743   0.001967091692812075   
1.2142995496135454e-12   1.0012667302713005e-13   2.517010863142871   0.07217322148217577   0.998026940716097   0.0020645887431081497   -0.001388288904876478   0.0019615122907461367   
1.104366726188372e-12   1.011539464932028e-13   2.3675228639366352   0.06618760189810155   1.0008672502153544   0.00206794661036456   -0.00030617992657481596   0.0019608630833428467   
1.2089766887105312e-12   9.374719228020653e-14   2.3179809916346037   0.05604975669894751   0.9982425136134688   0.0020646393230472943   0.0007203264284700767   0.0019648924451667674   
9.344103498710439e-13   9.422782175766653e-14   2.216499118267211   0.0584481844827572   1.0004745240070956   0.002068635949136676   -1.2276459090443838e-05   0.0019609975184408457   
8.894038146049738e-13   8.734891576725816e-14   2.242012830198623   0.06312247731313113   1.002011438402819   0.002068301560694584   0.0018539586592623213   0.0019621594099412864   
1.227388237168401e-12   1.0625585098834394e-13   2.3954152473624943   0.06077027546158455   1.0004121957266758   0.002069616483676071   0.0008023988149963758   0.0019633404187047194   
7.939864933979879e-13   7.325645996212091e-14   2.0587467010460165   0.051768101125086244   1.0004843522086901   0.0020655764408298214   -0.0006194506618724321   0.001959433114972655   
1.2218477996899075e-12   1.0110874014250782e-13   2.4929069010372893   0.07108492645801746   0.9996366534721923   0.0020660264575262485   0.001956919214094172   0.001965277474698673   
9.347238214011557e-13   9.411795115981353e-14   2.3328234366239116   0.07227267093923585   0.9999269943392691   0.0020666023183303355   0.002587134932284193   0.001966018271794088   
1.057072651016492e-12   9.251860547147908e-14   2.2916615278260855   0.060660814999952926   0.996665627355394   0.0020622173932112607   -0.0029225170488451795   0.0019602289262684877   
1.1021078576660262e-12   9.712966237313197e-14   2.43443999369733   0.06823257573316877   0.9978790363211019   0.0020643306853506695   0.0005167909409767233   0.0019640044010398668   
9.749572210423947e-13   9.174332827577813e-14   2.272188530393053   0.0635914837308027   0.9980743791973561   0.00206439406215012   -0.0011644985271318108   0.0019618823679337922   
9.487855582522984e-13   8.506191848062032e-14   2.2025295615398086   0.05534236172730461   1.0001046432571226   0.0020656863008604695   0.0011544319323175515   0.0019624319949769426   
7.711458013142975e-13   7.591961387615324e-14   2.074080186101187   0.05436642710815636   1.0014049176634445   0.0020665848568379953   0.002512995433355107   0.0019633190691196807   
1.090806346593774e-12   1.2054810191610304e-13   2.3963517843164914   0.06726871814350265   0.9988477220675471   0.002071841918413466   -0.0024808278253426064   0.001959549878771771   
9.573310362816194e-13   8.98439441176388e-14   2.292037224913972   0.06378508459372037   0.999977248329899   0.0020649686000083238   -0.0002630076212166474   0.001960416782782685   
1.0325971502743013e-12   1.03979494832323e-13   2.2738296188498826   0.06225410151073566   1.0002688485742983   0.0020681295039178043   0.002448957999914565   0.0019658878659292423   
1.0322693307448199e-12   9.229259089949574e-14   2.3429595601870927   0.0637758115232238   0.9992107800847094   0.002064830714890442   -0.0015667251502728347   0.0019593033228856734   
1.1663887613986528e-12   1.0532652545483621e-13   2.5831985087157587   0.08492675179008893   1.0008952686652595   0.002068274338590787   0.0015393795356460937   0.001963774730356318   
1.033650960605423e-12   1.008132451174754e-13   2.4516975274289674   0.07616466565918935   0.999749284700282   0.0020661661540145415   -0.0010800129416385692   0.001960063188955976   
8.605468235653444e-13   8.175086259935611e-14   2.1789506449897402   0.05729261504919636   1.000415133251206   0.0020658397527567336   0.002205010151111524   0.001963703233832395   
9.636233624323077e-13   8.885443472203803e-14   2.265925477386989   0.06137691378873832   0.9988682066899391   0.0020640104170941277   -0.0038430900054115206   0.001956140640466527   
1.0410580261784168e-12   9.073424119239158e-14   2.2920369443889412   0.06014496036957001   1.0026263394396555   0.002068830230689338   -0.0007165301353568197   0.00195777619508456   
9.31097463377294e-13   9.189495208826479e-14   2.240836292615624   0.0620414053259564   0.9997075152741843   0.0020658044891977024   -0.0014695585152496495   0.0019595492803165747   
1.172982424471522e-12   1.0560008881549484e-13   2.386718856178169   0.06478674850919802   0.9972786440708101   0.002067548419281443   0.0004220834816899216   0.001966250830112679   
1.1930578317087721e-12   1.0284596556830036e-13   2.5186483985915262   0.07443220524380788   1.003157674275527   0.002069427643787537   0.0025683111381320078   0.001962474925009837   
1.059626573374268e-12   1.0041674350981408e-13   2.4400434200493737   0.07220788427852554   1.00061220798281   0.002066035667508417   -7.580217050472503e-05   0.001960113865003286   
1.0130848733624295e-12   9.149085073491223e-14   2.3564954886394305   0.06595693129460004   1.000555183476386   0.0020663014504589887   -0.0019302353654044061   0.0019575838275329065   
1.02054315623011e-12   8.690879550208009e-14   2.2309419051356563   0.055182360592803084   0.9992532465627171   0.0020650599561699646   -0.000854966983101669   0.0019605077609908886   
1.044069415162436e-12   9.538574320329174e-14   2.377671608497087   0.06775361512978849   0.9993394958747545   0.0020652311980269506   -1.832909843611293e-05   0.0019618284846893174   
1.1418055502070591e-12   9.933327105769417e-14   2.4952604487981294   0.07295551073778844   0.9987510464282485   0.002064145957786673   -0.001929331447115273   0.001959180019505513   
1.2251719410839313e-12   1.0094233838724224e-13   2.4953832745671867   0.07005524827368027   1.000315633214949   0.0020668428526971305   0.001144395119728351   0.0019631231498537095   
1.103946511801292e-12   1.093387828878114e-13   2.30518658074878   0.061280988654784686   0.9987483803186944   0.002067743069479438   -0.002520800822191364   0.0019595954905527483   
1.0560329807367704e-12   9.548835579121769e-14   2.402109297144178   0.06929031542636968   0.9994104700585574   0.002064971319652698   -0.0016352444227178892   0.0019591875624020132   
7.294098776328824e-13   6.860245986452938e-14   2.0477280733612977   0.05234980320253401   1.0008481768376036   0.0020660292746971505   0.0028826816982983755   0.001964065502973471   
1.1908557207780823e-12   9.412001003649561e-14   2.324361194306942   0.056707044896711765   0.9988313149720636   0.0020651108638579745   -0.0007139037231290376   0.0019617300401814377   
9.254923491992628e-13   8.392627109767156e-14   2.181031089828894   0.05672842886640805   1.0005798239404182   0.0020667770823153504   0.0014062037399221133   0.001963187044515674   
9.530638774620043e-13   8.417822836826677e-14   2.196759482040849   0.05622720797140567   1.0027022510130268   0.002069220550308933   0.0017228998719897627   0.0019615771816425182   
9.85114916925228e-13   9.551667008115872e-14   2.371545719937879   0.07038895831537667   1.0037399901246715   0.002070141577206286   0.0018064518190835425   0.00196031783363703   
9.448544139604949e-13   8.428589416366719e-14   2.255511791292744   0.059054829182646595   1.0010314267001497   0.0020669116337657576   0.0015453193079320354   0.001962252004013705   
1.1193726836490833e-12   9.54602351060193e-14   2.4191706587362733   0.06633286327461142   0.996130105165767   0.0020621215165527616   -0.0013486318788229574   0.001962924616612766   
1.0704735795217796e-12   9.69553212432474e-14   2.4484158853903746   0.07346414227928341   0.9988350333760766   0.00206487119499087   -0.0010703347515425151   0.00196099445864565   
7.918579749130805e-13   7.800848560065426e-14   2.176633208578306   0.06025538042000439   0.9996699490575436   0.0020649809328054923   0.0005657944631078172   0.0019617844508475965   
1.0701919129734634e-12   9.920038303190249e-14   2.4101558493700312   0.07237517673460364   0.9981068650916006   0.002064856587419045   0.0001730996639673658   0.001964182670620351   
1.1744259393480608e-12   9.509637636517192e-14   2.369231870421521   0.06097458280068828   0.9996976056715775   0.002066192486186813   0.001568832616566011   0.0019645369279401434   
7.6981066557986e-13   7.807549525757483e-14   2.1520294683169383   0.061409309452295086   0.9983272141157543   0.002063878740522041   -0.0007322440800445594   0.0019615153693099178   
8.981434436373949e-13   8.66425698213922e-14   2.1997433468111844   0.05861606175445601   1.0008970806686228   0.0020670007848352617   0.0017394144921976619   0.001962872321284455   
1.1876110971747443e-12   1.029399769117995e-13   2.425610799799277   0.06703098374217818   0.9989546764202275   0.002066605827176622   0.0006310639609647754   0.0019644788206127674   
9.826664667820025e-13   9.640784350164692e-14   2.325347575458502   0.06903863131829296   1.0017419784075365   0.002067174222165684   -0.0001161343426410968   0.0019591703938833566   
9.793876151835013e-13   9.77052849945183e-14   2.2778221842234077   0.06120035459114213   0.9980173022334333   0.002065986472462113   -0.0018914542327258465   0.001960680219349248   
1.0718915989623697e-12   9.973093789371388e-14   2.3967656038461254   0.07278914308401567   0.9992522000644738   0.0020656777824854455   0.00014296674247970672   0.00196320257127536   
9.816764544464965e-13   8.922896388040821e-14   2.306311001141193   0.06601272049038069   1.0007307756189774   0.002066541962809281   -0.0036405631527013775   0.0019555170621193356   
9.638908247499282e-13   8.796169913945952e-14   2.2314388617605823   0.05857782932198454   1.0012463111156322   0.0020673721373936126   0.0005418836853186374   0.001960873403784242   
9.7047832402561e-13   8.628751169828337e-14   2.2151139423582444   0.056699131965009426   0.9995988229209974   0.002065428828978204   0.00030248698969970183   0.0019621619692685725   
1.0568925150126166e-12   9.19436647482566e-14   2.3507953333969223   0.0632165133107861   0.9991779015315904   0.0020642255252152127   -0.002638302527067452   0.0019576052233474975   
9.027963915600006e-13   9.405689239862878e-14   2.1502797929073494   0.05674704653853412   0.9970960743167033   0.002064018072986527   -0.0033734304331613993   0.001959425205153195   
9.772381952771139e-13   1.0216373850441064e-13   2.2217370502676768   0.05896668054242087   1.002963377962378   0.0020728628972925653   0.003563984324114637   0.0019650892990927538   
1.0528175527276284e-12   1.0066501138684314e-13   2.290963614241996   0.059657593452306444   0.999425109756464   0.0020683678620584734   4.361136795250327e-05   0.0019628085998213   
1.1109323011488496e-12   9.616549887486551e-14   2.363080391619019   0.06423548108148705   1.0018039380589026   0.002066933934383546   0.0017118966291803184   0.0019621086365639883   
1.1579092642331028e-12   9.857566587183553e-14   2.435936729126813   0.06768767110982518   0.9983080199507536   0.0020643454781256415   -0.0025012759871422424   0.001959263770396107   
8.723160318023992e-13   8.344861962501964e-14   2.218952892185919   0.061246688289124544   1.003610049691875   0.0020699741904787123   0.004312702155831325   0.0019645030718799805   
1.143009732573768e-12   1.1047097290661074e-13   2.386790289513031   0.06740998782838196   1.003112125804383   0.0020722742869522972   0.0024044294496950377   0.0019637824116955425   
9.331684591852244e-13   8.308102875116937e-14   2.1734741344536204   0.05600366049446181   1.0015690693940746   0.002068023026126349   0.0005531277898671959   0.001961085358830776   
1.018960883114445e-12   1.1363047178573842e-13   2.3516258641515337   0.06778091997559248   1.002669221308998   0.0020719389325053583   0.0018311333660471375   0.001962924160272509   
9.597338990155105e-13   1.0649435179143596e-13   2.316295031227401   0.06709574536766433   0.9972613833774395   0.0020666435339378474   -0.003374369278697437   0.001959272620059813   
9.129643734333452e-13   8.03192006233307e-14   2.2039414216997057   0.05632267163274744   0.9980677513536795   0.0020634913832346534   -0.0014164592799920303   0.0019604179230242862   
1.105891828275508e-12   9.541833345198851e-14   2.4106573515362286   0.0670442955238367   1.0001337279348645   0.002066230267019739   -0.00013524448897363436   0.0019610455918025343   
9.358239716770257e-13   8.752704337657694e-14   2.2788033581136244   0.06327131225963818   1.000139597323006   0.0020660393204200785   -0.00021841556132582443   0.0019607029551457133   
8.923521280585893e-13   8.353987344153011e-14   2.2630732208876294   0.06121768745615352   0.9994373351320226   0.002064086445887163   -0.002077288053909995   0.0019575650722270673   
1.1030738272383625e-12   9.321286369871313e-14   2.38594658564076   0.0645413218081005   0.9981285843666774   0.0020641818539519005   -0.0018814894134247433   0.001960325713194415   
9.950836342028723e-13   8.904332675121497e-14   2.30108841013972   0.062371239992171104   0.9987341396878121   0.0020645406721398283   -0.0016245825789886125   0.0019600083094864313   
1.1740583967345487e-12   1.0388601065069322e-13   2.388426429383171   0.060947379472708715   1.0017152378606866   0.0020701991410188654   0.0018224345237962177   0.0019628437074915342   
1.0176637598593217e-12   9.229387898108643e-14   2.2933453769679506   0.06031390952434678   1.000426202466914   0.00206625508645562   -0.0010438936478751658   0.001959025930880875   
9.547857874578184e-13   9.196908018943809e-14   2.3560640268755026   0.06923998197453611   1.0007567440833556   0.002066444089074477   0.0019199426531279408   0.0019632739248953597   
9.82290467274091e-13   9.292670264316335e-14   2.3233120713692257   0.06677622397553053   0.999442231564554   0.0020650389420348476   -0.00016118712023427057   0.0019615434413029816   
9.947510374690494e-13   9.285823672804683e-14   2.2747339098529515   0.05962410783587907   0.9959696953124075   0.002062762305745169   -0.0012286993219423994   0.0019631779614527425   
1.2634831606453451e-12   1.0661223685772267e-13   2.5114800908900663   0.0700049135071965   0.9969725089114234   0.0020637868091987824   -0.0006023645215425734   0.0019637900389230393   
1.1608353653317437e-12   9.938072326921439e-14   2.4218527953437294   0.06750382183247963   1.0013292680744776   0.0020682134121434975   0.001494043757552152   0.0019628975413386756   
7.81744551686335e-13   8.437093918507059e-14   2.1764638834844465   0.06399209727776181   1.0007751899848105   0.0020665208274797797   -0.00042238597381096915   0.0019593290213300953   
