1.2255973976412907e-12  1.1334309322335602e-12  1.048195500917533e-12  9.693698812142104e-13  8.96472047230416e-13  8.290562220262555e-13  7.667101516482484e-13  7.090525841585968e-13  6.557309382446242e-13  6.06419147151714e-13  5.608156647552034e-13  5.18641621578178e-13  4.796391194790468e-13  4.4356965458075553e-13  4.102126587977067e-13  3.793641510416893e-13  3.508354898588183e-13  3.2445221986974417e-13  
1.5682538463966899e-12  1.3856899181580017e-12  1.2243786640131923e-12  1.081846012767047e-12  9.559059053705848e-13  8.446267667847065e-13  7.463018809289803e-13  6.594232143487149e-13  5.826582871273395e-13  5.14829736307458e-13  4.548972583796449e-13  4.0194165388639723e-13  3.55150729429328e-13  3.138068408551482e-13  2.7727588656715383e-13  2.4499758214987263e-13  2.1647686714634785e-13  1.9127631219164627e-13  
8.578029257950174e-13  8.306249431555616e-13  8.043080472740764e-13  7.788249561254541e-13  7.541492520677477e-13  7.302553544557061e-13  7.071184931219998e-13  6.847146826986484e-13  6.630206977520277e-13  6.42014048705682e-13  6.216729585259787e-13  6.019763401464377e-13  5.82903774607331e-13  5.644354898878907e-13  5.465523404091821e-13  5.292357871863917e-13  5.124678786099555e-13  4.962312318356025e-13  
1.5116948831458067e-12  1.320551385249196e-12  1.1535766777583062e-12  1.0077147821224486e-12  8.802961274160362e-13  7.689886917323288e-13  6.71755321414386e-13  5.868164469778948e-13  5.126175133510241e-13  4.4780052833809905e-13  3.911792085858122e-13  3.4171726817233255e-13  2.985094524561013e-13  2.607649700649694e-13  2.2779301979720117e-13  1.9899014754704134e-13  1.738292018607315e-13  1.5184968598706992e-13  
9.775771723726409e-13  9.102353575916176e-13  8.475324809386147e-13  7.891489824637617e-13  7.347873155656621e-13  6.841704305701047e-13  6.370403627696445e-13  5.931569177281144e-13  5.522964471498355e-13  5.142507090748429e-13  4.788258065912084e-13  4.458411996556981e-13  4.1512878498658957e-13  3.865320393394011e-13  3.599052217993093e-13  3.3511263102480475e-13  3.120279136571907e-13  2.905334203712919e-13  
1.2803792023451691e-12  1.1624878324297324e-12  1.05545135228061e-12  9.582702940663284e-13  8.700372163110615e-13  7.899282305352421e-13  7.171953080837484e-13  6.511592953056188e-13  5.912035718635763e-13  5.367682929569552e-13  4.873451616939979e-13  4.424726827998297e-13  4.0173185334095826e-13  3.6474225022784454e-13  3.311584779620658e-13  3.006669434584194e-13  2.7298292782642813e-13  2.4784792776860255e-13  
1.2594791510441575e-12  1.1669753747272165e-12  1.081265635950159e-12  1.0018509394510488e-12  9.282689392019252e-13  8.600912466671096e-13  7.969209367593247e-13  7.383902369734991e-13  6.841583862445822e-13  6.339096510638047e-13  5.873514873033787e-13  5.442128370479211e-13  5.042425505168948e-13  4.672079238906193e-13  4.3289334452719707e-13  4.0109903568291167e-13  3.7163989342796215e-13  3.443444089861504e-13  
1.1209853313210125e-12  1.0695394344635504e-12  1.0204545678796509e-12  9.736223757179597e-13  9.28939474952187e-13  8.863072271609536e-13  8.456315207814486e-13  8.068225633562215e-13  7.697946833144878e-13  7.344661408503767e-13  7.0075894748063e-13  6.685986938834236e-13  6.379143856382603e-13  6.086382865043285e-13  5.807057688913593e-13  5.540551711928932e-13  5.286276616670163e-13  5.043671085640829e-13  
1.2059175294062717e-12  1.1048274277482811e-12  1.0122115446036032e-12  9.273595000415268e-13  8.496204641234924e-13  7.783981649242762e-13  7.131463150226248e-13  6.533644213817281e-13  5.985939464805863e-13  5.484147912514778e-13  5.024420728470501e-13  4.60323172521945e-13  4.217350309856966e-13  3.863816704817904e-13  3.539919245867961e-13  3.243173583167414e-13  2.9713036258757903e-13  2.7222240841392786e-13  
1.1105303285949462e-12  1.043227172127066e-12  9.80002891088253e-13  9.206102871948166e-13  8.648171434961614e-13  8.124053164383009e-13  7.631698829524248e-13  7.169183392337523e-13  6.734698480780093e-13  6.326545318327145e-13  5.943128081988154e-13  5.582947662857437e-13  5.244595804803563e-13  4.926749598380661e-13  4.628166308433592e-13  4.3476785151736115e-13  4.0841895497268177e-13  3.83666920630898e-13  
1.1603260912474036e-12  1.0874716974476417e-12  1.0191916752283937e-12  9.551988095808553e-13  8.952239191123882e-13  8.390147237543278e-13  7.863347835639946e-13  7.369625041570611e-13  6.906902045866903e-13  6.473232437485515e-13  6.066792016369958e-13  5.685871120084066e-13  5.328867432239754e-13  4.994279242468244e-13  4.680699129583255e-13  4.3868080413648903e-13  4.1113697460612165e-13  3.853225632268204e-13  
1.033366903436526e-12  9.739691533830528e-13  9.179855756818023e-13  8.652199242992093e-13  8.154872333896189e-13  7.686131689120448e-13  7.244334175158847e-13  6.82793110553378e-13  6.435462811997281e-13  6.065553527778644e-13  5.716906564942091e-13  5.388299768949086e-13  5.078581234491606e-13  4.786665267578583e-13  4.5115285797209005e-13  4.252206700874001e-13  4.007790598563897e-13  3.7774234913452554e-13  
8.889377441626708e-13  8.511499041988917e-13  8.149683869033811e-13  7.803249091322217e-13  7.471540903885382e-13  7.153933294339233e-13  6.849826861449854e-13  6.558647683920525e-13  6.279846237265509e-13  6.0128963567264e-13  5.757294244273866e-13  5.512557517820731e-13  5.278224300852031e-13  5.053852350753996e-13  4.839018224196856e-13  4.633316477996393e-13  4.436358903946045e-13  4.247773796175526e-13  
1.5856157939469135e-12  1.4000761036171728e-12  1.236247206544584e-12  1.0915886298900628e-12  9.63857172414401e-13  8.510721194560708e-13  7.514845282533548e-13  6.635501073223867e-13  5.859052693352446e-13  5.173459861532659e-13  4.568091181234152e-13  4.033559281135924e-13  3.561575246412273e-13  3.144820083636992e-13  2.7768312261292495e-13  2.4519023197946896e-13  2.1649947354541727e-13  1.9116594354936487e-13  
1.3775397179562554e-12  1.2352823217920614e-12  1.1077157301829922e-12  9.9332283579898e-13  8.907432017388873e-13  7.987568823038818e-13  7.162699145862744e-13  6.42301308330067e-13  5.759713793379274e-13  5.164912876776483e-13  4.63153656269443e-13  4.1532415828402856e-13  3.724339733032078e-13  3.339730225265554e-13  2.994839025727579e-13  2.6855644573231227e-13  2.4082284197846206e-13  2.1595326472406225e-13  
1.395131216405695e-12  1.243930629848242e-12  1.1091167581076336e-12  9.889136528982031e-13  8.817378384553836e-13  7.861774518791102e-13  7.009736441909606e-13  6.250039970949357e-13  5.572677369853156e-13  4.968725514207613e-13  4.430228343936636e-13  3.9500920554573133e-13  3.5219916526293963e-13  3.140287625462706e-13  2.7999516589631934e-13  2.4965003934553903e-13  2.2259363637837895e-13  1.9846953393654792e-13  
9.105031760884148e-13  8.875770466970103e-13  8.652281886679413e-13  8.434420665242381e-13  8.222045107868041e-13  8.015017087587259e-13  7.813201955416319e-13  7.616468452782545e-13  7.424688626155023e-13  7.237737743824887e-13  7.055494214781042e-13  6.877839509628569e-13  6.704658083498378e-13  6.535837300897963e-13  6.371267362454382e-13  6.210841233501835e-13  6.054454574467373e-13  5.902005673009458e-13  
1.2821046495669318e-12  1.1762359196148397e-12  1.0791092123872221e-12  9.900026625953412e-13  9.082540123790258e-13  8.332556892726095e-13  7.644502906037536e-13  7.013264407643007e-13  6.434149905635566e-13  5.902855304168283e-13  5.415431914545327e-13  4.968257107770701e-13  4.558007390438497e-13  4.181633703859192e-13  3.8363387628401617e-13  3.5195562656976257e-13  3.2289318209846317e-13  2.9623054491787053e-13  
1.1738754336831617e-12  1.0874263513380762e-12  1.0073437399351916e-12  9.331587460042527e-13  8.644370443998113e-13  8.007762954913953e-13  7.418037896167958e-13  6.871742650076389e-13  6.365678864120179e-13  5.896883725797838e-13  5.462612616476296e-13  5.060323042684497e-13  4.687659750773542e-13  4.342440937795348e-13  4.0226454778696874e-13  3.7264010892548517e-13  3.4519733728445615e-13  3.197755657915681e-13  
1.0650499677402542e-12  9.901653171953174e-13  9.205458758490954e-13  8.558214419619201e-13  7.956478430216191e-13  7.397051056044037e-13  6.8769575391453e-13  6.393432279552166e-13  5.943904129194296e-13  5.525982719805664e-13  5.137445752128925e-13  4.77622717882761e-13  4.4404062182687307e-13  4.1281971407564976e-13  3.8379397729054223e-13  3.5680906696597517e-13  3.317214907016393e-13  3.0839784518091e-13  
1.1837090113254535e-12  1.080297836867566e-12  9.85920868367767e-13  8.997888596181783e-13  8.211815145300061e-13  7.494414635139487e-13  6.839687660959959e-13  6.242158937956494e-13  5.696831513098864e-13  5.199144977116006e-13  4.744937327164637e-13  4.330410161251007e-13  3.9520969133372305e-13  3.6068338634919277e-13  3.29173368065178e-13  3.004161276740094e-13  2.741711770217595e-13  2.502190374781278e-13  
1.1409482679874028e-12  1.0734580035598578e-12  1.0099599760463795e-12  9.502180335261953e-13  8.940099931216737e-13  8.411268146905586e-13  7.913718233966051e-13  7.445599782673262e-13  7.005171840185829e-13  6.590796435866662e-13  6.200932489599052e-13  5.834130080442832e-13  5.489025054315453e-13  5.16433395064373e-13  4.858849229118264e-13  4.571434778798606e-13  4.301021692867351e-13  4.0466042933192847e-13  
1.2990525755373244e-12  1.1910595349752714e-12  1.092044188641655e-12  1.0012602014648832e-12  9.180232828165048e-13  8.417060286229206e-13  7.717331922634672e-13  7.075773486089339e-13  6.487549185179054e-13  5.948225238252914e-13  5.453736453485158e-13  5.00035558720855e-13  4.584665249555556e-13  4.203532145644118e-13  3.854083458149177e-13  3.533685193241935e-13  3.2399223266778494e-13  2.9705806003831306e-13  
1.188631038092207e-12  1.1004067978975118e-12  1.0187308610101438e-12  9.431171900767624e-13  8.731158230902276e-13  8.083101957546525e-13  7.483146625936316e-13  6.927722020502517e-13  6.41352291922389e-13  5.937489424904268e-13  5.496788756329281e-13  5.08879839094537e-13  4.711090458746552e-13  4.3614172944999767e-13  4.037698062334498e-13  3.7380063730977733e-13  3.4605588207952593e-13  3.203704369893709e-13  
9.595335426158383e-13  9.211891500748303e-13  8.843770566917346e-13  8.490360295051261e-13  8.151072825141127e-13  7.825343788941414e-13  7.512631371204037e-13  7.212415408426933e-13  6.924196523617963e-13  6.647495295634954e-13  6.381851461720144e-13  6.126823151902553e-13  5.881986153994763e-13  5.646933207961539e-13  5.421273328486516e-13  5.204631154610151e-13  4.996646325357101e-13  4.796972880314455e-13  
1.2408764482469385e-12  1.1429396298450056e-12  1.0527325257206253e-12  9.696450641583028e-13  8.931153236696638e-13  8.226257327117633e-13  7.576995693445978e-13  6.978977371549702e-13  6.428157956422366e-13  5.920812249824031e-13  5.453509066721339e-13  5.023088030142448e-13  4.626638197510049e-13  4.2614783739022e-13  3.9251389790992375e-13  3.615345345783465e-13  3.3300023359370845e-13  3.067180171398926e-13  
1.1534284690709467e-12  1.0672369695186066e-12  9.87486246134263e-13  9.136950032233094e-13  8.454179105616982e-13  7.822429158275973e-13  7.237887578652205e-13  6.697026657733737e-13  6.196582299327178e-13  5.733534321233926e-13  5.305088228447599e-13  4.908658348373917e-13  4.5418522262940243e-13  4.202456186897898e-13  3.888421974751656e-13  3.5978543930739905e-13  3.3289998662217075e-13  3.080235856858991e-13  
1.460703098228101e-12  1.3040634060506401e-12  1.1642210994577052e-12  1.0393748970591652e-12  9.279166793489264e-13  8.284107748322166e-13  7.395754674219581e-13  6.60266486904627e-13  5.894622698195176e-13  5.262508008996795e-13  4.698178655817072e-13  4.194365622672549e-13  3.7445793924577097e-13  3.3430263567448737e-13  2.984534189447585e-13  2.6644852231003005e-13  2.378756969587245e-13  2.1236690191795778e-13  
8.790097556023643e-13  8.498227785013763e-13  8.216049369837694e-13  7.943240514998864e-13  7.679490110021802e-13  7.424497374662599e-13  7.177971515899945e-13  6.93963139631555e-13  6.709205213485805e-13  6.48643019001903e-13  6.27105227388486e-13  6.062825848693994e-13  5.861513453597939e-13  5.666885512489299e-13  5.478720072193813e-13  5.296802549355554e-13  5.120925485726661e-13  4.950888311582504e-13  
1.1882977433308418e-12  1.107043598919055e-12  1.0313454997165984e-12  9.608235310915286e-13  8.951237564452194e-13  8.339164408706318e-13  7.768943962743557e-13  7.237714396569002e-13  6.742809568136325e-13  6.281745642478437e-13  5.852208625803361e-13  5.452042751991261e-13  5.079239663206639e-13  4.731928330325177e-13  4.4083656625877707e-13  4.106927759353327e-13  3.8261017600445305e-13  3.564478251382952e-13  
1.139670972971653e-12  1.0521101042141347e-12  9.712765330007315e-13  8.966534013686426e-13  8.277635615287234e-13  7.64166524934658e-13  7.054556457550083e-13  6.512555207389778e-13  6.012195888503684e-13  5.550279153215512e-13  5.123851459584693e-13  4.730186186162946e-13  4.3667661977032227e-13  4.031267750344444e-13  3.721545633360154e-13  3.4356194524659517e-13  3.171660966979781e-13  2.927982399867615e-13  
1.379420286571604e-12  1.249799279277663e-12  1.1323584651383798e-12  1.0259532989262335e-12  9.295467857424379e-13  8.421993747555794e-13  7.630598026027968e-13  6.913567972158621e-13  6.263915612199789e-13  5.675309616506079e-13  5.142013596172161e-13  4.65883019779579e-13  4.2210504515296216e-13  3.824407878782152e-13  3.4650369123142784e-13  3.139435223505455e-13  2.844429589641498e-13  2.577144968576239e-13  
1.2268904194321898e-12  1.1233574460828833e-12  1.0285612567207802e-12  9.417645848309748e-13  8.622923792302894e-13  7.895265539339465e-13  7.229011810625508e-13  6.618980894027679e-13  6.060428343900107e-13  5.549010081701287e-13  5.080748610420342e-13  4.652002080049177e-13  4.259435963510789e-13  3.899997122756508e-13  3.570890063334206e-13  3.2695551927500967e-13  2.9936489135310084e-13  2.741025396163232e-13  
1.501138268384488e-12  1.3156011676303656e-12  1.1529960089106652e-12  1.0104884590201533e-12  8.855945015608798e-13  7.761371386224027e-13  6.802084440308148e-13  5.961363067254555e-13  5.224552845747485e-13  4.57881060590712e-13  4.0128805629427904e-13  3.5168981201514e-13  3.082217921396129e-13  2.701263155887638e-13  2.367393488534015e-13  2.0747893137836805e-13  1.818350315416569e-13  1.5936065641025672e-13  
1.1651954783851897e-12  1.0778551993214611e-12  9.970617396442115e-13  9.223243653583288e-13  8.531891267206772e-13  7.892361009801423e-13  7.300768417953179e-13  6.753520198377706e-13  6.247292402500658e-13  5.779010237019457e-13  5.345829387817288e-13  4.945118743792033e-13  4.574444415665874e-13  4.2315549527068564e-13  3.9143676675698445e-13  3.620955986194809e-13  3.349537745926642e-13  3.098464370780043e-13  
1.3589037505244553e-12  1.2155312255841522e-12  1.0872853649862093e-12  9.725702145949115e-13  8.699582030419302e-13  7.781723763308678e-13  6.960705067979496e-13  6.226308786730125e-13  5.569395733493665e-13  4.981790961342169e-13  4.4561820294536897e-13  3.986028003526685e-13  3.565478057198392e-13  3.1892986615035244e-13  2.852808456283312e-13  2.551819993052909e-13  2.282587624346927e-13  2.0417608910526783e-13  
1.1947469004077358e-12  1.0979859530738582e-12  1.0090615449482045e-12  9.273390052420513e-13  8.522350643017114e-13  7.832136906996211e-13  7.197822654738308e-13  6.614880662107033e-13  6.079150358770327e-13  5.586808133401125e-13  5.13434004381996e-13  4.718516737306475e-13  4.3363704020812345e-13  3.9851735854560794e-13  3.662419727474042e-13  3.365805271103634e-13  3.0932132213044664e-13  2.8426980356220827e-13  
1.1907164808616458e-12  1.083134394595509e-12  9.852724268222307e-13  8.962523578790921e-13  8.152753158784611e-13  7.416146075795225e-13  6.746091969958777e-13  6.136577732156162e-13  5.582133541980896e-13  5.077783781215081e-13  4.619002382307959e-13  4.201672211151384e-13  3.8220481196505964e-13  3.476723336521679e-13  3.1625988947045114e-13  2.876855821030852e-13  2.6169298385758063e-13  2.380488354669947e-13  
1.3183653711904487e-12  1.1717628206776037e-12  1.0414625095033606e-12  9.256516246810194e-13  8.22718938469715e-13  7.312323920459642e-13  6.499191718763936e-13  5.776480016026778e-13  5.134134030731879e-13  4.56321707551753e-13  4.0557862248341834e-13  3.604781808388797e-13  3.203929192945092e-13  2.847651486011558e-13  2.5309919469006203e-13  2.249545025696938e-13  1.9993950707092218e-13  1.7770618516683533e-13  
1.6484914413919952e-12  1.445461667931951e-12  1.2674372344307422e-12  1.1113384594416468e-12  9.744649580133684e-13  8.544489271729876e-13  7.492141848132561e-13  6.569402533894797e-13  5.760308671024484e-13  5.050863577666592e-13  4.428794416612702e-13  3.8833398849551313e-13  3.405064052085149e-13  2.985693125580354e-13  2.6179723211605716e-13  2.295540360676098e-13  2.0128194270430364e-13  1.7649186724334482e-13  
9.648221534499098e-13  9.11369620178645e-13  8.608784340353453e-13  8.131845321351364e-13  7.681329409126432e-13  7.255772725606321e-13  6.853792493666778e-13  6.474082544022585e-13  6.11540907104325e-13  5.776606623702571e-13  5.456574318635377e-13  5.154272262996345e-13  4.868718175497596e-13  4.598984194645646e-13  4.3441938638066275e-13  4.1035192833032246e-13  3.876178420289522e-13  3.6614325676626633e-13  
1.1893247229893793e-12  1.1145241503666803e-12  1.0444280336058089e-12  9.787404938895328e-13  9.171842611998219e-13  8.594995039488063e-13  8.054427322181217e-13  7.547857699771672e-13  7.073147919419608e-13  6.628294210091341e-13  6.211418824552938e-13  5.820762113315867e-13  5.454675097078481e-13  5.111612506311258e-13  4.790126258605595e-13  4.488859346253749e-13  4.2065401082591203e-13  3.941976862598799e-13  
1.1942820292353604e-12  1.124335144917119e-12  1.0584849199356689e-12  9.96491420548639e-13  9.381287654881234e-13  8.831843029333067e-13  8.314578356862739e-13  7.827608917278363e-13  7.36916037495553e-13  6.937562313817827e-13  6.531242150961574e-13  6.148719406748278e-13  5.788600310487146e-13  5.449572722052768e-13  5.130401350934236e-13  4.829923255295718e-13  4.5470436046486626e-13  4.2807316906964843e-13  
1.3193927770015936e-12  1.191164789844466e-12  1.0753989117552192e-12  9.708839862159757e-13  8.765265655254628e-13  7.913394710178622e-13  7.144314650810645e-13  6.449979269217509e-13  5.823124345260345e-13  5.257191647451208e-13  4.746260319947723e-13  4.2849849378482906e-13  3.8685395827148717e-13  3.492567353234792e-13  3.1531347827960233e-13  2.846690687087158e-13  2.570029011180707e-13  2.3202552874014633e-13  
1.3284300146968132e-12  1.2016507741937349e-12  1.0869707603301613e-12  9.8323527865696e-13  8.893998334435277e-13  8.045196108197793e-13  7.277399655986177e-13  6.582878159922373e-13  5.954638595770599e-13  5.386355321311154e-13  4.872306384475444e-13  4.4073159099391724e-13  3.98670198407365e-13  3.6062295135172487e-13  3.262067582707632e-13  2.950750881014638e-13  2.669144811089905e-13  2.4144139271148527e-13  
1.1997950246937592e-12  1.1129801079305808e-12  1.0324469556500658e-12  9.577410311609764e-13  8.884406871941866e-13  8.241547860858108e-13  7.645204921594153e-13  7.092012238473094e-13  6.578847539924993e-13  6.102814476092269e-13  5.661226271558497e-13  5.25159056093508e-13  4.871595321716412e-13  4.519095825007257e-13  4.192102530470992e-13  3.8887698571767e-13  3.607385766966689e-13  3.346362101551987e-13  
1.1785532870006773e-12  1.0863826750682178e-12  1.0014204106900927e-12  9.231027537177378e-13  8.509100521868367e-13  7.843632943315878e-13  7.230209302541114e-13  6.664759421601965e-13  6.143531437218664e-13  5.66306690647537e-13  5.220177859419498e-13  4.811925646298571e-13  4.435601439082152e-13  4.0887082578929133e-13  3.768944403088889e-13  3.4741881830657876e-13  3.2024838364455156e-13  2.9520285552420745e-13  
1.3046979510793044e-12  1.174235997807066e-12  1.056819455725615e-12  9.511438621248036e-13  8.560351927250766e-13  7.704368186184076e-13  6.933977674367466e-13  6.240621583330661e-13  5.616596934008036e-13  5.054970998942077e-13  4.549504281752132e-13  4.0945811981933696e-13  3.6851476886931923e-13  3.316655069259036e-13  2.9850094969579073e-13  2.68652648854423e-13  2.4178899869515444e-13  2.176115520889006e-13  
1.1000696705329757e-12  1.0104444529884414e-12  9.281212089780134e-13  8.525050298481507e-13  7.830494755277301e-13  7.192526256806616e-13  6.606534525802208e-13  6.068284894936895e-13  5.573887705013978e-13  5.119770196357777e-13  4.702650690277517e-13  4.3195148740270106e-13  3.967594017883457e-13  3.6443449669311525e-13  3.34743176296082e-13  3.0747087636752443e-13  2.8242051372122334e-13  2.5941106199346114e-13  
1.571963733097667e-12  1.3970935159950078e-12  1.2416764148807635e-12  1.1035484036106964e-12  9.807861891527207e-13  8.716804316741731e-13  7.747119437112693e-13  6.885305370182205e-13  6.119362225597543e-13  5.438625018759217e-13  4.833615171683253e-13  4.2959085333772136e-13  3.8180180820469557e-13  3.3932896758808906e-13  3.015809400846684e-13  2.680321225412082e-13  2.3821538156150037e-13  2.1171554914566923e-13  
1.6051705961389136e-12  1.4006708337772777e-12  1.222224472161058e-12  1.0665122913431871e-12  9.306379421244384e-13  8.120740720492234e-13  7.086153149840398e-13  6.183372698537445e-13  5.395607055131089e-13  4.708203259406697e-13  4.1083751476689556e-13  3.5849655216692766e-13  3.128238617364222e-13  2.729699013287078e-13  2.381933610108904e-13  2.0784737421047498e-13  1.8136748557074203e-13  1.5826115170905797e-13  
8.65513773063379e-13  8.432331738195486e-13  8.215261357576588e-13  8.003778939054649e-13  7.797740633799131e-13  7.59700629602645e-13  7.401439387673823e-13  7.210906885527046e-13  7.025279190739062e-13  6.84443004067774e-13  6.668236423042947e-13  6.496578492194453e-13  6.329339487633778e-13  6.166405654584545e-13  6.007666166617289e-13  5.853013050266109e-13  5.70234111158589e-13  5.555547864600137e-13  
9.100245229610137e-13  8.711590452433877e-13  8.339534407710502e-13  7.983368194031299e-13  7.642413185866072e-13  7.316019740535926e-13  7.003565960408847e-13  6.704456507959667e-13  6.418121471436634e-13  6.144015278973265e-13  5.881615659076517e-13  5.630422645510582e-13  5.389957624680278e-13  5.159762423698937e-13  4.939398437403256e-13  4.728445792651728e-13  4.5265025483143664e-13  4.333183929429382e-13  
1.0592604619707332e-12  9.871343342729755e-13  9.199193483419884e-13  8.572810995143969e-13  7.989079530822043e-13  7.445094938632541e-13  6.938150813420232e-13  6.465725031923559e-13  6.025467204832122e-13  5.615186983246375e-13  5.232843161362456e-13  4.876533521166339e-13  4.54448536861313e-13  4.23504671420762e-13  3.9466780541080913e-13  3.6779447108631857e-13  3.4275096956758254e-13  3.1941270566828786e-13  
1.305491865164912e-12  1.207751253426709e-12  1.1173283641790643e-12  1.0336753283070162e-12  9.562852949997977e-13  8.846893607595477e-13  8.184537283314631e-13  7.571770783414418e-13  7.004881377160715e-13  6.480434301520953e-13  5.995251950055378e-13  5.546394619911046e-13  5.13114270026534e-13  4.746980194299364e-13  4.3915794748614495e-13  4.062787181455873e-13  3.758611173107124e-13  3.4772084580475954e-13  
8.540880421476596e-13  8.265444470561986e-13  7.998891089044494e-13  7.74093382180149e-13  7.491295451638435e-13  7.249707701373739e-13  7.015910945531135e-13  6.789653931329723e-13  6.570693508671843e-13  6.3587943688386e-13  6.153728791612227e-13  5.955276400553544e-13  5.763223926171493e-13  5.577364976730254e-13  5.397499816447639e-13  5.223435150846377e-13  5.054983919027651e-13  4.891965092643623e-13  
1.2747077020673009e-12  1.1575477196575271e-12  1.0511560580604363e-12  9.545429874148606e-13  8.668097451715393e-13  7.871401751734785e-13  7.147931351989121e-13  6.490956023365037e-13  5.894364120541569e-13  5.352605727178545e-13  4.860641026701994e-13  4.413893418395347e-13  4.008206942649466e-13  3.639807619311298e-13  3.305268339473356e-13  3.001476984102826e-13  2.7256074729274224e-13  2.4750934742544437e-13  
1.4722953946716964e-12  1.2847234230084665e-12  1.1210483165266134e-12  9.782255896325104e-13  8.53598627378301e-13  7.448492703363486e-13  6.49954695012311e-13  5.671497877386469e-13  4.94894312173404e-13  4.3184425969396733e-13  3.7682684978057986e-13  3.2881871537712453e-13  2.869268674597364e-13  2.503720847392634e-13  2.1847441953298926e-13  1.9064055020344455e-13  1.6635274490972707e-13  1.451592313884369e-13  
1.1347807229945985e-12  1.0701785594960578e-12  1.0092541457549137e-12  9.517981104042416e-13  8.976130014224157e-13  8.465126075742705e-13  7.983213184820699e-13  7.52873521127131e-13  7.100130307081299e-13  6.695925539001894e-13  6.31473182670201e-13  5.955239169088382e-13  5.616212142387478e-13  5.296485654518038e-13  4.994960941163807e-13  4.71060178978666e-13  4.4424309786036376e-13  4.189526918290215e-13  
1.2368859125295861e-12  1.1344987741214429e-12  1.0405870545091762e-12  9.544491741303306e-13  8.754416288868377e-13  8.029741827650086e-13  7.365054584015885e-13  6.755388926546342e-13  6.196190269647908e-13  5.683281047936277e-13  5.212829507197664e-13  4.781321078776839e-13  4.3855321235406085e-13  4.022505849267661e-13  3.689530221552536e-13  3.3841177032042923e-13  3.1039866707804443e-13  2.847044369426012e-13  
1.0836104136278506e-12  1.030892758331826e-12  9.807398173878959e-13  9.330268174223035e-13  8.876350552869236e-13  8.444516027427379e-13  8.033690255104596e-13  7.642851159893494e-13  7.271026389792621e-13  6.917290897733176e-13  6.580764640193662e-13  6.260610387776941e-13  5.956031642302756e-13  5.666270655233683e-13  5.390606542504715e-13  5.128353491066382e-13  4.878859052679552e-13  4.64150252071715e-13  
1.4565670107766896e-12  1.2779535326049199e-12  1.1212427711283506e-12  9.837488764125847e-13  8.631153544643377e-13  7.57274679518576e-13  6.644128589229686e-13  5.829383433007863e-13  5.114547491466649e-13  4.4873692635055224e-13  3.937099604735463e-13  3.454307498977472e-13  3.0307184210275356e-13  2.6590725204037614e-13  2.3330001955012264e-13  2.0469129256325426e-13  1.7959074899354727e-13  1.5756819315651368e-13  
1.2710683232680452e-12  1.1374272390272032e-12  1.0178372793955783e-12  9.10821098511265e-13  8.150566797729253e-13  7.293610044039278e-13  6.52675437115996e-13  5.840526483352287e-13  5.226449114351603e-13  4.676936304075831e-13  4.1851996860197435e-13  3.7451646276634345e-13  3.3513951879416313e-13  2.999026964741399e-13  2.6837070028646975e-13  2.401540020113177e-13  2.1490402872030551e-13  1.9230885670621218e-13  
9.526219146354153e-13  9.166550417843541e-13  8.82046122096883e-13  8.487438851497394e-13  8.166989962685305e-13  7.858639834422492e-13  7.561931669971821e-13  7.276425919260236e-13  7.001699627719526e-13  6.737345809712e-13  6.48297284561293e-13  6.238203901656521e-13  6.002676371685992e-13  5.776041339980758e-13  5.557963064364907e-13  5.348118478831291e-13  5.146196714944352e-13  4.951898641312704e-13  
1.1427742347285663e-12  1.066590106413385e-12  9.954848652753569e-13  9.291199224833344e-13  8.671792615517597e-13  8.093679335338373e-13  7.554106525340773e-13  7.050504848523301e-13  6.58047625517276e-13  6.141782563834714e-13  5.732334803544367e-13  5.350183266567746e-13  4.993508224286322e-13  4.660611262015991e-13  4.3499071914985616e-13  4.059916502554677e-13  3.7892583179544504e-13  3.536643817958326e-13  
9.311584748156407e-13  8.966543431628775e-13  8.634287641231341e-13  8.314343608546832e-13  8.006255120674334e-13  7.70958286970862e-13  7.423903826324536e-13  7.148810636573272e-13  6.883911041030382e-13  6.628827315467285e-13  6.383195732248756e-13  6.146666041688323e-13  5.9189009726221e-13  5.699575751488869e-13  5.48837763923069e-13  5.285005485353668e-13  5.089169298513052e-13  4.900589833010295e-13  
1.1754181667454813e-12  1.0750073007270008e-12  9.831740986410916e-13  8.991858079335962e-13  8.223722719167671e-13  7.521205824764181e-13  6.878701895750688e-13  6.291084285289807e-13  5.753664293704816e-13  5.262153756556885e-13  4.81263082866029e-13  4.401508691020526e-13  4.02550693100269e-13  3.68162536736773e-13  3.3671201113220767e-13  3.0794816725677937e-13  2.816414935657707e-13  2.5758208468835044e-13  
9.853539036411368e-13  9.329816477552569e-13  8.833930142576787e-13  8.364400516525276e-13  7.919826721704254e-13  7.498882338058734e-13  7.10031144569644e-13  6.722924877754363e-13  6.365596672428115e-13  6.027260713578421e-13  5.70690754989176e-13  5.403581383104843e-13  5.116377216307111e-13  4.844438153812962e-13  4.586952844547657e-13  4.3431530613191066e-13  4.112311408753038e-13  3.8937391530530436e-13  
1.0115375466581226e-12  9.34248079144188e-13  8.628641381312949e-13  7.969344946955505e-13  7.360423973710375e-13  6.798029377993856e-13  6.278606176645498e-13  5.798871015330085e-13  5.355791413947448e-13  4.946566597857053e-13  4.568609793748623e-13  4.2195318782482516e-13  3.897126275900303e-13  3.599355011062916e-13  3.324335825548997e-13  3.0703302805813053e-13  2.8357327678522585e-13  2.6190603602256614e-13  
1.0209266644779765e-12  9.669084594052195e-13  9.15748409164548e-13  8.672952860535014e-13  8.214058639718197e-13  7.779444950490257e-13  7.367827086730494e-13  6.977988317346283e-13  6.608776289649416e-13  6.259099623033215e-13  5.927924682881462e-13  5.614272525172874e-13  5.31721600274949e-13  5.035877024695144e-13  4.769423960722853e-13  4.517069182898549e-13  4.278066737434545e-13  4.0517101396706485e-13  
1.1825246357553797e-12  1.0807984405019559e-12  9.878231993410256e-13  9.028461150472708e-13  8.251791494669508e-13  7.541934526454144e-13  6.893142711866259e-13  6.300162946189668e-13  5.758194020880063e-13  5.262847749382754e-13  4.810113437085941e-13  4.396325407731648e-13  4.0181333233537884e-13  3.6724750574313443e-13  3.356551901617387e-13  3.067805905299038e-13  2.8038991645124446e-13  2.56269489252034e-13  
8.285588584711724e-13  8.154668320670509e-13  8.025816722646366e-13  7.899001103727748e-13  7.774189293487731e-13  7.651349629823064e-13  7.530450950922158e-13  7.411462587359998e-13  7.294354354317974e-13  7.179096543926617e-13  7.065659917729356e-13  6.954015699265334e-13  6.844135566769444e-13  6.735991645987682e-13  6.629556503106061e-13  6.524803137791218e-13  6.421704976341015e-13  6.320235864943349e-13  
1.1240924901077292e-12  1.0485902557428222e-12  9.781593010495257e-13  9.12459001969174e-13  8.511716132344239e-13  7.94000731663084e-13  7.406698626683198e-13  6.909210830524648e-13  6.445137936173372e-13  6.012235555583249e-13  5.608410050147153e-13  5.231708405267266e-13  4.880308785022951e-13  4.55251172125589e-13  4.246731894460403e-13  3.961490466729002e-13  3.695407929673129e-13  3.447197432729611e-13  
1.043582203084309e-12  9.81246702883251e-13  9.226346415965701e-13  8.675236098860186e-13  8.157044834208044e-13  7.669806293343678e-13  7.211671600812725e-13  6.780902318628913e-13  6.37586384959697e-13  5.995019234669818e-13  5.636923320803492e-13  5.300217277179145e-13  4.98362343898338e-13  4.685940459181117e-13  4.40603874988392e-13  4.1428561960155956e-13  3.895394125010133e-13  3.662713517248606e-13  
1.1969881192984917e-12  1.0844380377216525e-12  9.824707853798913e-13  8.900912828112499e-13  8.06398015621638e-13  7.305742367734337e-13  6.618799961029611e-13  5.996449192843834e-13  5.432616657712676e-13  4.921800018730828e-13  4.4590143112689263e-13  4.03974329563033e-13  3.659895383907405e-13  3.315763710935674e-13  3.0039899596857064e-13  2.721531588071476e-13  2.4656321373476835e-13  2.2337943323412351e-13  
1.32979651938823e-12  1.22176686239282e-12  1.1225132900241884e-12  1.0313228530467402e-12  9.475405206058174e-13  8.705644750696249e-13  7.99841789107545e-13  7.348644539528145e-13  6.751657303201465e-13  6.203167957665385e-13  5.699236644128935e-13  5.236243569004806e-13  4.810863002537205e-13  4.4200393897222946e-13  4.0609654019233403e-13  3.731061771522931e-13  3.4279587647623644e-13  3.149479159685602e-13  
1.048753615338167e-12  9.765668589951396e-13  9.093487890195461e-13  8.467574057778162e-13  7.88474249811934e-13  7.342027815456982e-13  6.836668725174156e-13  6.366094004625508e-13  5.927909410982387e-13  5.519885499535708e-13  5.139946280477177e-13  4.786158656445563e-13  4.4567225870971843e-13  4.149961930658814e-13  3.8643159158656147e-13  3.5983312008940946e-13  3.35065447888661e-13  3.120025592444994e-13  
1.1761062857653554e-12  1.0830319007207917e-12  9.97323211494941e-13  9.183973136198572e-13  8.457174323656545e-13  7.787892721376214e-13  7.171576547737688e-13  6.604034238798894e-13  6.081405941485225e-13  5.600137262743534e-13  5.156955096128544e-13  4.748845361418433e-13  4.373032505866761e-13  4.026960627678842e-13  3.7082760933334005e-13  3.414811530529999e-13  3.144571087898291e-13  2.895716861220482e-13  
1.227185814471233e-12  1.11877818990589e-12  1.0199471208428314e-12  9.298466297444442e-13  8.477054713705442e-13  7.72820531047206e-13  7.045508061219279e-13  6.42311919087379e-13  5.855711154069906e-13  5.338427032246004e-13  4.866838959228256e-13  4.4369102194315575e-13  4.0449606942445173e-13  3.6876353608253313e-13  3.3618755736634426e-13  3.064892883081953e-13  2.794145166571472e-13  2.547314868643636e-13  
1.1621483277359127e-12  1.0808687526953605e-12  1.0052737956687955e-12  9.349658797502257e-13  8.695752341933332e-13  8.087579496744812e-13  7.521941695688251e-13  6.995864077268889e-13  6.506579839042892e-13  6.0515156861605e-13  5.628278297624555e-13  5.234641739086356e-13  4.86853575597887e-13  4.5280348854173477e-13  4.2113483296034915e-13  3.916810537474348e-13  3.642872445061917e-13  3.388093328493885e-13  
1.1062878444803317e-12  9.997600350147554e-13  9.034901111855027e-13  8.164903100952066e-13  7.378679835295839e-13  6.668164390763301e-13  6.02606663180433e-13  5.44579841211575e-13  4.921405977969178e-13  4.4475088806272864e-13  4.0192447710686414e-13  3.6322195105958227e-13  3.282462085444272e-13  2.966383862800109e-13  2.680741770179477e-13  2.422605020377045e-13  2.1893250405700696e-13  1.978508297040163e-13  
1.3675468574156475e-12  1.2355021284670306e-12  1.1162070982571198e-12  1.0084307080437593e-12  9.110607650798024e-13  8.23092465398998e-13  7.43618024794711e-13  6.718173109889099e-13  6.069493803205883e-13  5.483448316169205e-13  4.953988983433343e-13  4.4756520774730747e-13  4.043501425937028e-13  3.6530774730787006e-13  3.3003512596072695e-13  2.981682846055708e-13  2.6937837506183496e-13  2.433683013837176e-13  
1.142016452369675e-12  1.0725767875528162e-12  1.007359362301659e-12  9.461074457261975e-13  8.885799173130647e-13  8.345503177454062e-13  7.838059574371144e-13  7.361470792721333e-13  6.913860722529283e-13  6.493467329626157e-13  6.098635719334691e-13  5.727811621912986e-13  5.379535274112178e-13  5.052435672762566e-13  4.74522517776717e-13  4.456694443257218e-13  4.185707656955858e-13  3.9311980690096694e-13  
9.90543694258923e-13  9.384489751580237e-13  8.890940238976861e-13  8.423347504828062e-13  7.980346429058684e-13  7.560643686050756e-13  7.163013968826141e-13  6.786296411807123e-13  6.429391201711341e-13  6.091256366686695e-13  5.770904734312202e-13  5.467401049583822e-13  5.179859244471307e-13  4.90743985107462e-13  4.649347550827777e-13  4.4048288525950513e-13  4.173169892880859e-13  3.953694351731101e-13  
1.2259392552513752e-12  1.1291970002762773e-12  1.0400889440247924e-12  9.580126507756666e-13  8.824132246754679e-13  8.127795582362215e-13  7.48640876874466e-13  6.895635561302828e-13  6.351481900483701e-13  5.850268909012668e-13  5.388608019988814e-13  4.963378067690955e-13  4.571704186211478e-13  4.2109383732573073e-13  3.8786415877150647e-13  3.5725672599468354e-13  3.2906461033340673e-13  3.0309721243845304e-13  
1.3540127393622453e-12  1.2155989487475835e-12  1.0913344913521528e-12  9.797729532770209e-13  8.796157801113756e-13  7.896971620140053e-13  7.089704639155202e-13  6.364960428915325e-13  5.714303109034087e-13  5.130159155990415e-13  4.605729248800913e-13  4.134909126257887e-13  3.71221853452676e-13  3.3327374380668645e-13  2.9920487513832325e-13  2.686186925018229e-13  2.4115917873340455e-13  2.1650671048134705e-13  
1.4432922736992257e-12  1.2847203330932236e-12  1.1435704079762296e-12  1.0179283726678787e-12  9.06090403052659e-13  8.065398711231319e-13  7.179267780783601e-13  6.39049447071027e-13  5.688382273396843e-13  5.063409887388425e-13  4.5071020995909526e-13  4.011914853414048e-13  3.5711329442714473e-13  3.178778955093814e-13  2.8295321969338713e-13  2.5186565554222817e-13  2.2419362646043384e-13  1.9956187371903676e-13  
1.1655805350256787e-12  1.0926322513108392e-12  1.0242494625892934e-12  9.601464356885482e-13  9.000553201511245e-13  8.437250290383027e-13  7.909201897791763e-13  7.414201606811995e-13  6.950181089927827e-13  6.515201466656751e-13  6.107445202059773e-13  5.725208512286229e-13  5.366894245420344e-13  5.031005207882635e-13  4.716137908500895e-13  4.420976694110801e-13  4.1442882521820903e-13  3.8849164574998836e-13  
8.894580251931387e-13  8.636410683094542e-13  8.385734613038477e-13  8.142334539273528e-13  7.905999272426828e-13  7.67652375300098e-13  7.45370887345141e-13  7.23736130542801e-13  7.027293332031166e-13  6.823322684936652e-13  6.625272386248048e-13  6.432970594939469e-13  6.246250457755367e-13  6.064949964438048e-13  5.888911807157269e-13  5.717983244019971e-13  5.552015966541713e-13  5.390865970964787e-13  
1.3688933062333628e-12  1.221345517400574e-12  1.0897013420125383e-12  9.722465902287914e-13  8.674518381942441e-13  7.739525128182756e-13  6.90531123139532e-13  6.16101406904152e-13  5.496941859238626e-13  4.904447460310802e-13  4.37581577300523e-13  3.90416327919393e-13  3.48334840891577e-13  3.1078915686131873e-13  2.77290378922027e-13  2.4740230650013106e-13  2.2073575541831637e-13  1.9694349017748127e-13  
1.2626600660998357e-12  1.1756746416742957e-12  1.0946816963534943e-12  1.0192684045858193e-12  9.490503806244672e-13  8.836697192918926e-13  8.227931717171905e-13  7.661104467480482e-13  7.13332629379466e-13  6.641907081378914e-13  6.184342039147616e-13  5.758298932605407e-13  5.361606196318133e-13  4.992241865322919e-13  4.648323269060186e-13  4.3280974352969885e-13  4.029932155129941e-13  3.7523076635255694e-13  
1.1646370985634675e-12  1.0767147435950903e-12  9.954299416573703e-13  9.202816016426972e-13  8.508064614893405e-13  7.865762323400858e-13  7.271949582979001e-13  6.72296575502482e-13  6.215426554803026e-13  5.746203188567035e-13  5.312403065688606e-13  4.911351966893376e-13  4.540577558676031e-13  4.1977941522674775e-13  3.880888613198626e-13  3.5879073345984e-13  3.3170441939210967e-13  3.0666294188607336e-13  
9.80537413924169e-13  9.36310457775968e-13  8.940783501897479e-13  8.537511138952683e-13  8.15242830030188e-13  7.784714550863362e-13  7.433586461125909e-13  7.098295938019464e-13  6.778128631071584e-13  6.472402410453906e-13  6.180465913676035e-13  5.901697157830539e-13  5.635502214432368e-13  5.381313944029394e-13  5.138590787888106e-13  4.906815614180097e-13  4.685494616211085e-13  4.47415626034512e-13  
1.126236821082668e-12  1.0430673919015646e-12  9.66039791704228e-13  8.947004636532806e-13  8.286293448111716e-13  7.674373927096535e-13  7.107642945751618e-13  6.58276345721475e-13  6.096644846171228e-13  5.646424730575525e-13  5.229452107264747e-13  4.843271742221254e-13  4.4856097135705843e-13  4.154360022188407e-13  3.847572191076602e-13  3.5634397804906054e-13  3.3002897511923843e-13  3.0565726131973294e-13  
1.2868693983628611e-12  1.1800773464227652e-12  1.0821475320742105e-12  9.92344514301672e-13  9.099938833451872e-13  8.344771959649446e-13  7.652273310076415e-13  7.017242303954793e-13  6.434909935531439e-13  5.900902959423873e-13  5.411211048078437e-13  4.962156674697284e-13  4.550367495458642e-13  4.172751023624162e-13  3.826471405338989e-13  3.508928122713637e-13  3.2177364642503776e-13  2.9507096159494327e-13  
1.246668082760278e-12  1.1537489752503383e-12  1.0677554966706965e-12  9.881714524800414e-13  9.145191221597325e-13  8.463563915925811e-13  7.832740991767917e-13  7.248935797445358e-13  6.708643915420015e-13  6.208622126266148e-13  5.745868940541054e-13  5.31760658169247e-13  4.921264311851223e-13  4.554463000418544e-13  4.2150008428176827e-13  3.9008401436834815e-13  3.6100950851531656e-13  3.3410204068348347e-13  
1.080058229118428e-12  1.007736187826953e-12  9.402569203004027e-13  8.772961483889984e-13  8.185513080108746e-13  7.637400951511074e-13  7.125991092224526e-13  6.648825872683353e-13  6.203612229251812e-13  5.788210644684974e-13  5.400624866471564e-13  5.038992313649365e-13  4.701575125992147e-13  4.3867518125542085e-13  4.0930094594387163e-13  3.8189364593435825e-13  3.5632157279459784e-13  3.3246183745261693e-13  
1.082256824972727e-12  1.0046437343517861e-12  9.325965978525817e-13  8.657162580000357e-13  8.036321825442197e-13  7.460004116276624e-13  6.925016521697342e-13  6.428395089105728e-13  5.967388423141254e-13  5.539442442327239e-13  5.142186228880246e-13  4.77341889328789e-13  4.4310973808818127e-13  4.1133251528515015e-13  3.818341678989182e-13  3.544512683953211e-13  3.2903210930120616e-13  3.054358627106269e-13  
1.033586140712773e-12  9.915738223591439e-13  9.512691845015298e-13  9.126028148153853e-13  8.755081223884899e-13  8.399212230386129e-13  8.057808292926854e-13  7.730281448380057e-13  7.416067632637004e-13  7.114625709180552e-13  6.825436537144168e-13  6.548002077251696e-13  6.281844534098095e-13  6.026505533294026e-13  5.781545332057141e-13  5.546542061890592e-13  5.321091002044486e-13  5.10480388250904e-13  
1.2789644454249476e-12  1.2169106746526143e-12  1.1578676759786294e-12  1.1016893704699104e-12  1.0482367667622746e-12  9.973776171803753e-13  9.489860905422733e-13  9.029424608391215e-13  8.591328110197314e-13  8.174487511471401e-13  7.777871502298756e-13  7.400498810644341e-13  7.041435774576855e-13  6.69979403228548e-13  6.374728324174139e-13  6.065434401595416e-13  5.771147037050133e-13  5.491138130929564e-13  
1.1818403444237614e-12  1.0760202035521658e-12  9.796750330240004e-13  8.919564587748437e-13  8.120920688306128e-13  7.393786117804887e-13  6.731758042479666e-13  6.129006928312867e-13  5.580225208669271e-13  5.080580548150826e-13  4.625673291133007e-13  4.2114977202928226e-13  3.834406783987814e-13  3.4910799818905054e-13  3.1784941260930504e-13  2.8938967202169617e-13  2.634781722115827e-13  2.398867476747816e-13  
1.060291404592148e-12  9.792574432486788e-13  9.044165934051004e-13  8.352955395599341e-13  7.714571398804531e-13  7.124976615894235e-13  6.580442276405194e-13  6.077524585344343e-13  5.613042943618486e-13  5.18405983299205e-13  4.787862238359564e-13  4.421944489841812e-13  4.0839924161940567e-13  3.7718687093078443e-13  3.483599407247186e-13  3.2173614103338887e-13  2.9714709513300715e-13  2.744372946799944e-13  
1.3355791581017415e-12  1.1922825250846385e-12  1.0643604394385973e-12  9.501633389799988e-13  8.482186459483706e-13  7.572117780368629e-13  6.759691967826035e-13  6.034432747250179e-13  5.386987861933073e-13  4.809008475210561e-13  4.293041511763913e-13  3.8324335498122046e-13  3.421245024880133e-13  3.0541736387942386e-13  2.7264859862624e-13  2.4339565173576785e-13  2.1728130488244417e-13  1.9396881215721323e-13  
9.56229891466999e-13  9.214499004089982e-13  8.879349270928488e-13  8.556389602966239e-13  8.245176623184369e-13  7.945283081071762e-13  7.656297266071752e-13  7.377822442362934e-13  7.109476304198147e-13  6.850890451053841e-13  6.601709881869323e-13  6.361592507681532e-13  6.130208681986258e-13  5.907240748181065e-13  5.692382603468604e-13  5.485339278621661e-13  5.285826533032964e-13  5.093570464493848e-13  
1.4817822528352545e-12  1.3167455865486695e-12  1.170090231798833e-12  1.0397689307162465e-12  9.239624431534245e-13  8.210541507236305e-13  7.296074893690918e-13  6.483458954251755e-13  5.761349852345416e-13  5.119667195448653e-13  4.549453316306199e-13  4.042748227003785e-13  3.5924785002986113e-13  3.1923585270292124e-13  2.836802771192373e-13  2.5208477977984596e-13  2.2400829850410546e-13  1.9905889535468193e-13  
8.821631807908216e-13  8.45137656915443e-13  8.096661419219782e-13  7.756834120579367e-13  7.431269810956516e-13  7.119369854348383e-13  6.820560740275493e-13  6.5342930292312e-13  6.260040342391976e-13  5.997298393730861e-13  5.745584062754372e-13  5.504434506157824e-13  5.273406306765619e-13  5.052074658191611e-13  4.84003258372033e-13  4.636890187972757e-13  4.442273939980648e-13  4.2558259863511627e-13  
1.0971270143013709e-12  1.0330541897371868e-12  9.727232535725397e-13  9.15915677454889e-13  8.624256952083737e-13  8.12059557515631e-13  7.646348301266147e-13  7.199797330524035e-13  6.779325183504575e-13  6.383408842475599e-13  6.010614234783028e-13  5.65959103840911e-13  5.329067790888926e-13  5.017847283868872e-13  4.724802226625497e-13  4.448871162837212e-13  4.1890546258188057e-13  3.944411518292385e-13  
9.59213980661428e-13  9.188000336709029e-13  8.800888215698618e-13  8.4300860412208e-13  8.074906636766605e-13  7.734691778193863e-13  7.408810973895713e-13  7.096660296363491e-13  6.797661262978645e-13  6.511259763959488e-13  6.236925035476125e-13  5.974148676030445e-13  5.722443704278337e-13  5.481343656548113e-13  5.250401722382562e-13  5.029189916502695e-13  4.817298285658582e-13  4.614334148897453e-13  
1.2914750063406005e-12  1.163264391585911e-12  1.047781829371977e-12  9.437637478659182e-13  8.500720157743041e-13  7.65681489288623e-13  6.896687953022786e-13  6.212022281687977e-13  5.595326494549378e-13  5.039852911168095e-13  4.539523724120971e-13  4.088864497650775e-13  3.68294426820874e-13  3.3173215914894586e-13  2.9879959456227194e-13  2.69136395879217e-13  2.424179982337921e-13  2.1835205779471027e-13  
1.3277916912279517e-12  1.2086236106334906e-12  1.1001507554470414e-12  1.0014132390449578e-12  9.115373237434343e-13  8.297276890105506e-13  7.552603935991576e-13  6.874764693218535e-13  6.257760897787514e-13  5.69613262436553e-13  5.184909970886374e-13  4.71956907941401e-13  4.295992104092977e-13  3.9104307719383316e-13  3.5594732140111167e-13  3.2400137734652714e-13  2.949225523294495e-13  2.684535250586e-13  
1.1301458190858234e-12  1.0702023274024384e-12  1.0134382680847834e-12  9.596850024719403e-13  9.087828365807461e-13  8.605805466756731e-13  8.149349300027165e-13  7.717103793525775e-13  7.307784801892269e-13  6.920176291469659e-13  6.553126727625925e-13  6.205545653693922e-13  5.876400451365992e-13  5.564713272918847e-13  5.269558136154764e-13  4.99005817342852e-13  4.72538302658731e-13  4.4747463800843195e-13  
1.00801318903535e-12  9.418349417997222e-13  8.800014397071328e-13  8.22227440836762e-13  7.682464300171659e-13  7.178093893746534e-13  6.70683649597825e-13  6.266518166190786e-13  5.855107687617987e-13  5.470707197270017e-13  5.111543430969368e-13  4.775959543169188e-13  4.462407463818248e-13  4.1694407570142575e-13  3.8957079485020497e-13  3.6399462912359475e-13  3.400975940246451e-13  3.177694509939532e-13  
1.0880209083499227e-12  1.0347253698236816e-12  9.840404561530876e-13  9.358382886765229e-13  8.899972527316047e-13  8.464016908198927e-13  8.049416108015964e-13  7.655124083840506e-13  7.28014603203797e-13  6.923535878364015e-13  6.584393891007565e-13  6.261864410556366e-13  5.955133691157753e-13  5.663427847427827e-13  5.386010901929106e-13  5.122182928290388e-13  4.871278285283879e-13  4.632663937404185e-13  
1.5498092556606548e-12  1.381862449001541e-12  1.2321153851585003e-12  1.0985958287246194e-12  9.795452677801555e-13  8.733957535087393e-13  7.787492496143653e-13  6.943592195618211e-13  6.19114209136321e-13  5.520232080973552e-13  4.92202598133228e-13  4.388645152150455e-13  3.9130647307717763e-13  3.4890211116082187e-13  3.11092945166969e-13  2.773810115698895e-13  2.47322309216109e-13  2.2052095163181906e-13  
1.1796238866541123e-12  1.1012409143449237e-12  1.0280662888804654e-12  9.59753929013039e-13  8.959807497034527e-13  8.364451340821286e-13  7.808655069444668e-13  7.289790030337711e-13  6.805402238133481e-13  6.353200768479012e-13  5.931046923050462e-13  5.536944114525124e-13  5.169028423671023e-13  4.825559783893627e-13  4.5049137515467285e-13  4.205573823085015e-13  3.92612426272207e-13  3.665243406672049e-13  
1.490813927979477e-12  1.3285932697959935e-12  1.1840244066806906e-12  1.0551865853052426e-12  9.403680562037654e-13  8.380433313342795e-13  7.468529163241528e-13  6.655852481205417e-13  5.931605980680251e-13  5.286167265484477e-13  4.710960985893909e-13  4.1983449058683e-13  3.7415083676999994e-13  3.334381805077988e-13  2.971556102350699e-13  2.6482107285884595e-13  2.360049691628993e-13  2.1032444611864095e-13  
1.3655698555873879e-12  1.2345132234207103e-12  1.1160343739024963e-12  1.008926190584409e-12  9.120974065410822e-13  8.245614860459585e-13  7.454265732962542e-13  6.73886405780084e-13  6.092120997069933e-13  5.507447238081267e-13  4.978885858445268e-13  4.501051634234556e-13  4.0690761728713116e-13  3.6785583117276926e-13  3.3255192770776486e-13  3.0063621465391365e-13  2.7178352019916347e-13  2.4569987995918075e-13  
8.683316577928564e-13  8.368979829673945e-13  8.066022096616634e-13  7.774031457504728e-13  7.492610902668285e-13  7.221377794218874e-13  6.959963345789956e-13  6.708012121110682e-13  6.465181550731373e-13  6.23114146624358e-13  6.005573651361403e-13  5.788171409253712e-13  5.578639145538965e-13  5.37669196637566e-13  5.182055291101931e-13  4.994464478897638e-13  4.813664468961297e-13  4.639409433712651e-13  
1.2132828051146525e-12  1.1206860240538973e-12  1.0351561558568774e-12  9.561538593407619e-13  8.831809554138772e-13  8.157772856175685e-13  7.535178104216527e-13  6.960099289756612e-13  6.428910034145421e-13  5.938260721073848e-13  5.485057374291894e-13  5.066442147362183e-13  4.679775302420006e-13  4.3226185643001036e-13  3.9927197450632903e-13  3.6879985419669995e-13  3.4065334193234525e-13  3.146549491524005e-13  
1.0360010081587015e-12  9.67930132923621e-13  9.043318827330911e-13  8.449123819065056e-13  7.893970639865428e-13  7.375294030186538e-13  6.890697281923574e-13  6.437941163670189e-13  6.014933573646831e-13  5.619719872487683e-13  5.250473851215847e-13  4.905489292671465e-13  4.583172087399682e-13  4.2820328675674814e-13  4.0006801248720333e-13  3.7378137806397573e-13  3.492219178404664e-13  3.2627614712068314e-13  
1.3885289578098049e-12  1.2578945472737676e-12  1.1395503731927307e-12  1.0323401559042378e-12  9.352163998740065e-13  8.47230159159313e-13  7.67521765749422e-13  6.95312430194471e-13  6.298966324569087e-13  5.706352286404284e-13  5.169492062458202e-13  4.683140269395739e-13  4.2425450156135774e-13  3.8434014729672033e-13  3.4818098165235627e-13  3.154237121390439e-13  2.857482844336198e-13  2.5886475529386745e-13  
1.6420021684916146e-12  1.4267166240437038e-12  1.239657513480962e-12  1.0771240236720811e-12  9.359005610458482e-13  8.131931336744514e-13  7.065740744041281e-13  6.139340114250343e-13  5.334401360569253e-13  4.634999421125533e-13  4.02729719451434e-13  3.4992717839443706e-13  3.040476633953968e-13  2.6418348537648245e-13  2.295459638343096e-13  1.9944982343439378e-13  1.732996363931929e-13  1.5057804242123944e-13  
1.3685798775609683e-12  1.2384601428661e-12  1.1207117323698872e-12  1.014158424319441e-12  9.17735827966359e-13  8.304807510703172e-13  7.515215783028143e-13  6.80069564438264e-13  6.154109553576848e-13  5.568998581594943e-13  5.039517891549543e-13  4.560378352973903e-13  4.1267937072207366e-13  3.734432756188054e-13  3.379376096771864e-13  3.0580769688541036e-13  2.7673258257254073e-13  2.504218273026784e-13  
1.4555169775040836e-12  1.334989509250857e-12  1.2244425983034223e-12  1.123049781403422e-12  1.0300530325046175e-12  9.44757095670386e-13  8.665242872488137e-13  7.947697284657726e-13  7.289569727942125e-13  6.685939954093086e-13  6.132295147461023e-13  5.624496186591156e-13  5.158746699606655e-13  4.731564682032743e-13  4.339756464872877e-13  3.9803928383189356e-13  3.6507871525930813e-13  3.3484752322003734e-13  
1.060264334732576e-12  9.996667083105958e-13  9.425324374007147e-13  8.886635797383349e-13  8.378735061163777e-13  7.899862538064891e-13  7.448359169343736e-13  7.022660716971985e-13  6.621292344317331e-13  6.242863506556926e-13  5.886063133120647e-13  5.549655085473739e-13  5.23247387450223e-13  4.933420622664016e-13  4.651459256916399e-13  4.385612919230452e-13  4.1349605822564213e-13  3.8986338584150626e-13  
1.0243361922672956e-12  9.591169332325582e-13  8.980501700103774e-13  8.408715141098611e-13  7.873334105969157e-13  7.372040663054039e-13  6.902664462888618e-13  6.463173341679131e-13  6.051664523051559e-13  5.666356379983195e-13  5.305580721250219e-13  4.967775568995448e-13  4.651478396146741e-13  4.3553197944075026e-13  4.0780175454048025e-13  3.818371069326217e-13  3.5752562270107064e-13  3.347620452989238e-13  
1.5459973255932135e-12  1.388442093058699e-12  1.246943583836743e-12  1.119865429782735e-12  1.0057380278293836e-12  9.032415446723638e-13  8.11190653477528e-13  7.285208260963998e-13  6.542760222654411e-13  5.875976334200826e-13  5.277145532635835e-13  4.739342602612084e-13  4.2563480893267797e-13  3.822576373257092e-13  3.433011074922331e-13  3.0831470426573287e-13  2.7689382525110827e-13  2.4867510177558747e-13  
8.216819966250802e-13  8.08664535165096e-13  7.958533022747509e-13  7.832450307868582e-13  7.708365052941861e-13  7.586245613294526e-13  7.466060845583112e-13  7.347780099851231e-13  7.2313732117131e-13  7.116810494660911e-13  7.00406273249407e-13  6.893101171868379e-13  6.78389751496325e-13  6.676423912265087e-13  6.570652955465015e-13  6.466557670469105e-13  6.364111510519338e-13  6.263288349423565e-13  
1.629128414995461e-12  1.4248361348216427e-12  1.2461620535291778e-12  1.0898936556311073e-12  9.532212742482818e-13  8.336875739985586e-13  7.291433687185721e-13  6.377089796317233e-13  5.577404391918667e-13  4.877999329562236e-13  4.2662994803975496e-13  3.7313066334664377e-13  3.263401750608768e-13  2.8541720185517326e-13  2.496259588622218e-13  2.1832292844599691e-13  1.9094528991491625e-13  1.6700080014596348e-13  
1.1351279227030681e-12  1.0369388621899749e-12  9.472431982462177e-13  8.653062483633072e-13  7.904568803902426e-13  7.220820153998665e-13  6.596216060596759e-13  6.025640493757501e-13  5.504419962363291e-13  5.028285234317008e-13  4.593336367960387e-13  4.19601076828995e-13  3.833054006324201e-13  3.5014931626082884e-13  3.198612476517138e-13  2.921931101904497e-13  2.6691827868980316e-13  2.438297311401016e-13  
1.2532362036199732e-12  1.1577123565127224e-12  1.0694695034749155e-12  9.879526744520096e-13  9.12649200174011e-13  8.430854879159718e-13  7.78824043015639e-13  7.194607174162164e-13  6.646221679299937e-13  6.1396350823755e-13  5.671661398556681e-13  5.23935748432655e-13  4.840004527695235e-13  4.4710909492600585e-13  4.130296606576639e-13  3.8154782025003855e-13  3.5246558057295886e-13  3.2560003987762366e-13  
1.4201773090340787e-12  1.2619859347835514e-12  1.1214152553068975e-12  9.965025284142535e-13  8.855036387606847e-13  7.868687453369414e-13  6.99220641548901e-13  6.213355257346038e-13  5.521259136239289e-13  4.906254541532014e-13  4.359754366229454e-13  3.8741280080265834e-13  3.442594825716404e-13  3.0591294633256833e-13  2.7183777200501145e-13  2.4155817913084985e-13  2.1465138370813323e-13  1.907416949970372e-13  
1.14281989401534e-12  1.0613152966610872e-12  9.856235132284913e-13  9.153299805298964e-13  8.50049701546265e-13  7.894251368021189e-13  7.331242461251855e-13  6.808386700654888e-13  6.32282041013538e-13  5.871884147676145e-13  5.453108139598761e-13  5.064198753636296e-13  4.70302593673091e-13  4.3676115487532413e-13  4.0561185282474746e-13  3.766840830862993e-13  3.498194085365468e-13  3.248706916050481e-13  
1.0678338495924333e-12  1.0106340904745744e-12  9.564983028204317e-13  9.052623614435483e-13  8.56770932713509e-13  8.108770036260384e-13  7.674414360990085e-13  7.263325451430965e-13  6.874256996282222e-13  6.506029444353917e-13  6.157526428484192e-13  5.827691381013489e-13  5.51552433055482e-13  5.22007887034878e-13  4.940459289012096e-13  4.675817854981007e-13  4.425352246416549e-13  4.1883031187799645e-13  
8.052185433860474e-13  7.891656803733113e-13  7.734328477585614e-13  7.580136654053972e-13  7.429018803720253e-13  7.28091364375502e-13  7.135761113065318e-13  6.993502347938084e-13  6.85407965816916e-13  6.717436503668157e-13  6.583517471529775e-13  6.452268253562182e-13  6.323635624263428e-13  6.197567419236895e-13  6.074012514037066e-13  5.952920803437035e-13  5.83424318110932e-13  5.717931519711781e-13  
1.3747123164821905e-12  1.2342987625079663e-12  1.108227093670935e-12  9.950324252540121e-13  8.933994963318119e-13  8.021473871488962e-13  7.202157974698758e-13  6.466527264632041e-13  5.806034109655665e-13  5.213003935954674e-13  4.680546053128614e-13  4.202473588089831e-13  3.773231596938915e-13  3.38783251951609e-13  3.041798226645281e-13  2.731107986691146e-13  2.452151746828534e-13  2.2016881861779826e-13  
1.1352341921185567e-12  1.0485975684997165e-12  9.685727123947366e-13  8.946550396239549e-13  8.263784738944191e-13  7.633125080289147e-13  7.050594894704782e-13  6.512521129465633e-13  6.01551104483251e-13  5.55643082166416e-13  5.132385801612149e-13  4.740702235306639e-13  4.378910423449053e-13  4.0447291445104856e-13  3.7360512708471155e-13  3.4509304825373246e-13  3.1875689951666684e-13  2.944306224180205e-13  
1.2115438130961214e-12  1.1246360908005626e-12  1.0439625237315492e-12  9.69075916975187e-13  8.995611542687791e-13  8.350328969016134e-13  7.751334476806022e-13  7.195307681201557e-13  6.679166378650615e-13  6.200049461435545e-13  5.755301057796576e-13  5.34245580973237e-13  4.95922520686875e-13  4.603484900640558e-13  4.273262928465848e-13  3.9667287826358674e-13  3.682183263326804e-13  3.418049059485863e-13  
1.2610251442037612e-12  1.1487762937758243e-12  1.046519158802815e-12  9.533643370560996e-13  8.685015955275711e-13  7.911928232632756e-13  7.20765611493273e-13  6.566074052196032e-13  5.981601753946111e-13  5.449155653498101e-13  4.964104692603684e-13  4.5222300418801027e-13  4.1196884066835726e-13  3.752978599272462e-13  3.418911086514831e-13  3.1145802482753293e-13  2.837339105193115e-13  2.58477629604052e-13  
1.6393358952976103e-12  1.3990013206251829e-12  1.193900957531152e-12  1.0188693001067524e-12  8.694981306043021e-13  7.420254973284239e-13  6.332409689056215e-13  5.40404778736395e-13  4.611788232619188e-13  3.9356777621871223e-13  3.358688358285089e-13  2.866288392932573e-13  2.446076645126669e-13  2.087469972870554e-13  1.7814367739938647e-13  1.5202695229065508e-13  1.2973906545652531e-13  1.1071869067895013e-13  
1.3454472911033677e-12  1.18998444931394e-12  1.05248492376667e-12  9.308731012365484e-13  8.23313200064282e-13  7.28181558259291e-13  6.440421236384026e-13  5.696247760135734e-13  5.038061541929337e-13  4.4559269837066565e-13  3.9410565192344735e-13  3.4856779620927136e-13  3.082917181248358e-13  2.726694333153523e-13  2.411632083947501e-13  2.1329744363382984e-13  1.8865149358212478e-13  1.6685331724773584e-13  
9.552862429644944e-13  9.099287888866468e-13  8.667249287243146e-13  8.255724087940135e-13  7.863738304667378e-13  7.490364196476207e-13  7.134718072008098e-13  6.795958197998769e-13  6.473282807087524e-13  6.165928200216769e-13  5.873166939130511e-13  5.594306124693926e-13  5.328685756959124e-13  5.075677173095808e-13  4.834681559489729e-13  4.605128534487439e-13  4.386474798432995e-13  4.1782028478015916e-13  
1.1254132975541083e-12  1.0469310066680615e-12  9.73921789537326e-13  9.060039736088602e-13  8.428225028058939e-13  7.840470813902446e-13  7.293704472650229e-13  6.785067656910209e-13  6.311901350195645e-13  5.871731966302017e-13  5.462258418063568e-13  5.081340087888415e-13  4.726985637185458e-13  4.397342596181743e-13  4.090687679708671e-13  3.8054177783305687e-13  3.540041577719686e-13  3.2931717624659353e-13  
1.2345201701481584e-12  1.140306516825286e-12  1.0532828735865557e-12  9.72900527552393e-13  8.986526414206818e-13  8.300710576897891e-13  7.667233467705334e-13  7.082100803744708e-13  6.541623129863069e-13  6.042392555402841e-13  5.581261266323045e-13  5.155321677189698e-13  4.761888097887101e-13  4.3984797994525727e-13  4.06280537225909e-13  3.75274827791904e-13  3.4663535038089983e-13  3.201815236067943e-13  
1.0716191200239108e-12  1.003710324437601e-12  9.401049277285714e-13  8.805302223375574e-13  8.247307822576202e-13  7.724673678974688e-13  7.235159003438911e-13  6.776665006254519e-13  6.347225898583158e-13  5.945000464160712e-13  5.568264165099345e-13  5.215401747947e-13  4.884900318302936e-13  4.575342854296758e-13  4.285402131120047e-13  4.013835030562085e-13  3.759477211151837e-13  3.5212381160545e-13  
1.4699886879105622e-12  1.323304176853517e-12  1.1912567483543166e-12  1.0723858243037842e-12  9.653765720583833e-13  8.690453610613871e-13  7.823266706918198e-13  7.042613045287451e-13  6.339857806687404e-13  5.707227807427359e-13  5.137725519886907e-13  4.625051672783285e-13  4.1635355748600466e-13  3.7480723913065437e-13  3.3740666791220015e-13  3.037381556868196e-13  2.7342929465767913e-13  2.461448381680557e-13  
1.614821258533076e-12  1.4024750156496138e-12  1.2180519417413257e-12  1.0578801876856255e-12  9.187707462605371e-13  7.97953959257814e-13  6.930243738024531e-13  6.018928499721947e-13  5.227449661834223e-13  4.540048941979143e-13  3.9430402450462857e-13  3.4245371741030233e-13  2.974216373151894e-13  2.5831119899119793e-13  2.2434371663941677e-13  1.9484290031614909e-13  1.6922139105249474e-13  1.4696906658275567e-13  
1.3699087024726228e-12  1.215463870859614e-12  1.0784312988876432e-12  9.568479115697364e-13  8.489719528909495e-13  7.53258034093481e-13  6.683349950422428e-13  5.929862615214824e-13  5.261324170687764e-13  4.668157396773089e-13  4.141864818452856e-13  3.674906974258432e-13  3.2605944088966847e-13  2.89299184273193e-13  2.566833145293134e-13  2.2774458947501293e-13  2.020684442627409e-13  1.7928705248668175e-13  
1.2474051552316597e-12  1.132195075523773e-12  1.02762577472451e-12  9.327144727154188e-13  8.46569158744605e-13  7.68380207986989e-13  6.974127723973043e-13  6.329998743423256e-13  5.745361381037835e-13  5.214721003383586e-13  4.733090460224063e-13  4.2959432134774497e-13  3.8991707951741306e-13  3.539044194588415e-13  3.2121788116467005e-13  2.9155026472315604e-13  2.64622743142269e-13  2.401822418327497e-13  
1.1678007035847497e-12  1.0967427133077055e-12  1.0300084385128605e-12  9.673347910450598e-13  9.084746910590538e-13  8.531960929506138e-13  8.012810705574995e-13  7.52524958023849e-13  7.067355429409944e-13  6.637323085838075e-13  6.23345722255222e-13  5.854165669333575e-13  5.497953135863798e-13  5.163415316805616e-13  4.849233355575714e-13  4.554168644984356e-13  4.277057944244115e-13  4.0168087930974126e-13  
1.3015433442844607e-12  1.1745524202459901e-12  1.0599519362639052e-12  9.5653296338558e-13  8.632045272432003e-13  7.789820992847448e-13  7.029772109097197e-13  6.34388080948404e-13  5.724911576131925e-13  5.166334856974551e-13  4.662258185029333e-13  4.207364018328883e-13  3.796853644778831e-13  3.4263965601902455e-13  3.09208478547174e-13  2.7903916410699863e-13  2.5181345437671585e-13  2.272441433375981e-13  
1.5244982012359116e-12  1.3324737707193961e-12  1.1646365657996693e-12  1.017939985164095e-12  8.897211746776944e-13  7.776526909317228e-13  6.797002532084515e-13  5.940858169706962e-13  5.192552985815941e-13  4.538503653898204e-13  3.966837791104532e-13  3.467178449315407e-13  3.030455751519387e-13  2.6487422543048645e-13  2.31510904794517e-13  2.0234999819883185e-13  1.7686217332790186e-13  1.545847720914355e-13  
1.6359233131709772e-12  1.4298161355393045e-12  1.2496760483753094e-12  1.0922315024049462e-12  9.546231252465253e-13  8.343517919496663e-13  7.292332380381472e-13  6.373583907777854e-13  5.570586982399698e-13  4.868758264971215e-13  4.2553517461662477e-13  3.719227264553294e-13  3.250648188568374e-13  2.84110458818977e-13  2.483158684910751e-13  2.1703097732056574e-13  1.8968761603092173e-13  1.6578919802009674e-13  
1.3191808930033475e-12  1.2141584900636632e-12  1.1174971126495343e-12  1.0285311242312084e-12  9.466478808201456e-13  8.712835121359191e-13  8.019190386421319e-13  7.380767977122032e-13  6.793171543146347e-13  6.252354735666328e-13  5.754593343082753e-13  5.296459645091323e-13  4.87479880846856e-13  4.4867071620323363e-13  4.1295122011725364e-13  3.8007541842575783e-13  3.4981691941846695e-13  3.219673548431013e-13  
1.3353681662041573e-12  1.1970982127870381e-12  1.0731453447264749e-12  9.620271073890407e-13  8.624145460810965e-13  7.731163119829741e-13  6.930644138253558e-13  6.21301444900392e-13  5.569691326448426e-13  4.992980738502586e-13  4.475985327351099e-13  4.0125219182541313e-13  3.5970475698583304e-13  3.224593281587216e-13  2.8907045652629313e-13  2.59138817020634e-13  2.3230643246569737e-13  2.0825239223285697e-13  
7.500140187948353e-13  7.403461406821137e-13  7.308028840629378e-13  7.213826425334543e-13  7.120838303967784e-13  7.029048823960754e-13  6.938442534510834e-13  6.849004183980316e-13  6.760718717329118e-13  6.673571273580585e-13  6.587547183319965e-13  6.502631966225119e-13  6.418811328629079e-13  6.336071161113999e-13  6.254397536136147e-13  6.173776705681494e-13  6.094195098951532e-13  6.015639320078916e-13  
1.439049391046382e-12  1.3175984008071147e-12  1.2063974708658977e-12  1.1045815301689125e-12  1.0113585167868124e-12  9.260032161870456e-13  8.47851619535532e-13  7.762957581389454e-13  7.107789738429162e-13  6.507915885929195e-13  5.958669394698452e-13  5.455777483554022e-13  4.995327979857051e-13  4.573738885349033e-13  4.18773051053045e-13  3.8342999608053337e-13  3.510697775910497e-13  3.214406540899383e-13  
1.0286299980231535e-12  9.792361994050417e-13  9.32214242310719e-13  8.874502332480603e-13  8.448357477781699e-13  8.042675678968386e-13  7.656474320266801e-13  7.288817970144013e-13  6.938816115567278e-13  6.605621005061932e-13  6.288425595343525e-13  5.98646159655065e-13  5.698997611343768e-13  5.42533736336267e-13  5.164818010751662e-13  4.916808540667626e-13  4.680708240882201e-13  4.4559452447761243e-13  
1.0690427500742789e-12  1.0133664519701414e-12  9.605898042030603e-13  9.105617914871155e-13  8.631392634904082e-13  8.181865252241989e-13  7.755749487647862e-13  7.351826051971138e-13  6.968939157269434e-13  6.605993209632848e-13  6.26194967424769e-13  5.935824103729301e-13  5.626683321220842e-13  5.333642750197743e-13  5.055863883337321e-13  4.792551883210971e-13  4.542953307933546e-13  4.306353955262091e-13  
1.223667469262866e-12  1.1061152456020925e-12  9.998557347368275e-13  9.038040965993083e-13  8.169797068221031e-13  7.384961452050585e-13  6.675521459451455e-13  6.03423417236974e-13  5.454552467274487e-13  4.930558173311005e-13  4.4569016516493974e-13  4.0287471791730077e-13  3.641723578909985e-13  3.2918795931769807e-13  2.975643543823976e-13  2.6897868677377453e-13  2.431391155325294e-13  2.1978183554617814e-13  
1.0968065561840114e-12  1.0232115912592103e-12  9.545547978212084e-13  8.9050482796247e-13  8.307525669919683e-13  7.750096416016634e-13  7.230070281339808e-13  6.744937542335846e-13  6.292356876174235e-13  5.870144061174719e-13  5.476261435428265e-13  5.108808062737292e-13  4.766010558414557e-13  4.446214530664604e-13  4.1478765962426415e-13  3.869556931857204e-13  3.6099123253685687e-13  3.3676896932469787e-13  
1.4296272672171823e-12  1.275667225821103e-12  1.1382875161591982e-12  1.0157025619356807e-12  9.063190799137438e-13  8.087153714078269e-13  7.21622843925501e-13  6.439095227887345e-13  5.745653384288099e-13  5.126889981282765e-13  4.57476271576977e-13  4.082095379850696e-13  3.642484588929008e-13  3.2502165544869247e-13  2.9001928198046096e-13  2.5878639933805835e-13  2.309170618761441e-13  2.0604904122435886e-13  
1.3907111090974146e-12  1.23111589167623e-12  1.0898355012935996e-12  9.647681651340703e-13  8.540533056147997e-13  7.560438613044442e-13  6.692817842378817e-13  5.924763491099443e-13  5.244849516625769e-13  4.642961106105671e-13  4.110144202321856e-13  3.638472297703433e-13  3.22092851478952e-13  2.8513012189023487e-13  2.5240916101006006e-13  2.2344319196948505e-13  1.9780129943668043e-13  1.7510201905897643e-13  
8.778471566978976e-13  8.366934617419128e-13  7.974690623308394e-13  7.600835126054757e-13  7.244506068311918e-13  6.904881806198267e-13  6.581179214703512e-13  6.272651881914323e-13  5.978588387895143e-13  5.698310664255489e-13  5.431172430621147e-13  5.176557704403999e-13  4.933879380434206e-13  4.702577877179593e-13  4.48211984643061e-13  4.2719969434755924e-13  4.0717246549304963e-13  3.8808411815202854e-13  
1.359642650455299e-12  1.2161960898414343e-12  1.0878835909202186e-12  9.731084627543663e-13  8.704424703043537e-13  7.786080618032792e-13  6.964624711993754e-13  6.229834978406562e-13  5.572567864474001e-13  4.984644490873987e-13  4.458748875684744e-13  3.988336896004838e-13  3.567554854407592e-13  3.1911666368897787e-13  2.854488555884991e-13  2.5533310675433133e-13  2.2839466380206257e-13  2.0429831100377785e-13  
1.4568527482883238e-12  1.317728029615152e-12  1.1918892709462635e-12  1.07806770613486e-12  9.751157320915912e-13  8.819953381050208e-13  7.977676401245073e-13  7.215834144851728e-13  6.526745356314751e-13  5.903462315104458e-13  5.339700785497875e-13  4.829776655928754e-13  4.3685486290744167e-13  3.9513663848536956e-13  3.574023693690647e-13  3.2327160073097337e-13  2.92400209947269e-13  2.64476936990077e-13  
8.41238559499873e-13  8.071815893352991e-13  7.745033924136924e-13  7.431481500393106e-13  7.130623032982935e-13  6.841944615729335e-13  6.56495314759681e-13  6.299175490409469e-13  6.044157660668245e-13  5.799464054086852e-13  5.56467670152187e-13  5.339394555025995e-13  5.123232802804941e-13  4.915822211907841e-13  4.716808497528381e-13  4.5258517178393534e-13  4.342625693326906e-13  4.1668174496326635e-13  
1.0091950087390724e-12  9.558599871006924e-13  9.053436719645576e-13  8.574970973023117e-13  8.121791698022444e-13  7.692562528035098e-13  7.286017722190323e-13  6.900958432850224e-13  6.536249170364372e-13  6.190814454658836e-13  5.86363564378563e-13  5.553747930080397e-13  5.260237495070376e-13  4.982238814742842e-13  4.718932107227613e-13  4.4695409153671855e-13  4.2333298170457834e-13  4.0096022565254026e-13  
1.5224910989585266e-12  1.3561541048794754e-12  1.2079899563547797e-12  1.0760132122180235e-12  9.584553470639195e-13  8.53741052511614e-13  7.604671276303393e-13  6.773836756531878e-13  6.033773550097071e-13  5.374564602364383e-13  4.787376328454273e-13  4.2643402407260657e-13  3.7984475088355955e-13  3.383455039441866e-13  3.0138018170044e-13  2.6845343846145367e-13  2.391240466282866e-13  2.1299898412028466e-13  
1.1881539306303115e-12  1.0875860296201478e-12  9.955304117854686e-13  9.112665791927203e-13  8.341350184011761e-13  7.635320386044602e-13  6.989050466828608e-13  6.397482221853662e-13  5.855985583905116e-13  5.360322384603413e-13  4.906613183244812e-13  4.4913069033203283e-13  4.111153039064905e-13  3.7631762145039845e-13  3.4446528958770193e-13  3.153090075171491e-13  2.886205757928392e-13  2.641911102601766e-13  
1.15179400645021e-12  1.06801256461595e-12  9.903253809185779e-13  9.182891593079668e-13  8.514928490678183e-13  7.895552992915966e-13  7.321230839717734e-13  6.788684852919774e-13  6.294876236143815e-13  5.836987234917149e-13  5.412405058094831e-13  5.018706968836866e-13  4.653646460066996e-13  4.3151404355279917e-13  4.0012573232863594e-13  3.7102060538601587e-13  3.4403258400772956e-13  3.190076700346426e-13  
1.351200901835451e-12  1.2130523475663204e-12  1.089028282868449e-12  9.776846013832574e-13  8.777248440823134e-13  7.879851036104437e-13  7.074204720286255e-13  6.350928741574378e-13  5.701601448554545e-13  5.118662230510333e-13  4.595323483491705e-13  4.125491577088289e-13  3.7036959016635337e-13  3.3250251698927885e-13  2.985070230915772e-13  2.6798727312451765e-13  2.4058790246513715e-13  2.1598987943610207e-13  
1.1738421627397628e-12  1.0800602660938095e-12  9.93770896482312e-13  9.14375452646715e-13  8.413231574424217e-13  7.741072370217777e-13  7.122614052739913e-13  6.553566291340701e-13  6.029981523212744e-13  5.548227568603502e-13  5.104962433883376e-13  4.697111127674959e-13  4.321844329213716e-13  3.9765587609596164e-13  3.658859129301767e-13  3.366541508076268e-13  3.097578049626433e-13  2.8501029173438974e-13  
1.103293777646836e-12  1.0360209209530425e-12  9.728499973431066e-13  9.135308932370292e-13  8.5782874562122e-13  8.055230121518653e-13  7.564065979583366e-13  7.102850356893798e-13  6.669757155556331e-13  6.263071623199625e-13  5.88118356372999e-13  5.522580962057976e-13  5.185843997554473e-13  4.869639422533727e-13  4.572715283505889e-13  4.2938959642988875e-13  4.0320775314237935e-13  3.7862233632544846e-13  
1.1003003439376033e-12  1.0378052246405295e-12  9.788597179173997e-13  9.232622120333004e-13  8.708225464443444e-13  8.213613613902143e-13  7.747094844287008e-13  7.307073518139976e-13  6.892044627396903e-13  6.500588645797801e-13  6.131366673671095e-13  5.783115858485577e-13  5.454645075506935e-13  5.144830853785369e-13  4.852613533539929e-13  4.576993641796654e-13  4.3170284738840557e-13  4.0718288690936506e-13  
1.297023052111439e-12  1.179055794392227e-12  1.071817932631812e-12  9.743336033586988e-13  8.857157001496596e-13  8.051578009701392e-13  7.319268297417902e-13  6.653563853574778e-13  6.048406774378585e-13  5.498290136449746e-13  4.998207883874764e-13  4.54360927314738e-13  4.1303574614481025e-13  3.754691861415842e-13  3.413193919840464e-13  3.1027560088627086e-13  2.82055314659169e-13  2.5640172897978906e-13  
9.855565931438232e-13  9.461068855155011e-13  9.082362647126204e-13  8.718815232907612e-13  8.369819838633614e-13  8.034793978289499e-13  7.713178481521099e-13  7.404436560359126e-13  7.108052913300516e-13  6.823532865251455e-13  6.550401541896659e-13  6.288203077116846e-13  6.036499852131598e-13  5.794871765097688e-13  5.56291552994381e-13  5.340244003271459e-13  5.1264855381985e-13  4.921283364066994e-13  
1.1122556380606056e-12  1.047194434037372e-12  9.859389740572378e-13  9.282666417708895e-13  8.739678427344338e-13  8.228452426952582e-13  7.747130504342321e-13  7.293963425579294e-13  6.867304277870158e-13  6.465602484304792e-13  6.087398168705218e-13  5.731316850101726e-13  5.396064447554725e-13  5.08042257716868e-13  4.783244124206409e-13  4.5034490742118236e-13  4.2400205879904105e-13  3.9920013061830713e-13  
1.2476831525144093e-12  1.1528012526404225e-12  1.0651347863527228e-12  9.8413504539497e-13  9.092950488369748e-13  8.401463698588274e-13  7.762562038468935e-13  7.172246594507599e-13  6.626822556457398e-13  6.122876091349376e-13  5.657252976162261e-13  5.227038855402269e-13  4.829541000024289e-13  4.462271453522716e-13  4.1229314597026076e-13  3.809397074663858e-13  3.5197058729432026e-13  3.2520446646071997e-13  
1.3731512863615299e-12  1.2440983976779326e-12  1.1271742876970164e-12  1.0212390573098256e-12  9.252599385547728e-13  8.383012261101317e-13  7.595151550551538e-13  6.881336359666362e-13  6.234607667759793e-13  5.648660483844422e-13  5.117782378952867e-13  4.636797795376554e-13  4.201017589889762e-13  3.8061933190532734e-13  3.4484758209226924e-13  3.1243776893724287e-13  2.8307392751955834e-13  2.5646978825227583e-13  
1.4933870470553011e-12  1.3265011395213314e-12  1.1782647215408928e-12  1.0465937138424243e-12  9.296369328804204e-13  8.25750064752857e-13  7.334725475316891e-13  6.515070369914427e-13  5.787011670413344e-13  5.140313484279389e-13  4.565883779318046e-13  4.0556465573543106e-13  3.6024283124956284e-13  3.1998571776767277e-13  2.8422733415716505e-13  2.52464947641017e-13  2.242520057980662e-13  1.9919185841181565e-13  
9.91225190261311e-13  9.33950211995988e-13  8.799846967745052e-13  8.291374171888342e-13  7.812281953338716e-13  7.360872643450119e-13  6.935546668273607e-13  6.534796880449122e-13  6.157203218611941e-13  5.801427675389307e-13  5.466209556156309e-13  5.150361011750352e-13  4.852762829314327e-13  4.572360466353319e-13  4.308160313951451e-13  4.0592261759075534e-13  3.824675951313438e-13  3.6036785088194354e-13  
1.4324864498450745e-12  1.2895191026830415e-12  1.1608204156935078e-12  1.0449663248005867e-12  9.406748926920621e-13  8.467921240524988e-13  7.622791964875771e-13  6.862009658485218e-13  6.177156187668806e-13  5.560653579038854e-13  5.005680168457393e-13  4.506095118627882e-13  4.056370470105246e-13  3.6515299738617563e-13  3.2870940285848394e-13  2.959030113432441e-13  2.663708167779302e-13  2.3978604242265216e-13  
1.032597158696366e-12  9.850342705246858e-13  9.396621963719866e-13  8.963800242404844e-13  8.550914902819916e-13  8.157047646975598e-13  7.781322474988901e-13  7.422903736772609e-13  7.080994273466526e-13  6.754833644477007e-13  6.443696436181594e-13  6.146890648537082e-13  5.863756156002724e-13  5.593663239355481e-13  5.336011185131946e-13  5.090226949581969e-13  4.855763884162446e-13  4.632100519736692e-13  
1.2510794812988461e-12  1.137034165785816e-12  1.0333849395579878e-12  9.39184120793099e-13  8.535704160031543e-13  7.757610450872429e-13  7.050445842450888e-13  6.407744613129254e-13  5.823630440484867e-13  5.292762673133374e-13  4.81028750027991e-13  4.3717935725333933e-13  3.97327166821778e-13  3.611078036402761e-13  3.281901081493249e-13  2.982731084769399e-13  2.7108326860362554e-13  2.463719873778255e-13  
1.1543110134570455e-12  1.0592109302750602e-12  9.719458462534267e-13  8.918702602549349e-13  8.183918519672368e-13  7.509671005005999e-13  6.890972639557206e-13  6.323246902224057e-13  5.802294317200388e-13  5.324261390390191e-13  4.885612105053903e-13  4.4831017658394797e-13  4.113752997722138e-13  3.774833722316581e-13  3.4638369486521415e-13  3.178462228922925e-13  2.9165986420408295e-13  2.6763091791205576e-13  
1.028365067705405e-12  9.729060362882924e-13  9.204378728637956e-13  8.707992819472898e-13  8.238376666103632e-13  7.794086593735736e-13  7.373756783978417e-13  6.976095076101389e-13  6.59987899472716e-13  6.243951991747154e-13  5.90721989090877e-13  5.588647524143437e-13  5.287255549295234e-13  5.002117439467229e-13  4.732356634730355e-13  4.4771438474386765e-13  4.235694512867188e-13  4.007266377334985e-13  
1.4054094856217603e-12  1.2569630135325034e-12  1.12419621011006e-12  1.0054529092897147e-12  8.992518776594874e-13  8.042683371868441e-13  7.193174396086476e-13  6.433394863397887e-13  5.753867095299707e-13  5.146114493722646e-13  4.602555801842494e-13  4.116410533600483e-13  3.6816143922369505e-13  3.2927436227481393e-13  2.944947354619839e-13  2.633887090864396e-13  2.3556825885322663e-13  2.1068634555982101e-13  
1.1011920628898546e-12  1.020819099557185e-12  9.463123365473926e-13  8.772436161218402e-13  8.132160305911663e-13  7.538616414606111e-13  6.988393650486167e-13  6.478330124282774e-13  6.00549472428045e-13  5.567170272501855e-13  5.160837910275887e-13  4.784162623459962e-13  4.4349798241363004e-13  4.1112829116730924e-13  3.8112117416694033e-13  3.533041936519914e-13  3.27517497617196e-13  3.0361290121308295e-13  
1.0404423410033216e-12  9.686363490188748e-13  9.017860381727969e-13  8.39549392779955e-13  7.816080013229611e-13  7.276654274136233e-13  6.774456931822818e-13  6.30691867335829e-13  5.871647506607226e-13  5.466416522458352e-13  5.08915250164123e-13  4.737925307842019e-13  4.41093801285195e-13  4.106517703227385e-13  3.8231069214270377e-13  3.559255697637985e-13  3.3136141315241606e-13  3.0849254859445064e-13  
1.3817558720392851e-12  1.2441369264380087e-12  1.120224435480168e-12  1.0086532753590673e-12  9.08194284707322e-13  8.177407231255162e-13  7.362960784028055e-13  6.629630881035843e-13  5.969338545728238e-13  5.374809444586976e-13  4.839493746973777e-13  4.3574939667090004e-13  3.92349999042332e-13  3.5327305769003765e-13  3.1808806829180935e-13  2.86407403528605e-13  2.578820426572706e-13  2.3219772640564553e-13  
1.1862524762579496e-12  1.0930297242657561e-12  1.0071329687734075e-12  9.279864895455663e-13  8.550598098560049e-13  7.878641409844439e-13  7.259491061259081e-13  6.688997217547061e-13  6.163336162107234e-13  5.678984668656945e-13  5.232696386921417e-13  4.821480084075658e-13  4.4425795961028533e-13  4.0934553546938783e-13  3.771767365872546e-13  3.4753595262614046e-13  3.202245171868332e-13  2.950593762535158e-13  
1.4728041835908926e-12  1.3252234471004741e-12  1.1924308773098214e-12  1.0729446421076393e-12  9.6543139475277e-13  8.686913950596656e-13  7.816451214992385e-13  7.033212248195402e-13  6.328456887607405e-13  5.694320769088344e-13  5.123727568527354e-13  4.610310037151323e-13  4.148338949404225e-13  3.732659170526695e-13  3.358632130414034e-13  3.0220840618185344e-13  2.719259425286254e-13  2.4467790010972015e-13  
1.2077004097847338e-12  1.1151368366010657e-12  1.0296677506023901e-12  9.507493984882794e-13  8.778797026487417e-13  8.105950669524866e-13  7.484674273538954e-13  6.911015285546946e-13  6.381324093944882e-13  5.892230809722301e-13  5.440623827268754e-13  5.023630028376225e-13  4.638596503495529e-13  4.283073673957575e-13  3.9547997077832303e-13  3.6516861299353986e-13  3.3718045354658634e-13  3.1133743210261333e-13  
1.175325843816589e-12  1.0668981186354241e-12  9.684732123744875e-13  8.791283316598183e-13  7.980258138808745e-13  7.244052735939598e-13  6.575764734461008e-13  5.969128527799497e-13  5.418456532464477e-13  4.918585863492929e-13  4.4648299292619793e-13  4.052934491841303e-13  3.679037780924419e-13  3.3396342873827196e-13  3.0315418969847776e-13  2.751872056139563e-13  2.4980026899492357e-13  2.2675536186618238e-13  
1.1862891508988714e-12  1.0864800905833726e-12  9.95068517940685e-13  9.113479059381714e-13  8.346711715658946e-13  7.644456744825699e-13  7.001286364530641e-13  6.41222946173925e-13  5.872733170621174e-13  5.378627683102199e-13  4.926094020098884e-13  4.5116345143373063e-13  4.13204577661533e-13  3.7843939365625854e-13  3.465991966532107e-13  3.174378913358254e-13  2.907300877461565e-13  2.66269359228662e-13  
1.1677552148994314e-12  1.083722152823254e-12  1.0057362104103414e-12  9.33362229696455e-13  8.66196367204977e-13  8.038638405189248e-13  7.460168370123391e-13  6.923325730718603e-13  6.42511492979045e-13  5.962755974032623e-13  5.533668921782436e-13  5.135459487065241e-13  4.765905679589062e-13  4.4229454061411677e-13  4.1046649642029877e-13  3.8092883635782696e-13  3.535167416449636e-13  3.2807725405665284e-13  
1.7030031583583472e-12  1.4819460281602895e-12  1.2895830636609656e-12  1.1221896388127616e-12  9.76524600039096e-13  8.497675094295049e-13  7.39464034037764e-13  6.434784238838509e-13  5.599521585155268e-13  4.872679614239768e-13  4.240184855429832e-13  3.68979063504909e-13  3.2108399503058566e-13  2.794059123179209e-13  2.4313782389176117e-13  2.1157748923922618e-13  1.841138216845403e-13  1.6021505622915801e-13  
1.4849047485704776e-12  1.3240260503066282e-12  1.1805773963469589e-12  1.05267036735613e-12  9.38621140586387e-13  8.36928323315892e-13  7.462531878738181e-13  6.654020480576336e-13  5.933105449382126e-13  5.290296351843945e-13  4.717130974513177e-13  4.2060639236128785e-13  3.7503672942521005e-13  3.3440421014130017e-13  2.9817393067504135e-13  2.6586894015669546e-13  2.3706396189638895e-13  2.1137979486016795e-13  
8.665498587969515e-13  8.259638007051012e-13  7.872786466347712e-13  7.50405365123708e-13  7.152590946210162e-13  6.817589481836084e-13  6.49827827319965e-13  6.193922445527777e-13  5.903821542921189e-13  5.627307916298971e-13  5.363745186845967e-13  5.112526781426755e-13  4.873074536595512e-13  4.644837367989008e-13  4.427290002040418e-13  4.219931767095065e-13  4.0222854411459234e-13  3.833896153537021e-13  
