|                            Parameters |   0 |   1 |   2 |   3 |   4 |                      5 |                       6 |   7 |                       8 |                      9 |  10 |                      11 |                     12 |                      13 |                     14 |  15 |
|               aEaZD8Bs.spectral.index | 0.0 | 0.0 | 0.0 | 0.0 | 0.0 |                    0.0 |                     0.0 | 0.0 |                     0.0 |                    0.0 | 0.0 |                     0.0 |                    0.0 |                     0.0 |                    0.0 | 0.0 |
|           aEaZD8Bs.spectral.amplitude | 0.0 | 0.0 | 0.0 | 0.0 | 0.0 |                    0.0 |                     0.0 | 0.0 |                     0.0 |                    0.0 | 0.0 |                     0.0 |                    0.0 |                     0.0 |                    0.0 | 0.0 |
|           aEaZD8Bs.spectral.reference | 0.0 | 0.0 | 0.0 | 0.0 | 0.0 |                    0.0 |                     0.0 | 0.0 |                     0.0 |                    0.0 | 0.0 |                     0.0 |                    0.0 |                     0.0 |                    0.0 | 0.0 |
|                aEaZD8Bs.spatial.lon_0 | 0.0 | 0.0 | 0.0 | 0.0 | 0.0 |                    0.0 |                     0.0 | 0.0 |                     0.0 |                    0.0 | 0.0 |                     0.0 |                    0.0 |                     0.0 |                    0.0 | 0.0 |
|                aEaZD8Bs.spatial.lat_0 | 0.0 | 0.0 | 0.0 | 0.0 | 0.0 |                    0.0 |                     0.0 | 0.0 |                     0.0 |                    0.0 | 0.0 |                     0.0 |                    0.0 |                     0.0 |                    0.0 | 0.0 |
|           dataset N-bkg.spectral.norm | 0.0 | 0.0 | 0.0 | 0.0 | 0.0 |   0.009899241694174343 |  2.0934722221639496e-07 | 0.0 |   -0.009896813485760537 | -6.785425803122599e-09 | 0.0 |                     0.0 |                    0.0 |                     0.0 |                    0.0 | 0.0 |
|           dataset N-bkg.spectral.tilt | 0.0 | 0.0 | 0.0 | 0.0 | 0.0 | 2.0934722221639496e-07 |   0.0003169482304518012 | 0.0 | -2.8708176942533792e-08 |   -0.00031441514318304 | 0.0 |                     0.0 |                    0.0 |                     0.0 |                    0.0 | 0.0 |
|      dataset N-bkg.spectral.reference | 0.0 | 0.0 | 0.0 | 0.0 | 0.0 |                    0.0 |                     0.0 | 0.0 |                     0.0 |                    0.0 | 0.0 |                     0.0 |                    0.0 |                     0.0 |                    0.0 | 0.0 |
|  dataset N-bkg.spectral.norm_nuisance | 0.0 | 0.0 | 0.0 | 0.0 | 0.0 |  -0.009896813485760537 | -2.8708176942533792e-08 | 0.0 |     0.00989681953608279 | 2.8774519189063786e-08 | 0.0 |                     0.0 |                    0.0 |                     0.0 |                    0.0 | 0.0 |
|  dataset N-bkg.spectral.tilt_nuisance | 0.0 | 0.0 | 0.0 | 0.0 | 0.0 | -6.785425803122599e-09 |    -0.00031441514318304 | 0.0 |  2.8774519189063786e-08 |  0.0003147175444843932 | 0.0 |                     0.0 |                    0.0 |                     0.0 |                    0.0 | 0.0 |
|      dataset N-bkg.spectral.reference | 0.0 | 0.0 | 0.0 | 0.0 | 0.0 |                    0.0 |                     0.0 | 0.0 |                     0.0 |                    0.0 | 0.0 |                     0.0 |                    0.0 |                     0.0 |                    0.0 | 0.0 |
|       dataset N-irf.e_reco_model.bias | 0.0 | 0.0 | 0.0 | 0.0 | 0.0 |                    0.0 |                     0.0 | 0.0 |                     0.0 |                    0.0 | 0.0 |    0.010000000006927717 |  8.229908814805853e-22 | -5.7375635417208996e-12 |  4.303172371853736e-13 | 0.0 |
| dataset N-irf.e_reco_model.resolution | 0.0 | 0.0 | 0.0 | 0.0 | 0.0 |                    0.0 |                     0.0 | 0.0 |                     0.0 |                    0.0 | 0.0 |   8.229908814805853e-22 |   0.009999999995395187 |  8.2299088184069855e-22 |  4.303172924369737e-13 | 0.0 |
|  dataset N-irf.spectral.norm_nuisance | 0.0 | 0.0 | 0.0 | 0.0 | 0.0 |                    0.0 |                     0.0 | 0.0 |                     0.0 |                    0.0 | 0.0 | -5.7375635417208996e-12 | 8.2299088184069855e-22 |    0.010000000006927696 |   4.30317237373666e-13 | 0.0 |
|  dataset N-irf.spectral.tilt_nuisance | 0.0 | 0.0 | 0.0 | 0.0 | 0.0 |                    0.0 |                     0.0 | 0.0 |                     0.0 |                    0.0 | 0.0 |   4.303172371853736e-13 |  4.303172924369737e-13 |    4.30317237373666e-13 | 0.00022500000007465127 | 0.0 |
|      dataset N-irf.spectral.reference | 0.0 | 0.0 | 0.0 | 0.0 | 0.0 |                    0.0 |                     0.0 | 0.0 |                     0.0 |                    0.0 | 0.0 |                     0.0 |                    0.0 |                     0.0 |                    0.0 | 0.0 |
