0.24890270463947672    0.21449329688039143    0.3121519216510933    0.07036617495759856    0.20108965372492094    0.3060344896221068    
21.066321232472546    35.58756300347159    0.8774825221480569    2.91637770163652    2.856132698885631    0.7877984424267197    
0.8420551807794254    0.8579379569273442    0.4766869461891474    0.48067430579976644    0.33609543927013874    0.47268455479934346    
0.33953564333205577    0.6417948148882715    0.4083404580451315    0.31945082696620375    0.4454434076324105    0.4337950050685322    
0.09808012522989884    1.2483128751191543    1.4969413930812152    0.1081779258674942    0.1900334636302432    1.3180675698531559    
1.289831457164837    0.6678115045215236    0.837067026324803    0.1594666854798561    0.13295714851119556    0.739057538783527    
0.32004098827019334    0.9366705541469855    2.066279115912039    0.2884445988602238    0.14901766130060423    1.7726108731003478    
1.571435232021031    2.6375635941076325    0.07158408866962418    0.2774670643848367    0.24552925799798686    0.07936793797125574    
0.6031121913692914    1.1182307884882903    0.7506116865260992    0.524838821060257    0.7392200917529408    0.713932103040861    
9.513212363453931    17.557408914610278    0.3263646511331899    1.2843559698958416    1.4082210215565283    0.2910324416588992    
3.0087193567451322    4.961763474944746    0.745912093349034    1.1347739422490122    0.7685148887103423    0.7362322874105303    
4.461588939244393    3.1354283824766753    5.450329112398322    4.454106837409199    1.6427020705014002    5.015246497670887    
0.9512387785944156    0.3374222551647108    1.288325470755808    0.8743064282462001    0.2398645868524909    1.1129595910897478    
9.01599518590956    10.036429064188269    1.6527569208992645    1.5059458231553435    1.8592323901539203    1.5610142716323026    
3.4529713887750404    3.752264084876515    2.070390202017734    2.2512114816636313    1.6927986410009908    1.9436469678912545    
14.380394468666054    14.343445101956604    2.752862976922188    1.554659427027218    1.440898806511541    2.473868677931023    
12.50166906096274    19.388031278926064    0.9496336848242208    1.7108599917701213    1.8129938312631566    0.9340704556088895    
4.570120670279721    5.1171541398070985    1.3092291639914038    1.2754385873413412    1.4825652298459318    1.257296463169041    
7.7872686585760675    24.474844225638662    2.0231399643525947    1.5566797231003875    3.42012303811498    1.9572407178202411    
25.422300416175858    54.35200258700934    0.7486482904350851    3.6397804945299868    4.67096318260883    0.7139648323645815    
17.073626375975437    15.717141582732438    9.234018471310264    3.3538746386329876    7.843429921558709    9.053952624177327    
36.84980324047501    53.89516594372981    3.431969704819494    7.188767314844881    5.678569699040963    3.2072485171083827    
5.1011969744140515    5.706701333081583    0.7029185408318881    0.6825508621841436    0.3887737001205096    0.6170429652847815    
8.789845665931352    7.519756357796723    4.307686457774253    3.888846092726453    2.08192932541715    3.980070340578095    
7.451680169178871    8.610303015055251    2.745139358637971    2.7975189269927796    1.9802408698596992    2.6225499982974725    
15.451819556314149    17.7481653639843    3.0506247759913094    3.1973931416578125    1.9463624500349397    2.769934500407544    
7.268756345991278    12.02698633239197    1.9571625427197432    2.2180477137007983    2.186663227432291    1.8496471186954295    
5.3318397013354115    8.332659261111985    0.04862561605114024    0.5094994873652468    0.5432117390737403    0.047510618474916555    
1.677241598808905    4.482033540683915    0.1933175431768177    0.2345810944243567    0.3224765921913786    0.17007477056176867    
0.4351719637779752    0.42873105277249124    0.3701874305988895    0.39763535144447815    0.2403361239557853    0.3699173189816065    
0.6770367352000903    2.8295809252158506    1.5179288718645694    0.5529317517066374    1.4146866497176234    1.4569701244618045    
9.95486815465847    9.259538924015942    2.28325496808975    1.3174068702646764    0.6784058037592331    1.98829248585389    
11.268115703598596    15.93992121318297    0.8511549325630767    1.904512500448618    1.772573238471523    0.814926365725114    
1.258183778700186    0.5433144350827206    0.871439247217495    0.1789704105030978    0.07912422847584821    0.7570675955794286    
5.7021280735352775    3.2995138109545223    2.6687491985067027    1.3506643367436482    0.29613008882733993    2.328478750612703    
4.2582751801091945    7.600761610738118    1.4700259365781676    1.5915086500463076    0.9098880758538144    1.2824537910637446    
10.456882939382922    11.017150756073534    1.7674239776824834    1.5632149492303142    0.7914167994022137    1.5384902647638228    
3.1475248532369733    2.234213076371816    1.2288369123707525    0.5381021199573297    0.1548114141478436    1.0580156077485299    
16.793929899911745    16.8544886719028    4.276850177819142    3.4823348407808226    1.5342292053828714    3.7560701868642354    
4.104229169432074    4.9987810308957705    2.530423713978962    2.6133148723165505    1.4230309293488972    2.2819779756391654    
1.6759207111026626    2.2470716242678463    2.721327218096121    0.9865269310685107    2.1841069363290444    2.601179123754264    
16.658219360964722    17.79239399933431    2.835969875275623    2.1747564124234486    2.6363396421074867    2.606640732017695    
27.85113738993823    37.51750315782556    2.1481877576297848    4.454183927300619    4.277496396331117    2.0805173756816657    
9.68771581207693    17.821318872243864    0.18284763289557304    1.2068165773816872    1.3436598402040545    0.15892539096239489    
4.384307125073974    11.028946292150067    8.487355569261126    4.229671732507995    8.00998336628254    8.30743397756305    
12.389639161963714    9.797234596146154    4.649527073153877    1.425656424384215    2.1273479785886593    4.162777429257403    
1.414487327914685    2.6191670163098024    0.2705593408754794    0.3195496115949936    0.38003915884473827    0.24482954294944648    
2.8005536704149563    4.829993166727945    0.02548683897475712    0.27593013005389366    0.33942238976305816    0.03152939504070673    
5.203030601493083    6.224501958393375    4.6751616880937945    4.604113658424467    2.6099468397151213    4.447701845900156    
2.785070229016128    9.037817390781129    2.651103194701136    1.495382774475729    2.9490776680468116    2.580046593415318    
0.332634236649028    0.08945566197508015    1.005627115999232    0.12803494998661336    0.03736874234164134    0.8804675517603755    
8.337454948326922    8.221598430507584    2.990486413546023    1.93297498501488    2.7378986114490544    2.846968317986466    
1.1482665450457716    1.6319372574071167    1.010075145662995    0.9062401957780821    0.3658949854579987    0.938865663469187    
3.4153294592833845    3.8724886536365375    0.5260089834482642    0.48565697771846317    0.5917754714027978    0.48581971471139695    
4.265884177657426    2.082665657348116    2.4459251642256277    0.6017348145542201    0.2356090587709332    2.1147093824693    
0.46582320776360575    2.6412901577714365    1.381759577721823    0.31743549201928545    0.19724904048780445    1.2201337515289197    
1.1417073596239788    2.564586851061904    0.06648308952571824    0.11139049418852665    0.21602160614565946    0.06971018196782097    
9.095297092426335    16.13404426530178    3.6260917879408225    3.363461329092388    1.5592060357157607    3.0847936912905425    
2.2347968053654768    2.849432853574399    3.298471663001692    1.3617023082188098    2.7755972392333206    3.1742464037815807    
35.98644973743649    46.68557273982151    2.384950450694305    4.690213323046919    4.813231170031941    2.2836606053751893    
3.1767261536006117    7.671775568262092    1.4263456174230669    0.8576567700511077    0.5054401578381658    1.1936803444696125    
7.770164703804767    6.42065432324307    2.416415124142077    1.4575556944764685    0.47205167637730483    2.088028176280204    
43.60062791011296    56.51590906197089    1.6688538065936882    3.8315731818729546    3.5847302404872607    1.411926472937921    
11.757131730410038    19.102873106807237    0.13786654177238233    1.3148563234281028    1.2849610404955456    0.11598947491438594    
22.38947076430486    28.77524230343988    3.470005160110304    4.169387993038981    2.6808363383461256    3.1046840678027365    
8.811814737535315    21.032169853919186    0.2811766465893015    1.077674979227595    1.6736600088333944    0.2592626677505905    
20.705496707581915    19.853023899820982    5.815911938916543    2.6620715360331815    4.569396606544615    5.562243451393442    
12.669059704232495    17.143048930549412    1.8810975783126196    2.8920591346832225    3.008002658476471    1.924840173800476    
0.03775064504588954    0.09840945864561945    0.041111429207376204    0.03169534305925481    0.05258751078508794    0.049430188999394886    
14.393474452517694    32.7019014461257    1.963119616775657    2.823835318951751    4.073203410531278    1.90562245529145    
9.604038416669937    35.181028412654996    4.330174604605418    3.442093032950652    2.7731705454789335    3.9260904129769187    
39.71614654477162    43.06137839656731    5.373866908528726    4.963134131990955    2.8128351307823323    4.5616973456635606    
18.404071747063426    31.191073801761377    0.13048221133067273    1.838793713337509    1.9627344098844333    0.10207885612908285    
68.2093738153635    162.71358996909112    1.629490931329201    14.100879524208722    14.068172125480487    1.6421407905145315    
7.669116703662439    10.284388379528536    0.4782852857169928    0.8780859587859595    0.8210437844245462    0.4367786444054218    
4.131093555071857    4.048024089381215    0.8908344232331729    0.4851236286049243    0.6088815092953155    0.8026682758354582    
2.8952805435401388    0.22239163772610482    3.606267561975983    1.843782539042877    0.20708688198646996    3.1828093788644765    
4.055038553531631    1.7587846763635753    2.984099855006207    1.9037713885918492    0.4521523956937017    2.5924179015273694    
0.27133421412145253    0.29330083190870937    0.2786065254767891    0.2390740993869258    0.2344590299471747    0.2556535893090768    
0.4388282509171404    1.2816373664245475    2.140024200780317    0.1547949023952242    1.214826327021001    2.0351878523797495    
20.832891267404193    35.007454695529304    1.8937404161843006    3.649045045807725    3.339146461308701    1.7452186399605125    
10.711851110681891    20.296608375152573    0.005197240840061568    1.345855439591105    1.4687277820485178    0.007454985345248133    
3.9326454831607407    3.3445421397918835    4.019865254915203    3.8888174589374103    3.4129270286503015    4.009121105613303    
16.477003441526904    20.52033540516277    1.4133947188529419    2.008203052348108    2.1910181950370315    1.356648940301966    
2.400147059976007    1.6904577542154584    1.1762728126632283    0.24857420881744474    0.42712937654869165    1.0747525579063222    
10.31600773250102    13.328895343787735    2.121643503647647    3.0025089505506912    2.6641391564480728    2.0360860161599703    
8.842404011331382    11.853396309932577    0.6040035751066171    1.2187591406400315    1.2937924004654633    0.6078632345161168    
1.045273873503902    0.5536621829669457    3.6785518482356565    0.5835480909445323    0.09746303330757655    3.218676215954474    
9.096594526636181    13.405585368833272    0.30950236262287945    1.162899324321188    1.119757770866272    0.28835862179403193    
20.024139859422576    17.999163843953284    5.090309287814307    2.1696063317067456    2.0088238692260347    4.571633391242358    
4.150497150592855    2.23714309897332    3.867360484378878    3.3876224331906997    1.7922258330800105    3.5180145805934444    
2.1084457258693874    2.520524837222183    5.714822287045536    0.3260420525330119    2.575021193304565    5.307231440296164    
8.900880936053    15.54761093032721    1.1152706811844837    1.7350203449022956    1.8137540018651634    1.0383914703852497    
4.109949434379814    1.4729068798478693    3.9749413533863844    0.4969662875228096    0.5693891086848453    3.4779664781235624    
7.966914185715723    15.078292540871189    7.705869833822362    4.004682483704528    1.0682973160000984    6.430558642416145    
3.723860092970426    2.6889648038777523    4.501733264783979    0.7739707956498023    2.247281365984236    4.146711739886086    
21.141286435042275    26.133248585480032    1.5176797667809296    2.1527436615433544    2.136945860023843    1.3418317594041582    
0.8691983171884203    1.3480300190567505    2.6688772913621506    0.183134120379691    1.3846275270771002    2.5137813797045965    
0.4147356450848747    0.08482547098537907    0.40181039362505544    0.12788044493936468    0.005073980311863124    0.3513292143761646    
5.588334276835667    5.808735375598189    1.5216783504438354    1.4653508485935163    0.7852519151492743    1.3974733998038573    
47.75513861916261    82.02053103622166    1.7114196814218303    6.850672016313183    6.477519674619543    1.5455472364992602    
20.8768260183424    20.950419309243443    11.301356079464313    8.085930325978552    11.970797516245511    11.408554907204234    
3.9631377977202646    8.228387976545491    6.267313856733381    3.822013415629044    6.060418591165217    6.133986738030217    
4.407244280562736    2.350471999059664    3.8532531516830204    3.5352185972878942    1.811874830367742    3.6271186817466514    
4.654012490747846    12.452400032270816    4.010039587912615    2.747281168034533    4.514612365848734    3.9319664740323788    
0.23422314945491962    1.2449163807323202    1.2709481486381264    0.22063707097549923    0.9741815711313393    1.2503848488850053    
2.726460208519711    2.4708973242522916    2.335682014541817    0.714997862916789    1.7997531761939172    2.2855211389251053    
25.74071224189538    66.6127072787931    1.0340527167572873    3.9358500587550225    5.903740383306285    0.9980228497151984    
0.46943439125607256    0.0622135728772264    0.8143185457156505    0.366761559722363    0.03373387827014085    0.6885072211152874    
50.7996375120274    82.5781651215948    3.574667957305792    9.136634457303444    9.304778558027465    3.603624978364678    
12.425342904840363    18.337803845395683    2.4849021317932056    3.957248990351218    3.4773920359439217    2.515174293104792    
18.075887572558713    22.966573595273076    3.0490381652343785    3.5535113264777465    2.269019733852474    2.726615594190662    
10.506181551230839    30.953003149974393    1.8961540368327405    1.8413585041562328    3.803477535620914    1.8364072953700088    
0.3771041563304607    0.9492105304088909    0.30239824891032185    0.1935372287989594    0.32481330368318595    0.279747153428616    
8.962257362218224    7.617316429896164    5.417587484640535    4.9300324174255366    2.8601511065935483    4.987686689390102    
1.903563586252858    1.1564344649668783    1.1201516924629686    0.19439504966430832    0.3131362950516632    0.9884726076124934    
1.5155816227779724    6.40757442911854    3.435927701924811    1.2880119331966853    3.1848599366057897    3.320057294811704    
0.9173517960589379    1.42557386252156    0.2825455665588379    0.3469939567439724    0.21496771871170495    0.2444941384746926    
64.57246968235995    103.16264619745198    1.1815952790930169    5.35787653074658    7.136346417377354    1.2151118104957277    
21.769220380228944    41.44934573204955    3.914587391191162    5.360886470967671    5.976955634512706    3.7682808510726318    
1.1008856186963385    1.3513441386603517    0.1109460158913862    0.14647418676759116    0.0975014308351092    0.10374489020614419    
0.5722292542923242    1.781737054392579    4.89814016262244    0.06174920055491384    1.4254406234103953    4.411958793512895    
16.357228894674336    19.79888371397101    1.3864878240565304    1.7573309510626132    1.2591745049576275    1.1878785826993408    
1.1039430459059076    1.2194563780358294    0.5875370721332729    0.5982603899901733    0.44404756583389826    0.5851971853990108    
0.04895628662779927    0.002673403956578113    0.10067157393496018    0.02082368744595442    0.000618805002886802    0.08875739607901778    
23.687916184950154    26.405469566307147    4.032097171322675    4.015775573527208    2.2491388316993834    3.5406750952097354    
13.06794049232849    16.87446807246306    1.5395070869562915    1.985373747505946    1.433051039581187    1.394251876990893    
5.634230375755578    7.672573520685546    0.6214329471258679    1.0591037363774376    1.0410482192091877    0.5859036279871361    
5.951752029694035    14.376335316002951    1.1539565650746226    1.6646583512047073    1.2385370596603025    1.0733809995290358    
2.495963505236432    5.849166734653409    1.634965783174266    0.8827376758417813    0.38607637138920836    1.3693746863573324    
12.968794194675866    25.311451099682017    1.3141990529256873    1.7642516412015539    2.869054169859737    1.361671010250575    
23.426059374280157    26.339017215417698    2.881447022475186    2.5622671360179083    2.7464924264641013    2.583310973132029    
0.8384764185611857    2.2163818837725557    1.9048998482903698    0.7703374143020483    1.6780389926716452    1.8275587032258045    
24.076141618890688    37.89736164503847    0.11721843744453508    2.0951696929405443    2.4137704228196526    0.11963931110221893    
5.837490066420287    4.833807828559657    1.831366182945203    1.12772172804398    0.36713515913288575    1.584846835496137    
6.423538313203608    9.056322612304939    0.9216845665068831    1.5519836280000163    1.3184304665919626    0.8641975451901089    
10.435204458291992    10.60028603214596    3.3376176948222565    3.125398552263505    1.7469438820698997    3.069078733155038    
2.265505593022681    3.834609266690677    0.01719390047946945    0.2828283019916853    0.2851363380177645    0.022055062363506295    
1.2438710961432662    2.88475537794875    1.133518449452822    0.6067535502515966    0.2246824131871108    0.9529683592409128    
0.44001101396861486    2.8521231833001366    0.7399913644912886    0.08925860204908531    0.2789165794092696    0.6556661208160222    
19.833865058855736    21.83919211490138    3.1468580545770237    2.755865544473636    3.358963805847452    2.938513543922454    
27.1438479275821    27.950251753878547    7.399125277297571    6.946250136141316    3.7980199669400463    6.653839103411883    
0.2760566960059805    0.5563562247843947    0.40352150234684814    0.2394445784011623    0.0633653753757244    0.36496427010570187    
12.64485208062979    18.094672335631913    0.4854111407912569    1.5410703443922102    1.5467228068009717    0.47002058356883936    
1.3285627329605632    1.8351187937514624    0.6839097873744322    0.7199442752171308    0.4016066403419245    0.6021103666716954    
0.591985286489944    2.340125803297269    2.914846643965575    0.40392655138566624    2.0576230588776525    2.8243044112459756    
2.9497888327023247    3.047328647575341    3.1691705147823086    2.826223294745432    2.907931857800577    3.072513703547884    
6.672605453219148    6.232826266888878    1.4017719069233863    0.6742914323549485    0.7290270951925777    1.234872032146086    
30.277519750146894    55.38230191943876    1.3272268700093264    4.537839990909561    4.735629349772353    1.225235940728453    
5.098581542028114    4.630862330581294    1.2383221234340454    0.5521812882070662    0.49102067247440573    1.1024441514455248    
43.17939587624278    47.69112604990369    6.392019510283717    5.662038771086372    6.727572442614473    5.938535843670252    
2.2219446028466336    3.8265875684883213    3.205998536956031    2.0455302242771722    0.6033761518046958    2.8902705198561307    
12.387136084405938    15.828102514962666    1.3411336528079119    2.0460296156670665    2.29232642018178    1.359130124837975    
1.82048082415713    5.469458710489562    0.3115929681371199    0.21412540995515883    0.5372619815898361    0.28288686292944476    
1.0826663873303914    0.07272334626759402    2.3955307319265557    0.770260229226551    0.0050025402451865375    2.035690954013262    
1.8117030363937374    1.0067634615843417    3.021816339009092    0.21645048655045684    0.8985742345685139    2.709885579854017    
13.360059290527715    36.553639879086404    1.4049486594740301    2.6138285928755067    2.717654142063111    1.277323225775035    
1.9252308830909897    4.276601627891068    0.041060809104237705    0.2340885637095198    0.30037139414343983    0.03646806861797813    
3.145755303281476    2.5243009378173156    0.9639311454229755    0.3225571561342804    0.3069572516105836    0.8424377799528884    
1.34800951811485    1.348913979541976    1.0896897585917031    0.8599830315215513    1.124046486307634    1.1135711693641497    
19.230857422720874    24.206220081367064    4.176470555772539    5.688924700851203    5.211624306291924    4.058595949783921    
3.017135375775979    1.8067850158840884    1.4496863231324824    0.6376810377114452    0.12631207767117303    1.2398632689582882    
0.0318369261076441    1.981241281813709    2.923195879004197    0.0014174162643030286    1.0158380646753358    2.649679727110197    
9.308671177117503    10.36029438400874    1.1757794839213602    1.1577018207899528    0.6810296514886431    1.0197816501458874    
0.7692451594484737    3.805389279863448    1.9425624512077775    0.60403833098826    1.734805080559454    1.8576384938351111    
0.11964054255804513    0.26868806437414605    0.34736814137431793    0.08317274802539032    0.2755434537102701    0.3513297807512572    
5.316722991527058    4.680405821694876    1.37124471415882    0.5702411138045136    0.5120293463405687    1.2242289926944068    
0.009909089290886186    1.3671895608713385    1.3477166761585977    0.002133261164999567    0.4617000240541529    1.219027663973975    
3.713353127372102    8.564920433651423    0.09614439879078418    0.4372177720069885    0.6289598229050171    0.08449276485771406    
37.645142584107816    36.783815565358964    8.44592383565032    5.66756306066236    2.7190822209522594    7.449658255820395    
3.1961457488505403    10.29359406211006    8.744923453210504    2.9958527648996096    7.239888053081813    8.444362197595183    
0.38913817489810754    0.28256106365006417    0.369818068749737    0.38856867380673066    0.22717573525733314    0.3687691822415218    
0.7400017480540555    0.8991631492681336    1.3479592888907064    0.24394172550819349    0.9199078416859265    1.3119800532585941    
1.062814472708851    0.037814580151461996    1.4416082225798164    0.5094798649515724    0.010798782153869979    1.2603321244678227    
4.387567025623866    4.725848154805135    0.6404607586737256    0.48099770161206834    0.5488210989278741    0.5727257504040608    
7.5950239494559355    3.7053181640512776    4.793694651176338    2.521559293483733    0.40331266915018205    4.156525908809272    
14.427217839212972    24.259134705760516    0.20031369241769426    1.7523912944161566    1.762585590578965    0.1763013357121963    
33.83130133373197    84.87936175713548    0.9085034765739692    5.979871217175969    6.542646053858334    0.8494370283005992    
7.158488957080408    16.536211450686096    0.8006359898718074    0.6377831868594512    1.3252726214413997    0.7291268157423474    
0.19313222172786482    1.1431375487300102    0.3881448416650528    0.07523680523445364    0.344671340440982    0.385110874340171    
8.510705064210924    33.22118351890822    2.1285853163717547    1.2659689767460804    2.7367795687168837    1.9293695646047127    
11.865437219486921    14.024960396825918    5.601722677281941    6.469237764627906    5.732937431443133    5.586627813012456    
4.085976298418245    2.719318410148844    1.6526859230652917    0.46488634309207555    0.3072215274441987    1.4344520011654822    
5.737023068766575    7.469734139347565    0.9827123312279582    1.4328148210042855    1.3455079797276994    0.9372628160490422    
2.836463855346665    5.566176254375023    0.5265426862315508    0.6303646547894459    0.4091569437587168    0.4406157772318693    
7.554372847749619    19.049339004996    0.3268450904288329    0.9326340102124959    1.538469924023957    0.3008411064656684    
22.873283540597185    75.80012619460467    2.784965322643984    4.784669926913921    5.732159165752819    2.5441978786839172    
1.0031534997542622    1.0099631025077542    0.608070788817713    0.47634897458192427    0.6008206760016037    0.5762052381323883    
6.915470574764186    20.573667288859724    0.7906154157681158    0.9078807729383698    1.931893564396887    0.7397234481468331    
36.42259056997136    60.810630990425125    4.497135000288836    9.537078335590195    8.214600351275294    4.506601958288229    
23.879932308467687    28.109399458771804    3.133202975630411    3.274358534879866    4.052831717781373    3.05933968356112    
11.728435441706097    11.10180790295999    2.7440168982720934    1.3792109683417948    1.8375472439365694    2.484805373038398    
53.66348941196338    67.55102677976538    3.302103282563621    5.683978301007301    5.866320908928174    3.0209277336252853    
5.007355063062278    22.84617388935294    2.2388506321876775    0.6729536481579999    2.2139654816128314    2.041705660158186    
0.9398921427637106    0.9768937789194752    0.984241188649321    0.8038300622283714    0.9292169619729975    0.9412033212574897    
27.337790261022747    31.206877614560653    6.922198980289977    7.050126312591601    4.535601798139396    6.342038973729359    
10.167766780694365    12.360451803760952    1.293130031277542    1.6731450148654403    1.8498064860177692    1.233463486059918    
3.938786939237616    5.182605366455391    0.22120681445812806    0.4198867783561582    0.34132433152990416    0.1955656347417971    
1.6547128785314271    12.078190235682996    2.889971359007177    0.2983933873765636    1.2197212733735796    2.5823061294213403    
0.2705528652877547    0.7873236845625797    0.20863353068125434    0.13031466233951505    0.060809956878074445    0.19001703742833342    
5.669897930274601    4.865884803322842    1.969600646829349    0.6482999555155402    1.1218032693432178    1.8405320322781336    
1.1667715636867797    2.563507290527923    0.052089283970417455    0.11705698883451987    0.20888380765973125    0.05498915082716849    
2.7789716526167467    5.763319841760676    0.8515249898337061    0.781022467839648    1.1910521181853255    0.8864877681480721    
52.735354493852356    70.65715684868337    2.034713137327344    4.819561309966957    4.329447258554865    1.7265624121791916    
1.9308189045841573    2.6187909738364397    3.35025296069216    1.1207426731998567    2.5424500693770824    3.1920915723894723    
18.724137994926423    24.259913279878674    2.868089370254893    3.4582708256639307    2.6189338993717683    2.647237813216634    
0.757935732792248    0.6571620846370934    0.6448009979067137    0.6229343881859677    0.5159691985900281    0.5982891454477794    
19.381903081433848    15.752724797916017    5.992051403154619    2.0608253546524793    2.5611737640574574    5.300924876180943    
7.447771876220941    11.872463396925014    0.36752821688423865    0.9867333931761095    0.9328360214421991    0.3190289455233142    
0.2865310174820479    0.44702775512996595    0.8314762318186695    0.07461913967563305    0.40782603721891064    0.7590676782856463    
18.321364930277923    24.05284602260508    0.7210173303465126    1.7534066634834744    1.7253544702543877    0.6316291278053541    
3.9238112906750757    4.239791657033493    6.539755863006576    1.5347362119791796    4.138647130646859    6.156972724740626    
12.383271371145383    20.82873936741089    1.4359764065156924    2.0331360532291    2.4501648987352382    1.446834695947473    
6.761971169646131    14.727959270283463    0.42508473197813146    0.6161240426736185    1.0985983935534023    0.3907972357410472    
25.178920843449305    25.742804439301835    6.156393302124343    3.724951290001627    5.9055331299314275    5.994046738473116    
1.785183917323593    1.730185048567364    0.40939365098893177    0.2121929495333461    0.2978390454663895    0.3887083309527952    
144.79314543463988    196.66867060637742    1.6619562109262915    11.086815635455423    11.244343348269467    1.3757613523921464    
4.397009911830537    8.700274668590282    0.3170683239150094    0.8869989336672006    0.7396845410257811    0.31123146330355667    
3.474107870060834    0.47901642860961147    4.026723073708126    1.7337872412026627    0.11734780558617786    3.4386788162082667    
2.788605046182056    1.2829552569746738    2.183537124292343    1.7994682563003153    0.6976416278630495    2.013321024744073    
0.39365826250286773    2.7222789295046823    4.760811783562531    0.07823007626575418    2.1512034275365295    4.410021523508476    
0.01768068278033752    2.708159283603891    2.606001574313268    0.012383163804770447    1.196828834101325    2.404967355876579    
6.287381188434665    3.258555058957427    3.615605805971427    1.5410594489512732    0.23437153847771697    3.121697632872383    
26.300703431712463    14.474352320845355    12.793687752491678    7.6091652733884985    1.663593119228608    11.065836926514748    
0.7055978000134928    0.46963956765830517    1.375150351857883    0.6541946594661567    0.08193661214318126    1.1620509976200992    
26.51430209890532    21.4972681729123    8.85057815485925    3.0124882469972363    2.496857101956266    7.902478287855047    
14.922090210602619    13.963852220302215    4.054829229105962    3.152974137410638    1.4871433507505571    3.5882158687745687    
24.71582443389343    38.75273896608269    0.9466120072756894    3.5261199466185644    3.551321575389011    0.950641741612344    
2.1404851044499082    0.31590031781524885    4.464256846898934    0.4748497955442872    0.29074357470381074    3.9059251481230604    
5.406725973094581    5.057378351004445    5.37414432411606    5.040186203783378    4.444529416854493    5.162924351883703    
0.9942415624100249    0.6752911132352892    1.5239890115481103    1.0107348051242298    0.24946749773516785    1.374334280975745    
16.759458375905524    25.085377745810547    1.0121122690616176    2.0407559994782787    2.046315306244651    0.9639194991177646    
5.787974601218593    15.753881578828441    4.270725031805341    2.9842914019536693    4.998210062709404    4.195608142530546    
3.207902126159752    3.0631747936131433    3.3395684727001935    0.8390137004753342    2.504203911041259    3.260316749860067    
4.905448703808361    7.019808098862995    0.8727637965494068    1.4311262423725566    1.295455331041012    0.9008507425460266    
36.69597294543928    43.36969983209565    2.896421738216304    3.586726286011981    2.674176375963725    2.4373303589381976    
0.7457673725730274    2.9302778606215725    6.133719209741685    0.477781306108227    0.4275595375947887    5.382146402029321    
2.903053115020157    3.5247382780507905    3.526775712321978    2.304324509212165    3.571740079380106    3.588570335894474    
2.6200947099132463    1.8221631220076233    1.7431541668483987    1.5933142528665485    0.8242348316853167    1.6451714241266018    
0.19278400237089954    1.2042413773888256    0.6628859093907522    0.14956235050340183    0.5112542439455865    0.6154315622261493    
0.8235756239591865    0.862235822060029    0.13141585467383265    0.085154819797026    0.09116704599000514    0.11468121207144577    
19.2705176735617    42.40448558560456    3.748871705654892    4.785290488609462    6.337219497436308    3.654272944564582    
1.7488798832491739    1.3256249105470488    1.5068088136904407    0.26992621846147813    0.8420446049276507    1.430201651310199    
15.980306792233023    23.80424168788886    0.8256565982010216    1.8554091521800729    1.8584611352853244    0.7840744199202163    
3.09675237738702    3.1748336611053674    1.8645264658989618    1.8852971478918334    1.9505557889351621    1.9055675845447695    
2.7315010626771254    4.169349236472044    0.4193925359140849    0.6964800820715027    0.5184175174799748    0.3732047531811986    
0.3840710191580001    3.1586625735944835    0.8025743464095285    0.046548939470085315    0.4038360817648936    0.7176394677371718    
17.54517022386426    20.79460766534612    5.071060734800994    5.186666000794503    3.2337885958550032    4.6321403599577025    
1.9193213687831303    1.909831472687074    0.4529731281945715    0.25640629007830285    0.3532181164773647    0.41004771810548846    
2.129367411864223    3.0962531161494553    9.963720381070743    1.2690494752168888    0.4116310130339116    8.75426825863542    
1.1925393064302625    5.548575238950434    6.27528230851749    0.844530435395427    0.7778449286415707    5.37847026437521    
44.87735681964841    65.62046068087511    4.626985459428397    7.618736131451442    5.783386713344953    4.204227612601244    
6.272544449006091    6.23946417857951    1.6279728197696386    0.9249306218553102    1.4458334865194047    1.5830421391437994    
15.916867026870023    22.88812618434895    1.449007583752973    2.427975912942202    1.896620221552439    1.2893882828357164    
14.508655435478431    18.00464602500142    2.6562528127396945    3.5043602473888313    3.5625505216012243    2.59127335640369    
9.28858621827385    13.890037030592794    0.09660670776793268    0.9208611518406542    0.935900114782271    0.08309869286313187    
0.43892075899930205    3.865862477221526    1.9582616944098845    0.05773760723241139    0.7304528541426407    1.7513245180307422    
7.161423010751605    8.064224710469716    0.9112373214738909    0.7870263366930885    0.8241789138264721    0.8406973765231669    
5.18204747758864    5.040125061030267    4.780454861189355    2.461240561067825    4.169893081503687    4.620386532187695    
0.8765480717847822    0.41394385691091884    2.1764308920828626    0.10644824187329505    0.3856093649810646    1.9210087211540667    
7.7330511863547144    7.464274581769132    5.5745633740589255    5.380897967974306    3.9975501045701094    5.390525145397987    
1.0780325814557727    0.4828698985656956    0.6915926034125732    0.1704795059922617    0.05113736027851701    0.6029121800820576    
15.29162970080506    9.508479225856718    7.7339693656685995    1.6903669349849224    2.258478295072564    6.822142280638218    
4.458340968049015    1.643500388119719    13.36765259175445    1.2024015845672693    1.680817933054641    11.68383447274391    
4.390319560057833    7.622448608090053    0.20212732236541342    0.5814643090125173    0.6414959718531463    0.17873460122791585    
33.95607126773393    64.71965661208378    1.27809150867688    5.19663497224974    5.3769724648445845    1.175550227490021    
8.061166267740191    12.283572169093532    1.1076134521572385    1.5717903544427827    1.3469770015217364    1.005133308834047    
12.00017308499082    7.596619773321436    5.934914455880062    3.316261396059417    0.7192578492104076    5.1562339599913685    
25.983030392904766    33.604378701900714    2.1613314560527215    3.872018096037209    3.960352554684505    2.084376827115193    
3.6130740881926613    18.93159726995509    2.786767361598322    0.6693881125684129    1.5715484639949864    2.491086103123962    
15.559997920776368    26.988292398731573    0.24129484860168304    1.9047041299636476    1.9845651480864035    0.20861403312301263    
73.78945658322482    111.41884119587485    3.0475756172672845    7.2236121599853504    8.388977585360408    2.9203822902636603    
1.0218716056551784    0.6767459046532167    2.1269963980303146    0.9555516466498375    0.1187793495337246    1.807407543878071    
7.534064058418153    6.2654867554374505    2.897460606895038    2.169678417718387    0.7914301893761149    2.533001049858285    
1.0355650506098755    1.9459747505898122    5.927807097832556    0.6268352879415033    0.3693685458856635    5.199270877827075    
1.751560350006912    2.5665876717685023    3.679407348827226    0.8831040934892371    2.456887709151488    3.467214583346504    
22.422071348904865    40.95158746014931    0.7888712325657252    3.8832681324565783    3.758389000009629    0.8177915846172255    
19.98436522524571    28.140636048134184    1.1384257333120331    2.9827199976571137    2.7809570797689958    1.094368274352746    
8.961927815456875    2.3312451526871882    7.454287169850431    1.5686100889870431    0.3419117776065832    6.452613018074771    
3.4086780664365506    7.418621749267913    0.31995702143467497    0.5306895776593592    0.7901049321953906    0.2979665211169049    
9.908002123789629    11.106857159378706    1.319395131591591    1.3241396011435427    0.7594307266408578    1.1516813989874208    
5.730958128508064    4.474823181226384    2.131317894309177    1.3505314023641404    0.40229565859772265    1.8427081663394347    
18.112400118494406    25.013764762639767    1.0335677069670055    2.405245029614889    2.5108085876272526    1.0212267782480922    
3.0902753197442507    6.6057556909217965    0.5739257618261036    0.8788286335329758    0.6025641921587521    0.5414586642727954    
1.077723336944473    1.3987552718172083    0.07285515395051334    0.11902870226185769    0.09835711408231873    0.06157846208952833    
3.1647359303751728    1.1773682435741648    2.8689637337083695    0.5378338370210258    0.2454301364341518    2.49609919746581    
0.18469797672878485    0.7029995604243595    0.5516958393709501    0.16507756980718113    0.46034919159137644    0.5185026696563    
32.215906829049345    45.58929675145191    1.5911019503691932    3.8603280911484035    3.493539610193693    1.4348332797380863    
1.5984515071468195    2.6205170473986072    0.06083874388423283    0.2292511821287917    0.20991464958933648    0.04959987576876301    
17.6449904035253    42.080609198703314    2.9591786383098224    3.9809842629474588    5.747539331277949    2.890134240151383    
25.61906587598787    30.649382703602896    10.044290930556599    11.968369953377987    10.282264673805912    9.737570880766725    
7.461832487824722    10.218239465597435    0.5409162748255767    1.0979315250733634    1.1602646289102267    0.5519332281983225    
2.3032741961505963    3.371652650879696    1.2923175899049966    1.2462361077341484    0.5804039657232352    1.1218591375363758    
1.1891476786549902    2.1390468597674044    0.903963157456019    0.7844930564169772    0.9761509966192534    0.9338667455449468    
55.88155598769663    100.21070051836432    4.4048050661658635    12.247931041158154    11.852703521071817    4.468334131350275    
3.7562141925882315    5.86780401240685    0.2914646989229368    0.5508347773284186    0.49427882992313243    0.2508853058097884    
14.847675492928829    27.759662428725278    0.17383526320918463    1.8386249747272814    2.06298300542403    0.1493034855084261    
3.8361399815039476    2.290379508427577    3.3307513602630934    0.3916703615250299    1.0962937430740567    3.0347438265453093    
6.96834950063203    11.094778266444337    0.095755015645409    0.6781069422140718    0.7419670957024209    0.09546360168315005    
19.909647474094527    24.53813777504547    1.8344630465144292    2.270326481346274    2.063032803038368    1.663860904314788    
34.97498616286612    43.143503089260776    3.805678132834146    4.703605262329802    3.220492409847793    3.3728066721378127    
11.013995092915138    13.293497182850842    1.9257691480306676    2.3858831613324583    2.568755399886868    1.870349344710121    
4.541880251534167    7.745466909938841    0.13086991276941262    0.49433877268165816    0.6042331189237302    0.14098514617944602    
1.5091379311634228    4.882682713199756    0.6100954878202174    0.15585242088127416    0.44733355451899115    0.5436768190411385    
3.8014481709251413    4.102886801105342    0.8144916817400372    0.7238478666404262    0.3619035367446486    0.7023928610578878    
0.34402292988670524    3.5000641005899524    1.1426847482071025    0.07102681712422054    0.7274563118553488    1.0485116460622521    
21.050191572197946    24.067499423021218    3.2829568722227123    3.233059889971628    1.825130005221581    2.888320894955541    
34.56405904547137    46.630715509993024    1.534483705618186    4.172877332151984    4.147801016282756    1.4641657206811942    
26.182456273469143    27.857935166874086    3.3544530294457218    2.669120110324002    1.8190141784289153    2.841183493830613    
8.95616768974287    8.104754575368133    2.9223727054340998    2.2704402139934245    0.874840833756025    2.5662423130852403    
3.559352025127737    10.373178599533276    3.432320305160829    1.8835023741266923    3.9183368594531203    3.49682776624104    
0.2250001838838216    0.7949729590036441    0.6028341723722406    0.23677488244720735    0.5926690968917683    0.6208979433140485    
10.853574947061134    8.30604986049002    3.5607619410729967    1.1544068952498492    1.0611475899495417    3.1099623827903997    
2.851256577356253    1.8216741702635773    2.4639976559992647    2.214142884244211    1.2844927443511551    2.249945249117445    
8.82639049187128    14.152182650170289    1.5245792645291658    2.3427771638234844    1.5622793405200355    1.353499548524269    
0.6079354089015396    2.2571507579705212    1.0483093025395647    0.44582325377268717    1.0194176168588456    1.0008392213348998    
8.585270212046453    8.657398218172602    6.605959309803438    4.701319924468407    6.813269401609432    6.6963833472836995    
7.999607780526276    15.562871490692487    2.834856412373483    2.856864328714437    3.4485687628912274    2.7381967098044697    
2.6842559723882005    3.2615847870183643    0.31956516968784854    0.40850225028407294    0.4774969946302008    0.32687519618775696    
13.431628708305652    23.930892661155667    0.08012311617494561    1.209287120072986    1.592537791308132    0.0909586990455864    
7.219618856892339    7.325278422475094    1.7823045297991484    1.4851342060574098    0.6579500067455228    1.5539267662825296    
1.2681673781189602    0.1558131193742156    1.8327147578529548    0.32341354781237897    0.06012705672765151    1.5814451423211722    
28.651616423376254    70.59905484058254    0.15022580169897992    4.342916716283071    5.28428033705859    0.13767882669344544    
1.692551374580944    0.21566194471961353    1.9162268440850312    1.0719153351237765    0.16037871976732276    1.7040850447228877    
1.2926461664465023    4.657528341282159    3.8136539737024577    0.7861649400147144    0.3903120073082391    3.240562287552166    
1.790031752505456    17.803676622759667    5.651102663803613    0.6459664907015394    1.5638165083073545    5.032937609255896    
32.435128050798085    43.40070489664504    6.1959480132500175    7.100031324021984    5.753731267817784    5.806309763211175    
5.296670472584083    7.107163054664852    1.8169545504933922    2.2778288923582295    1.5212544855603483    1.6685270826274063    
3.9478130905044964    2.21858088519366    5.229619517616811    3.7446086786221713    1.0457992468727753    4.549351390800439    
39.99186036874016    68.27511879685335    0.6103154135198565    3.6581813588854857    4.137952346471138    0.49442164567881264    
14.879057383383042    23.497935957551817    0.4496533186757006    1.979615270611248    1.8066125860495958    0.40737324551446363    
31.07795582593826    68.00100359154749    1.6382016944116913    5.183020343989483    6.438531896303175    1.5793581803736743    
0.3959055999002885    0.5249150159070268    0.04817366898350883    0.08798492929781787    0.08915441538556479    0.05629463563673198    
8.856490093137836    10.89367233972007    4.226003206742462    4.19686846373952    3.4457878070388688    4.100896259580622    
5.27364896950894    16.136817718550446    3.90099828253733    2.4668867591099115    4.627443472927553    3.8189217355829896    
0.5073405230796197    1.7769149664527504    0.31123641377780586    0.13084263661585283    0.3607351662358269    0.2887637899548281    
0.7576079116552137    0.4575883660581894    1.640125955673284    0.7026211502670776    0.05854310413997155    1.3932471612351947    
0.756044787587598    0.31807098038552795    0.5013317426200956    0.12971903357538395    0.02904702066734899    0.4369666103593772    
23.409996273825527    23.464141514719813    5.235214486747282    4.531966853959602    2.1592550220084377    4.585663312245742    
0.44943748840887565    1.7019751304324018    0.5719387822173303    0.23234325808880385    0.5776966322882799    0.5384281464357628    
13.567536563510657    20.442639321219758    0.4293171757599339    1.7709078920452157    1.7795221504493384    0.4317309072066564    
4.977543873275863    2.6622266600170406    2.5064570163958706    0.6497459440870443    0.283900752896443    2.177304098397144    
0.5833559316379251    5.98818942788057    1.8350984555872856    0.09034438633534592    0.7048537523078267    1.6346741110028233    
18.602020180260297    27.361074692729744    1.2753777005564189    2.530706029807334    2.046800409836578    1.1162489774578717    
5.593639675033046    9.531668420298956    1.592453353034216    1.7114246645651292    1.9239128701156005    1.5895628402504371    
15.626083588271285    36.47065313762869    0.7068350540066604    2.818392537184991    2.783710106930812    0.6671853432926582    
31.56526814494282    45.849472236135625    2.6818318885780172    5.493846764482441    5.7329259234975325    2.706027604668634    
1.9848190697084647    1.7874713038036134    1.4723281014739769    1.4503819802048383    1.03314928173495    1.447113575108233    
4.07111361506395    6.486108265060466    0.06490280033904128    0.46245948858268093    0.4609927361452719    0.05590028010192327    
7.254397917422466    5.076794122287538    4.106373854185222    3.17447459109826    1.324476214213064    3.6492052797984798    
1.886776926854509    2.007267137087183    0.953211120373453    0.9572205379226943    0.6734340708499076    0.932471839885693    
0.33990690494829323    0.10109122039284557    0.5216906782734441    0.041759645187994465    0.08051572131807916    0.45987049597897567    
19.47288402580307    20.576799254879006    4.079923623270588    3.4058929557941156    1.6335509018972516    3.5921100406121695    
11.704647454069345    36.001478318765294    1.1198209087451687    1.5768317098991247    3.1099362743116217    1.0381074652686948    
14.245731913775671    21.73141384961491    0.3647574287460884    1.7197982396319276    1.6980618089000927    0.3450816506083356    
0.8825917188660242    1.1228735698532546    0.46347993417293765    0.4941850148024969    0.2892540739267133    0.4094481761712814    
1.131538556990563    0.8860402678110404    1.7775794113404118    0.2052769683941733    0.8010087016009493    1.6216516863496508    
3.4128604339202866    4.954214418336051    0.0733511094149435    0.33556873993074987    0.32504878456529696    0.06366550883103628    
6.456706454540836    8.814506530019571    0.36825207696529105    0.8670819207763998    0.8710499119624728    0.34372026374330744    
1.4640408696141094    3.361686432050192    4.465776932061999    0.8722435007221065    2.8956356257695006    4.201531179991434    
4.050590927712619    4.074674690316897    0.6549733705614926    0.4081795036472613    0.36003005056409165    0.5709433131851256    
9.23716510264785    8.980373847894953    1.9403153390012449    0.9974236812849995    1.0347874728176976    1.7574142696830677    
0.7192382138891844    0.4928528082527919    0.31305237747437786    0.0758161103585735    0.08443055347015616    0.27836049723555334    
16.706099806833663    26.469568901258754    2.7822140988573665    4.947657683340367    4.242146983146085    2.7985886608075816    
12.94870822392113    12.919704129133606    6.451672532726661    6.2244332225382095    4.125249501375947    6.0886997940106085    
65.1403016805998    77.55080404182081    4.648881558299763    6.082536681205966    4.658465891552623    3.859558696174645    
1.3026957946567563    4.243384388304548    1.6210245017282432    0.4708820636442397    0.29681334517954383    1.3721482935652602    
24.790558381253504    44.163072954062955    0.28438513820583466    2.207443027989939    2.757198847044492    0.24391704317531548    
1.7382073522458086    4.434082325533382    2.6203799471986713    1.4221131018566666    0.47161440718628    2.335356931493152    
23.075193211712758    31.66585429778206    1.2837138982431497    2.690156306111021    2.382513718708651    1.149557393451687    
1.3980893312982516    3.573855000649928    0.20594088594953064    0.2117990240221843    0.4155278808902949    0.1898136606614571    
14.352385725491331    14.40557236476161    3.160557572831749    2.4328564130264567    1.0876524374616565    2.748516345731332    
1.529176951284171    6.367122909883619    3.169489964522654    0.5189378458453575    0.6067251482891152    2.7142854478152003    
15.016293946042424    13.561286458818358    3.6661148426210275    1.6151641020696843    1.9350673942099093    3.261238976265304    
18.417182028570096    16.33570566479466    6.154853334577638    2.7196480184065877    4.17226019622467    5.670642695724382    
6.021198997477768    8.461365445298725    1.8614515681983903    2.001209681169712    1.6636870449146954    1.7279507773782825    
0.7281169753696304    1.167913354220218    1.1662862966913963    0.6139794640912442    1.079768591283937    1.1193038547353353    
3.970671702569234    3.7937567582557676    0.7914524946536403    0.5366712343820836    0.2483877867780393    0.6876458831975469    
2.163558318890864    0.1453046805690974    3.9921025932126213    0.7884791403193958    0.10219900346419308    3.426154668792151    
29.858040671781055    38.44288263381168    1.3323083709256025    2.75901414747932    2.6369245754467556    1.1477868142537773    
0.428096885283594    3.0375587931193877    1.1805452588596381    0.21433687777607702    0.9619747077522334    1.1077483410335844    
8.146380674603279    10.472953671007417    1.7383350878662895    2.3846051305154106    2.1940167945431313    1.675370549899526    
2.138614579496789    1.2542502588185016    2.0200290202192264    1.9439174110884778    1.1547301991231507    1.9475325213279575    
52.14737659574894    71.67094896014896    1.2519844504568027    4.851436435958021    4.84117697912734    1.1146249089360936    
5.650358218772453    12.666639980132459    1.1833134452899685    1.012564542979817    1.9598053265654016    1.2238995485240594    
0.19951910102099646    0.9524790677969577    0.2225350101944059    0.043239398422883824    0.21820437845599372    0.2244270486116875    
0.1227330449182773    4.38840501656523    2.3755794912722195    0.026263503939844668    1.045282567763934    2.157791694466141    
37.088828660474974    52.442218309806776    1.9232748768263264    4.583980137293111    4.447920161663205    1.793370023049647    
0.9888779905013507    1.2578563459246652    2.466913237250992    0.21140647369611543    1.2961893758765655    2.3260635839251336    
31.15678845034563    44.728225636979914    0.39467732883349527    2.737045694288099    2.7659494773397455    0.33309429853397887    
38.7348439500056    80.31769450548745    0.6102088982297573    5.653304457853665    6.495436250144849    0.5680298029619735    
10.555423506782972    14.393616948465933    0.3493533219298115    1.0755519796803128    1.0746151472849306    0.3119022645696532    
32.191179759043735    47.85666881041834    3.0678093277820153    5.271394313836936    4.173065642535221    2.77187679670169    
15.322602740750881    23.14004932831449    0.25504046195419505    1.4302415887505049    1.5156032287777634    0.23701578429609071    
8.971315992457676    3.5112924923741957    6.563914045327692    2.9401565186853986    0.3228441515675513    5.66596323356498    
3.418385538185248    6.433168932024273    1.1710322937433375    1.1883862016838975    0.6507088062062394    1.000885811765329    
9.691735267348122    5.337819148859126    8.380423881681054    7.176537769526476    3.547971012725611    7.6120037564396625    
10.78752156610426    19.10735032898083    3.9306713447585935    4.121624438339495    4.38891360143316    3.785360122405109    
0.11345661444647703    1.0399934970919276    0.6391562960925512    0.0336112847289769    0.15769208477286156    0.5616883374459576    
3.3143619589100126    6.462835786442156    0.1409332392649958    0.41985901385487523    0.4238468263793038    0.11384495717356913    
52.27537077591114    68.77871173122548    1.6632905048463726    4.759261947299819    4.7272545385494595    1.4651986958197085    
2.8048129645903828    0.7937379969662288    2.45047551546304    0.9802712802484166    0.06991981127066538    2.1000917846540688    
1.989431625333964    16.94345987161796    4.6694108864467125    0.5590486572909867    1.5395769786991877    4.169915621721884    
1.3276972491585184    4.656113865581574    0.8384076119982637    0.26389085021219216    0.9711855008936254    0.8426783204340609    
2.2311783954064595    1.376916440858622    0.9605850231455406    0.4724430072819814    0.09609044661920052    0.8385354528290918    
7.153825798231992    6.705683398831752    1.4135542934382102    0.8237108529283432    0.462287647271296    1.219245408763527    
1.3261789282551035    1.6160725926456507    2.3970102940511424    1.179129020558321    0.18940563405340072    2.036785200587474    
34.6399966438039    37.80541010896559    5.755589379041339    4.749811982372194    2.8230057375330944    5.102904308485449    
127.97378617063805    181.61386834888253    1.16079648656887    11.61484662629664    11.337586862180615    1.1066476398991654    
4.818929238594137    12.31647524665459    1.823751154486672    1.7378388803481357    1.034807774820365    1.6515780545742018    
1.744436460736324    1.8331441215705127    0.8710550970572513    0.8203980229300214    0.8932000485801836    0.833246822541696    
14.751414475264028    29.829539467435097    0.800889118690975    2.3224649750773096    2.6921440031874226    0.7440804838988697    
0.3492533868411556    0.6938244950724766    0.2585187842923915    0.1928888136462774    0.26167582644848153    0.2363348742655944    
56.63236260364647    83.71865829043963    1.707747100648703    5.252858730324078    5.695160362141905    1.5875219646841288    
0.44002823781920597    1.0389553439308656    0.2883821105060633    0.2237389789952431    0.35752118851814885    0.3087550153286429    
3.993010877398774    7.623395365633769    1.1185511164512718    1.132394357206067    0.6162643931020284    0.9434812285471708    
0.2903200656583067    0.5242930653184885    1.803893315125606    0.0404296046908712    0.4381715270719724    1.6202995049679885    
4.969867940846598    10.940611950063612    0.3493729469482787    0.4543110734812217    0.9207934009464225    0.34361930047452915    
15.40312496907427    18.82796509526088    1.1067221916164272    1.5823827843996696    1.6323061351431534    0.9884766642935574    
2.7984192098519998    3.593532193423016    1.5257424655137584    1.4723638671712251    1.2461949037533486    1.4254678591241827    
3.4176997211034177    4.259405216638697    1.3525849405268673    1.6173253248562105    1.2658197476557689    1.2662915121181868    
61.52048668276984    74.20911461653304    7.6259638750052545    8.295485281851143    5.675989186463994    6.832259858420002    
1.097770932930871    0.3598405584343709    1.0736874624853954    0.1441655013768468    0.12078498437767848    0.9394804979820037    
1.260953981851344    1.3002156168658985    0.6828203012846643    0.6419074686855311    0.6826580205088248    0.6486539447359974    
16.81318741699215    22.192241051074234    1.679546131636016    2.348743808659492    1.650182369077811    1.4699128325592028    
6.5130261519079795    12.371041481019347    1.0403475520724896    1.2187434139486868    1.766177328012418    1.0757537587342085    
16.303843285117182    25.645600754738552    0.5657717295543989    2.3127122333389707    2.316283535765251    0.576626779846265    
13.858744181634393    9.15427966270363    7.5167634022800485    1.474811866413802    1.878563763370039    6.728905479947571    
2.3848148426768603    4.305079857906094    2.933763136214111    2.0374746894813143    0.6683155198552413    2.652788555031293    
4.220330007767188    7.506970194212045    0.3910282219585497    0.6925194570940221    0.7729846404254204    0.3541268200788181    
1.0940489262575284    1.0921550315979403    0.7933350381499622    0.7289367657213006    0.552264217112679    0.7250259845604887    
13.881076446792576    24.557365279266378    0.8578589078824734    2.1273483068071073    2.2281068933662027    0.7890351256355643    
9.031440956314327    17.162192014191533    0.38613697995606344    0.9129637265868951    1.479888604284497    0.4111511336523108    
8.021296101767803    4.924636304058367    4.088120269705541    1.075402029324323    0.5952916454407386    3.5770742402382893    
2.510099549719598    2.76601427931746    0.42864872579229996    0.38566524209454656    0.20331132906721905    0.3658439991704654    
5.8541282509686425    16.137949428055435    1.9775095420482103    1.626846858242061    2.9202171786746476    1.9235543180984678    
3.236972191836685    8.407537233550102    1.6372968860086985    1.4208646022889297    0.7556197971134679    1.487795673077926    
4.4962784301897045    6.60587587862392    0.42331150619429536    0.9101366046234034    0.8781760878482601    0.4446477455057902    
12.771412499816506    25.541534626259818    1.8615190653072204    2.735886077702162    3.276095830326085    1.7880118251487147    
13.954836330143735    18.139101561551797    0.7813287962635513    1.4103521093638847    1.151284142921213    0.6730534519592766    
8.015881518047536    7.5781854591477895    3.3329051831678953    1.937154486658983    2.8599164616753114    3.159221270965645    
1.840678673252114    0.8068723107135156    2.2285022405994823    1.7422398574999534    0.6096269225236028    1.9583733374311123    
33.407812859644764    44.721000219287816    2.438633176847361    4.007691852733842    3.554605334007647    2.2039448608993553    
5.87445217766799    8.064332759386161    0.4278314311814029    0.9180116146599175    0.8958026609470835    0.40087705246696714    
62.33178929425776    120.66482949258352    5.780694979446707    4.710317367556854    11.309434574723127    5.575989175820723    
0.11852785377413966    0.16119254354271106    0.03342266252730042    0.04276078719703946    0.03581101831514388    0.03906416136305779    
13.295711624843534    17.796413125659456    0.6510035237151897    1.551764859337709    1.5806559361953987    0.6019858898944221    
83.81028926855652    133.13911345251836    4.317117613420123    8.356270740056061    11.31456314130628    4.300806636310881    
5.293569306042627    5.315022892464185    1.0607446279318538    0.8862242846807931    0.40482307579077315    0.9345397910656175    
7.469129349454306    13.38700303711812    0.28881909226765856    1.2945116202317877    1.1874282979842974    0.30192474978684913    
6.424683929770254    6.802616602333728    2.6663928451162064    2.5267218621156644    1.5557135694107274    2.4284898010082543    
1.0158644450712018    0.3540719909942709    0.8832287348486716    0.15304531282163225    0.07793883307022043    0.7700498929043533    
4.491015122548561    7.6514839039882645    2.103151400355273    1.9825831866910448    0.9247690069169039    1.8174367987230653    
34.56738099746872    51.682652160248836    0.15330943807202857    3.006674326607026    3.1596106866927585    0.12980935827363282    
2.662326180303353    17.922588921705028    3.111590099026216    0.35566122434102    1.9834402222768404    2.8212141582916956    
5.155955575188273    5.67220976036333    5.760326305578928    4.808553580951411    5.721107188335736    5.8035537526302505    
13.069986380738555    20.550505367355072    1.1427137449354632    1.896801042239531    2.037153061843128    1.1203431028407067    
7.842329303181032    4.737444014812354    8.701813233579742    1.3321118049352663    3.6503887172730174    7.933228316120221    
2.02086793736089    2.185829798836494    1.7393942457274534    1.6043931985186646    1.422869851681753    1.63899791573931    
20.613584669597913    26.082189247143106    6.047350909982924    6.432015455531655    4.483944292442175    5.587757229921408    
0.8311727622931357    2.3674361677403795    0.30272198958846275    0.19405040812853258    0.4129673063289374    0.2809968986111926    
28.566434590538847    27.548689709743485    4.953454827234964    3.349056117265718    1.7218854844977614    4.18568474559288    
16.81901037406351    23.51898079403327    0.7917795632820344    1.797214077654644    1.6114436195784947    0.7105457185389241    
3.194579518720275    3.4801092688721837    0.49359481075953227    0.41626167933281977    0.24299489299301058    0.4211734051932581    
14.060552283248398    17.89527274230204    4.37530902751314    4.588947211814229    3.250853043355164    4.038573475976591    
1.0916723421833012    3.276381784307887    6.851320507033961    0.8402899543725653    0.31670481829496566    6.014751912764041    
10.08749083802104    11.103640554778394    1.3516188828943996    1.1306441766646458    1.2900521127739921    1.2208418617810821    
3.040971884081955    2.729688136227196    1.0561457652511308    0.4611724983260501    0.7068164839147357    0.9647382167750038    
18.847522462849156    21.541823931664112    4.018739875144092    3.936548627229058    2.164066535231541    3.5787570371030597    
2.5410997899016365    3.8801962984143756    0.053200757698505186    0.29369108815444633    0.291277285097749    0.04442519854637794    
16.222115602096892    19.09953796377522    2.704740523433429    2.5612844532588497    3.211728608541307    2.653096676032874    
4.962572239732253    3.457556046967511    4.957321958994726    4.771272301935824    3.2834612709557405    4.644740004645428    
1.876283683872316    6.661066847969778    0.6036245491559384    0.290091283939546    0.5136630857305136    0.5355108441581251    
1.1489594931481406    1.8772150679578772    3.6165231052436866    0.26603241593693383    1.9043550382339163    3.4049272798583843    
3.409652244328754    3.448066246637609    1.9426891345356125    1.9148657117184484    1.337464448850369    1.8843575324572157    
3.9239568480843445    9.291351488267537    4.217734980265959    2.9277593597216764    4.495077518178732    4.1430288625415415    
8.807250894547906    15.021864393318538    0.29341104392369743    1.4241378922160948    1.338008715887554    0.3124092686775839    
0.2045711493556155    0.8870582586678211    0.512530356500065    0.16651786999136675    0.45400216642883606    0.4808191231859382    
2.5960482267546467    3.5327308214473305    0.36034638338605873    0.4533233930269489    0.330427329390659    0.30892131898144726    
0.2936850451369537    0.8480842289282009    2.2276443457813    0.060208799797692336    0.34916806789988186    1.9760242480988381    
5.121512407436967    30.614569905184908    4.121110883948859    1.0064764706476126    2.4505405478848843    3.697869855197496    
33.50041701483133    37.75728392986639    3.616142663406208    3.590981239656685    2.322511956881499    3.0402574027248193    
1.4278843166102888    1.5813201056298567    1.06029583090276    1.1272049909603084    0.5981747503683437    1.017990672364249    
3.976979636849137    6.142910586175276    0.39963471966621    0.6540717146999668    0.5846934279543348    0.35374989063711837    
8.174768452066928    15.246753687082673    1.954039718650165    2.0404183070204454    2.7325601553166052    1.992842511201161    
38.962393683439586    46.32977847738948    2.6858642877050443    3.4981124434125377    3.0428469990729354    2.2728182954888325    
5.243807831793674    4.963689365395112    3.673646592767909    2.0284899772232166    3.300866589459474    3.5502298359933775    
3.0515670371678425    3.360838156193495    0.5834250242915004    0.49768563186808024    0.6353057989326771    0.5439502007793635    
0.4545474849292077    1.0682053501077462    2.3472367439535446    0.07260703490464948    0.7954189721640432    2.1199093659379287    
2.4556266253930517    2.5148378115409287    1.4004723320394987    1.226934881080524    1.4275102023675572    1.3538215331063839    
19.817309576508706    18.479653904301813    4.264962475703214    2.0315229579573497    2.266121814289363    3.7570903542946326    
1.7678691709879786    5.501516385076684    0.6071902806288563    0.16322232189122587    0.6108226402575383    0.5668826863256982    
6.080879751854809    6.741485569029464    2.5898732788627967    2.6686580140085425    2.9340156386606395    2.6512741204787744    
43.24763424831326    46.26472857121553    7.2521176013106015    4.811381435851217    5.760940506763291    6.751531870657345    
21.26537988705968    44.56620434689103    3.0047259141574614    2.3067914996790932    2.9945306211157003    2.530646829647594    
14.566735015279846    17.522438071740908    1.4909218253014842    1.7304382918810006    1.2888622397440486    1.315116976518766    
100.1970395801618    156.24650753941387    0.22855034208623692    7.492479439286399    9.116089313785778    0.228568889957387    
0.7902774057147326    1.6564413399610203    0.01056973983941134    0.08666228680522181    0.11693847762944642    0.007892930865637027    
12.37710440736555    12.930481877236161    4.982037657566252    4.716851660210523    2.8034670556371566    4.5462702130607795    
3.8785042474919464    3.203582226749859    3.913961942686001    1.048804864520207    2.5163131482404424    3.667383319218061    
3.098606597035541    8.580177220035694    2.2132639147748705    1.5084867658297298    2.5904290670587216    2.152952870106674    
10.123440882263822    22.5466552398575    3.442761223661364    3.36725135652523    4.6664215963101014    3.361359747927054    
0.34327193032368086    0.3922843426989857    0.3636457467946457    0.3049653994530672    0.3173954916856019    0.33449773816391826    
31.30711915953725    65.38033567460661    0.0016459117905469611    4.374877928348724    4.885156452524825    0.0031207136053126305    
5.633119787729811    1.4095495399087667    6.494318447745172    4.758370657553314    1.4563908207928762    5.896782349329442    
0.9476820350828348    1.0852910602261545    0.21073214580246713    0.20996098285831977    0.24497060450084973    0.19332433451199904    
14.223192123972694    25.15155141145806    0.4142340448888717    2.28809214818466    2.1991144053754397    0.43793368044134695    
42.13664502665051    58.61998784315074    0.8188741615012987    3.657160800881684    3.5946088055789005    0.6882471051212633    
1.6463386926916428    12.674120434894576    2.9360999747586902    0.27926455401757266    1.3171185472601792    2.6339555924059823    
4.593326864138362    5.952344135381281    6.083044210070511    3.843810233127442    5.82153162076429    5.962409479310736    
2.320937808297458    1.1703721573430812    1.7617018713790458    1.3567259086703416    0.5094474758952856    1.55173704228946    
22.96770224373904    27.960768752804142    1.5376484456210164    2.18050466706336    2.079655413981527    1.335225504648406    
5.616540292525315    6.21271511897794    6.188477314441116    3.9082920807268238    5.904273359890794    6.070555947619141    
13.237936831501429    18.356405386075494    0.9370774625131162    1.7089169986720663    1.3401808120543137    0.815951820317423    
1.0411116200848483    1.2391114136844408    1.3042230241262587    0.6455588121025357    1.2411339660466183    1.326952447197982    
25.41095372653217    36.19962520971603    3.526768943906063    4.930344615480863    3.6328342432971112    3.2091792938881554    
12.495621297130128    20.444530021646642    0.605756683886284    1.6975919432443334    1.609923019874259    0.5319294302316848    
4.674255880294368    0.8854572026466485    6.152602124580881    1.1949340394494357    0.26599229939165525    5.335190640238579    
5.023653395139263    9.988528069749009    3.891508596832864    2.2936774104600772    0.7412755016121082    3.265967593892128    
6.837257627994404    7.608411804787465    1.6829867327905959    1.5639498878153972    1.8972317275038222    1.6139348735741805    
44.68687922207755    76.31822869619646    1.173100499843713    4.039168992094346    5.743214746908052    1.2186119995167246    
6.180849855431006    10.079623438548879    1.6365018712094752    1.7685923680401174    1.9367881571233738    1.642100853860029    
1.300455553966458    0.04803751685540192    2.5691653885587584    0.5390440932969796    0.04657629059511237    2.210241704044165    
6.482762921863468    5.061776487418683    2.674356598756276    0.6657276787154842    1.132905730701168    2.450350417289883    
5.022938722773688    11.755864069826202    1.0662671324244002    1.2108698702068068    1.7693439382273937    1.0237437525065616    
10.647477682810859    29.132770443611662    2.554013250861317    2.4078546787641244    4.384218942926964    2.495029698096914    
5.624690999960876    22.212909608948394    6.26398865460942    3.152858932284289    1.7129603029752616    5.607367096454254    
15.855548218882177    14.315329485514667    3.3027968113310635    1.7194735023804242    1.0168290050205542    2.8180880832951516    
