|                           Parameters |                      0 |                       1 |   2 |                      3 |   4 |                       5 |                       6 |                      7 |   8 |   9 |  10 |  11 |                   12 |                     13 |  14 |
|              MkVaJFnp.spectral.index |   0.008154158900027323 |   -7.62045677319405e-14 | 0.0 | -0.0027550525760380797 | 0.0 |   1.597002493703911e-07 |   -3.88866498566333e-08 |                    0.0 | 0.0 | 0.0 | 0.0 | 0.0 |                  0.0 |                    0.0 | 0.0 |
|          MkVaJFnp.spectral.amplitude |  -7.62045677319405e-14 |  3.4643942813091627e-23 | 0.0 |  8.059227098939682e-14 | 0.0 | -2.6898929755101126e-17 |    7.99955129936107e-18 |                    0.0 | 0.0 | 0.0 | 0.0 | 0.0 |                  0.0 |                    0.0 | 0.0 |
|          MkVaJFnp.spectral.reference |                    0.0 |                     0.0 | 0.0 |                    0.0 | 0.0 |                     0.0 |                     0.0 |                    0.0 | 0.0 | 0.0 | 0.0 | 0.0 |                  0.0 |                    0.0 | 0.0 |
|            MkVaJFnp.spectral.lambda_ | -0.0027550525760380797 |   8.059227098939682e-14 | 0.0 |  0.0014441189563665073 | 0.0 |   4.311334160415319e-09 |   1.160795148319787e-08 |                    0.0 | 0.0 | 0.0 | 0.0 | 0.0 |                  0.0 |                    0.0 | 0.0 |
|              MkVaJFnp.spectral.alpha |                    0.0 |                     0.0 | 0.0 |                    0.0 | 0.0 |                     0.0 |                     0.0 |                    0.0 | 0.0 | 0.0 | 0.0 | 0.0 |                  0.0 |                    0.0 | 0.0 |
|               MkVaJFnp.spatial.lon_0 |  1.597002493703911e-07 | -2.6898929755101126e-17 | 0.0 |  4.311334160415319e-09 | 0.0 |   5.211985872389152e-06 | -4.3243385371078027e-10 |                    0.0 | 0.0 | 0.0 | 0.0 | 0.0 |                  0.0 |                    0.0 | 0.0 |
|               MkVaJFnp.spatial.lat_0 |  -3.88866498566333e-08 |    7.99955129936107e-18 | 0.0 |  1.160795148319787e-08 | 0.0 | -4.3243385371078027e-10 |   3.907221134494491e-06 |                    0.0 | 0.0 | 0.0 | 0.0 | 0.0 |                  0.0 |                    0.0 | 0.0 |
|           kehgcckP-bkg.spectral.norm |                    0.0 |                     0.0 | 0.0 |                    0.0 | 0.0 |                     0.0 |                     0.0 | 0.00011469465849277059 | 0.0 | 0.0 | 0.0 | 0.0 |                  0.0 |                    0.0 | 0.0 |
|           kehgcckP-bkg.spectral.tilt |                    0.0 |                     0.0 | 0.0 |                    0.0 | 0.0 |                     0.0 |                     0.0 |                    0.0 | 0.0 | 0.0 | 0.0 | 0.0 |                  0.0 |                    0.0 | 0.0 |
|      kehgcckP-bkg.spectral.reference |                    0.0 |                     0.0 | 0.0 |                    0.0 | 0.0 |                     0.0 |                     0.0 |                    0.0 | 0.0 | 0.0 | 0.0 | 0.0 |                  0.0 |                    0.0 | 0.0 |
|       kehgcckP-irf.e_reco_model.bias |                    0.0 |                     0.0 | 0.0 |                    0.0 | 0.0 |                     0.0 |                     0.0 |                    0.0 | 0.0 | 0.0 | 0.0 | 0.0 |                  0.0 |                    0.0 | 0.0 |
| kehgcckP-irf.e_reco_model.resolution |                    0.0 |                     0.0 | 0.0 |                    0.0 | 0.0 |                     0.0 |                     0.0 |                    0.0 | 0.0 | 0.0 | 0.0 | 0.0 |                  0.0 |                    0.0 | 0.0 |
|           kehgcckP-irf.spectral.norm |                    0.0 |                     0.0 | 0.0 |                    0.0 | 0.0 |                     0.0 |                     0.0 |                    0.0 | 0.0 | 0.0 | 0.0 | 0.0 | 0.010118683299093921 |   1.54819125750493e-05 | 0.0 |
|           kehgcckP-irf.spectral.tilt |                    0.0 |                     0.0 | 0.0 |                    0.0 | 0.0 |                     0.0 |                     0.0 |                    0.0 | 0.0 | 0.0 | 0.0 | 0.0 | 1.54819125750493e-05 | 0.00041272361220369614 | 0.0 |
|      kehgcckP-irf.spectral.reference |                    0.0 |                     0.0 | 0.0 |                    0.0 | 0.0 |                     0.0 |                     0.0 |                    0.0 | 0.0 | 0.0 | 0.0 | 0.0 |                  0.0 |                    0.0 | 0.0 |
