|                           Parameters |                      0 |                      1 |   2 |                       3 |   4 |                       5 |                      6 |                    7 |                    8 |   9 |  10 |  11 |                     12 |                     13 |  14 |
|                  Crab.spectral.index |      1.400558889252559 |  -2.41498326157993e-11 | 0.0 |     -0.4482513259421067 | 0.0 |   4.398938817075337e-05 | -6.881944132569111e-06 |                  0.0 |                  0.0 | 0.0 | 0.0 | 0.0 |                    0.0 |                    0.0 | 0.0 |
|              Crab.spectral.amplitude |  -2.41498326157993e-11 | 1.0851258158391584e-21 | 0.0 |  1.2362760598759698e-11 | 0.0 |  -6.000565367234206e-15 |  1.499000095352448e-15 |                  0.0 |                  0.0 | 0.0 | 0.0 | 0.0 |                    0.0 |                    0.0 | 0.0 |
|              Crab.spectral.reference |                    0.0 |                    0.0 | 0.0 |                     0.0 | 0.0 |                     0.0 |                    0.0 |                  0.0 |                  0.0 | 0.0 | 0.0 | 0.0 |                    0.0 |                    0.0 | 0.0 |
|                Crab.spectral.lambda_ |    -0.4482513259421067 | 1.2362760598759698e-11 | 0.0 |      0.2267935993067473 | 0.0 | -2.3316332756526037e-06 | 2.0698746814608484e-06 |                  0.0 |                  0.0 | 0.0 | 0.0 | 0.0 |                    0.0 |                    0.0 | 0.0 |
|                  Crab.spectral.alpha |                    0.0 |                    0.0 | 0.0 |                     0.0 | 0.0 |                     0.0 |                    0.0 |                  0.0 |                  0.0 | 0.0 | 0.0 | 0.0 |                    0.0 |                    0.0 | 0.0 |
|                   Crab.spatial.lon_0 |  4.398938817075337e-05 | -6.000565367234206e-15 | 0.0 | -2.3316332756526037e-06 | 0.0 |    0.001109385761489626 | -8.104212497785776e-08 |                  0.0 |                  0.0 | 0.0 | 0.0 | 0.0 |                    0.0 |                    0.0 | 0.0 |
|                   Crab.spatial.lat_0 | -6.881944132569111e-06 |  1.499000095352448e-15 | 0.0 |  2.0698746814608484e-06 | 0.0 |  -8.104212497785776e-08 |  0.0008316212867034684 |                  0.0 |                  0.0 | 0.0 | 0.0 | 0.0 |                    0.0 |                    0.0 | 0.0 |
|           PW2j-_Gf-bkg.spectral.norm |                    0.0 |                    0.0 | 0.0 |                     0.0 | 0.0 |                     0.0 |                    0.0 | 0.024853646697684983 | 0.002011655084263734 | 0.0 | 0.0 | 0.0 |                    0.0 |                    0.0 | 0.0 |
|           PW2j-_Gf-bkg.spectral.tilt |                    0.0 |                    0.0 | 0.0 |                     0.0 | 0.0 |                     0.0 |                    0.0 | 0.002011655084263734 |  0.02891722096118299 | 0.0 | 0.0 | 0.0 |                    0.0 |                    0.0 | 0.0 |
|      PW2j-_Gf-bkg.spectral.reference |                    0.0 |                    0.0 | 0.0 |                     0.0 | 0.0 |                     0.0 |                    0.0 |                  0.0 |                  0.0 | 0.0 | 0.0 | 0.0 |                    0.0 |                    0.0 | 0.0 |
|       PW2j-_Gf-irf.e_reco_model.bias |                    0.0 |                    0.0 | 0.0 |                     0.0 | 0.0 |                     0.0 |                    0.0 |                  0.0 |                  0.0 | 0.0 | 0.0 | 0.0 |                    0.0 |                    0.0 | 0.0 |
| PW2j-_Gf-irf.e_reco_model.resolution |                    0.0 |                    0.0 | 0.0 |                     0.0 | 0.0 |                     0.0 |                    0.0 |                  0.0 |                  0.0 | 0.0 | 0.0 | 0.0 |                    0.0 |                    0.0 | 0.0 |
|           PW2j-_Gf-irf.spectral.norm |                    0.0 |                    0.0 | 0.0 |                     0.0 | 0.0 |                     0.0 |                    0.0 |                  0.0 |                  0.0 | 0.0 | 0.0 | 0.0 |   0.010000398569114936 | -1.253497747465682e-10 | 0.0 |
|           PW2j-_Gf-irf.spectral.tilt |                    0.0 |                    0.0 | 0.0 |                     0.0 | 0.0 |                     0.0 |                    0.0 |                  0.0 |                  0.0 | 0.0 | 0.0 | 0.0 | -1.253497747465682e-10 |  0.0003999999554013736 | 0.0 |
|      PW2j-_Gf-irf.spectral.reference |                    0.0 |                    0.0 | 0.0 |                     0.0 | 0.0 |                     0.0 |                    0.0 |                  0.0 |                  0.0 | 0.0 | 0.0 | 0.0 |                    0.0 |                    0.0 | 0.0 |
