|                      Parameters |                       0 |                       1 |   2 |                       3 |   4 |                       5 |                       6 |                     7 |                     8 |   9 |
|             Crab.spectral.index |      0.6635989439949991 | -1.1564131256950384e-11 | 0.0 |    -0.21408937526358263 | 0.0 |  1.9669148036769767e-05 |  -4.011255593032853e-06 |                   0.0 |                   0.0 | 0.0 |
|         Crab.spectral.amplitude | -1.1564131256950384e-11 |   5.048148542120962e-22 | 0.0 |   5.872510782401857e-12 | 0.0 |  -2.762399971987923e-15 |   7.346803835096962e-16 |                   0.0 |                   0.0 | 0.0 |
|         Crab.spectral.reference |                     0.0 |                     0.0 | 0.0 |                     0.0 | 0.0 |                     0.0 |                     0.0 |                   0.0 |                   0.0 | 0.0 |
|           Crab.spectral.lambda_ |    -0.21408937526358263 |   5.872510782401857e-12 | 0.0 |     0.10745525756911023 | 0.0 | -1.0873335245277477e-06 |  1.3179869657413367e-06 |                   0.0 |                   0.0 | 0.0 |
|             Crab.spectral.alpha |                     0.0 |                     0.0 | 0.0 |                     0.0 | 0.0 |                     0.0 |                     0.0 |                   0.0 |                   0.0 | 0.0 |
|              Crab.spatial.lon_0 |  1.9669148036769767e-05 |  -2.762399971987923e-15 | 0.0 | -1.0873335245277477e-06 | 0.0 |   0.0005146683646607181 | -3.5908172302255404e-08 |                   0.0 |                   0.0 | 0.0 |
|              Crab.spatial.lat_0 |  -4.011255593032853e-06 |   7.346803835096962e-16 | 0.0 |  1.3179869657413367e-06 | 0.0 | -3.5908172302255404e-08 |    0.000385813363807877 |                   0.0 |                   0.0 | 0.0 |
|      tSJpbYft-bkg.spectral.norm |                     0.0 |                     0.0 | 0.0 |                     0.0 | 0.0 |                     0.0 |                     0.0 |   0.01153646785508457 | 0.0009354830693360412 | 0.0 |
|      tSJpbYft-bkg.spectral.tilt |                     0.0 |                     0.0 | 0.0 |                     0.0 | 0.0 |                     0.0 |                     0.0 | 0.0009354830693360412 |  0.013422461865506021 | 0.0 |
| tSJpbYft-bkg.spectral.reference |                     0.0 |                     0.0 | 0.0 |                     0.0 | 0.0 |                     0.0 |                     0.0 |                   0.0 |                   0.0 | 0.0 |
