|                           Parameters |                      0 |   1 |                       2 |                       3 |                      4 |                       5 |                      6 |                      7 |   8 |   9 |  10 |                   11 |                    12 |  13 |
|           Crablog.spectral.amplitude | 1.4233373272936638e-23 | 0.0 |  -3.615055103017174e-15 |   7.134546255861408e-15 | -1.677302868229829e-17 |   -1.87931940713285e-17 |                    0.0 |                    0.0 | 0.0 | 0.0 | 0.0 |                  0.0 |                   0.0 | 0.0 |
|           Crablog.spectral.reference |                    0.0 | 0.0 |                     0.0 |                     0.0 |                    0.0 |                     0.0 |                    0.0 |                    0.0 | 0.0 | 0.0 | 0.0 |                  0.0 |                   0.0 | 0.0 |
|               Crablog.spectral.alpha | -3.615055103017174e-15 | 0.0 |   0.0003883874243203492 | -0.00014867065291267168 |  6.767821522031713e-09 | -1.2443805235113489e-08 |                    0.0 |                    0.0 | 0.0 | 0.0 | 0.0 |                  0.0 |                   0.0 | 0.0 |
|                Crablog.spectral.beta |  7.134546255861408e-15 | 0.0 | -0.00014867065291267168 |   0.0003592389665882154 |   4.65947869522382e-08 |   5.529276780624434e-08 |                    0.0 |                    0.0 | 0.0 | 0.0 | 0.0 |                  0.0 |                   0.0 | 0.0 |
|                Crablog.spatial.lon_0 | -1.677302868229829e-17 | 0.0 |   6.767821522031713e-09 |    4.65947869522382e-08 |  5.544868078673498e-07 |  -4.783741705983761e-09 |                    0.0 |                    0.0 | 0.0 | 0.0 | 0.0 |                  0.0 |                   0.0 | 0.0 |
|                Crablog.spatial.lat_0 |  -1.87931940713285e-17 | 0.0 | -1.2443805235113489e-08 |   5.529276780624434e-08 | -4.783741705983761e-09 |  4.1391961049350813e-07 |                    0.0 |                    0.0 | 0.0 | 0.0 | 0.0 |                  0.0 |                   0.0 | 0.0 |
|           D_l1dUJF-bkg.spectral.norm |                    0.0 | 0.0 |                     0.0 |                     0.0 |                    0.0 |                     0.0 | 1.1563426798770095e-05 |  8.988932235006738e-07 | 0.0 | 0.0 | 0.0 |                  0.0 |                   0.0 | 0.0 |
|           D_l1dUJF-bkg.spectral.tilt |                    0.0 | 0.0 |                     0.0 |                     0.0 |                    0.0 |                     0.0 |  8.988932235006738e-07 | 1.3429463802553255e-05 | 0.0 | 0.0 | 0.0 |                  0.0 |                   0.0 | 0.0 |
|      D_l1dUJF-bkg.spectral.reference |                    0.0 | 0.0 |                     0.0 |                     0.0 |                    0.0 |                     0.0 |                    0.0 |                    0.0 | 0.0 | 0.0 | 0.0 |                  0.0 |                   0.0 | 0.0 |
|       D_l1dUJF-irf.e_reco_model.bias |                    0.0 | 0.0 |                     0.0 |                     0.0 |                    0.0 |                     0.0 |                    0.0 |                    0.0 | 0.0 | 0.0 | 0.0 |                  0.0 |                   0.0 | 0.0 |
| D_l1dUJF-irf.e_reco_model.resolution |                    0.0 | 0.0 |                     0.0 |                     0.0 |                    0.0 |                     0.0 |                    0.0 |                    0.0 | 0.0 | 0.0 | 0.0 |                  0.0 |                   0.0 | 0.0 |
|           D_l1dUJF-irf.spectral.norm |                    0.0 | 0.0 |                     0.0 |                     0.0 |                    0.0 |                     0.0 |                    0.0 |                    0.0 | 0.0 | 0.0 | 0.0 |  0.01000584482690749 |  5.99143965483503e-06 | 0.0 |
|           D_l1dUJF-irf.spectral.tilt |                    0.0 | 0.0 |                     0.0 |                     0.0 |                    0.0 |                     0.0 |                    0.0 |                    0.0 | 0.0 | 0.0 | 0.0 | 5.99143965483503e-06 | 0.0003999893052497234 | 0.0 |
|      D_l1dUJF-irf.spectral.reference |                    0.0 | 0.0 |                     0.0 |                     0.0 |                    0.0 |                     0.0 |                    0.0 |                    0.0 | 0.0 | 0.0 | 0.0 |                  0.0 |                   0.0 | 0.0 |
