|                            Parameters |                       0 |   1 |                      2 |                       3 |                       4 |                       5 |   6 |   7 |                      8 |                      9 |  10 |                     11 |                    12 |  13 |
|            Crablog.spectral.amplitude |  2.3342260246332852e-23 | 0.0 | -3.525031217963047e-14 |   8.794207253514005e-14 | -2.6018649671891572e-17 |  -3.010893508986125e-17 | 0.0 | 0.0 |                    0.0 |                    0.0 | 0.0 |                    0.0 |                   0.0 | 0.0 |
|            Crablog.spectral.reference |                     0.0 | 0.0 |                    0.0 |                     0.0 |                     0.0 |                     0.0 | 0.0 | 0.0 |                    0.0 |                    0.0 | 0.0 |                    0.0 |                   0.0 | 0.0 |
|                Crablog.spectral.alpha |  -3.525031217963047e-14 | 0.0 |  0.0037992237284809106 |   -0.001349636727081521 |  -4.416800073467371e-07 |   5.144477806043386e-07 | 0.0 | 0.0 |                    0.0 |                    0.0 | 0.0 |                    0.0 |                   0.0 | 0.0 |
|                 Crablog.spectral.beta |   8.794207253514005e-14 | 0.0 |  -0.001349636727081521 |    0.004455292804113573 | -1.0768849411311426e-06 | -1.0607893924015589e-07 | 0.0 | 0.0 |                    0.0 |                    0.0 | 0.0 |                    0.0 |                   0.0 | 0.0 |
|                 Crablog.spatial.lon_0 | -2.6018649671891572e-17 | 0.0 | -4.416800073467371e-07 | -1.0768849411311426e-06 |   5.118018627792008e-06 |  -3.898489689603804e-08 | 0.0 | 0.0 |                    0.0 |                    0.0 | 0.0 |                    0.0 |                   0.0 | 0.0 |
|                 Crablog.spatial.lat_0 |  -3.010893508986125e-17 | 0.0 |  5.144477806043386e-07 | -1.0607893924015589e-07 |  -3.898489689603804e-08 |  3.6603120749598652e-06 | 0.0 | 0.0 |                    0.0 |                    0.0 | 0.0 |                    0.0 |                   0.0 | 0.0 |
|       dataset_N-irf.e_reco_model.bias |                     0.0 | 0.0 |                    0.0 |                     0.0 |                     0.0 |                     0.0 | 0.0 | 0.0 |                    0.0 |                    0.0 | 0.0 |                    0.0 |                   0.0 | 0.0 |
| dataset_N-irf.e_reco_model.resolution |                     0.0 | 0.0 |                    0.0 |                     0.0 |                     0.0 |                     0.0 | 0.0 | 0.0 |                    0.0 |                    0.0 | 0.0 |                    0.0 |                   0.0 | 0.0 |
|           dataset_N-irf.spectral.norm |                     0.0 | 0.0 |                    0.0 |                     0.0 |                     0.0 |                     0.0 | 0.0 | 0.0 |    0.01013117144876116 | -7.489300134983445e-07 | 0.0 |                    0.0 |                   0.0 | 0.0 |
|           dataset_N-irf.spectral.tilt |                     0.0 | 0.0 |                    0.0 |                     0.0 |                     0.0 |                     0.0 | 0.0 | 0.0 | -7.489300134983445e-07 | 0.00040000049260483634 | 0.0 |                    0.0 |                   0.0 | 0.0 |
|      dataset_N-irf.spectral.reference |                     0.0 | 0.0 |                    0.0 |                     0.0 |                     0.0 |                     0.0 | 0.0 | 0.0 |                    0.0 |                    0.0 | 0.0 |                    0.0 |                   0.0 | 0.0 |
|           dataset_N-bkg.spectral.norm |                     0.0 | 0.0 |                    0.0 |                     0.0 |                     0.0 |                     0.0 | 0.0 | 0.0 |                    0.0 |                    0.0 | 0.0 | 0.00011595733495597843 | 8.406295188287536e-06 | 0.0 |
|           dataset_N-bkg.spectral.tilt |                     0.0 | 0.0 |                    0.0 |                     0.0 |                     0.0 |                     0.0 | 0.0 | 0.0 |                    0.0 |                    0.0 | 0.0 |  8.406295188287536e-06 | 0.0001345881846019544 | 0.0 |
|      dataset_N-bkg.spectral.reference |                     0.0 | 0.0 |                    0.0 |                     0.0 |                     0.0 |                     0.0 | 0.0 | 0.0 |                    0.0 |                    0.0 | 0.0 |                    0.0 |                   0.0 | 0.0 |
