|                           Parameters |                       0 |   1 |                       2 |                      3 |                       4 |                      5 |                     6 |                     7 |   8 |   9 |  10 |                      11 |                      12 |  13 |
|           Crablog.spectral.amplitude |  2.1564810941523473e-23 | 0.0 | -1.7040232256632956e-13 |  2.802165819683159e-13 | -2.3735040508128164e-16 |  4.638037160479526e-16 |                   0.0 |                   0.0 | 0.0 | 0.0 | 0.0 |                     0.0 |                     0.0 | 0.0 |
|           Crablog.spectral.reference |                     0.0 | 0.0 |                     0.0 |                    0.0 |                     0.0 |                    0.0 |                   0.0 |                   0.0 | 0.0 | 0.0 | 0.0 |                     0.0 |                     0.0 | 0.0 |
|               Crablog.spectral.alpha | -1.7040232256632956e-13 | 0.0 |    0.019981346626343103 | -0.0067217234836807515 |    4.41508878214156e-06 | -5.460954231366542e-06 |                   0.0 |                   0.0 | 0.0 | 0.0 | 0.0 |                     0.0 |                     0.0 | 0.0 |
|                Crablog.spectral.beta |   2.802165819683159e-13 | 0.0 |  -0.0067217234836807515 |   0.016247482851355455 |  -5.432777479274802e-06 |  1.913088917191661e-05 |                   0.0 |                   0.0 | 0.0 | 0.0 | 0.0 |                     0.0 |                     0.0 | 0.0 |
|                Crablog.spatial.lon_0 | -2.3735040508128164e-16 | 0.0 |    4.41508878214156e-06 | -5.432777479274802e-06 |  3.0293352851659166e-05 | -6.177134500579973e-07 |                   0.0 |                   0.0 | 0.0 | 0.0 | 0.0 |                     0.0 |                     0.0 | 0.0 |
|                Crablog.spatial.lat_0 |   4.638037160479526e-16 | 0.0 |  -5.460954231366542e-06 |  1.913088917191661e-05 |  -6.177134500579973e-07 | 2.2199946890908793e-05 |                   0.0 |                   0.0 | 0.0 | 0.0 | 0.0 |                     0.0 |                     0.0 | 0.0 |
|           0M-C35pf-bkg.spectral.norm |                     0.0 | 0.0 |                     0.0 |                    0.0 |                     0.0 |                    0.0 | 0.0005472571440388432 | 5.025501402338202e-05 | 0.0 | 0.0 | 0.0 |                     0.0 |                     0.0 | 0.0 |
|           0M-C35pf-bkg.spectral.tilt |                     0.0 | 0.0 |                     0.0 |                    0.0 |                     0.0 |                    0.0 | 5.025501402338202e-05 | 0.0006003156213909345 | 0.0 | 0.0 | 0.0 |                     0.0 |                     0.0 | 0.0 |
|      0M-C35pf-bkg.spectral.reference |                     0.0 | 0.0 |                     0.0 |                    0.0 |                     0.0 |                    0.0 |                   0.0 |                   0.0 | 0.0 | 0.0 | 0.0 |                     0.0 |                     0.0 | 0.0 |
|       0M-C35pf-irf.e_reco_model.bias |                     0.0 | 0.0 |                     0.0 |                    0.0 |                     0.0 |                    0.0 |                   0.0 |                   0.0 | 0.0 | 0.0 | 0.0 |                     0.0 |                     0.0 | 0.0 |
| 0M-C35pf-irf.e_reco_model.resolution |                     0.0 | 0.0 |                     0.0 |                    0.0 |                     0.0 |                    0.0 |                   0.0 |                   0.0 | 0.0 | 0.0 | 0.0 |                     0.0 |                     0.0 | 0.0 |
|           0M-C35pf-irf.spectral.norm |                     0.0 | 0.0 |                     0.0 |                    0.0 |                     0.0 |                    0.0 |                   0.0 |                   0.0 | 0.0 | 0.0 | 0.0 |    0.010035184210889588 | -2.0823672922906866e-07 | 0.0 |
|           0M-C35pf-irf.spectral.tilt |                     0.0 | 0.0 |                     0.0 |                    0.0 |                     0.0 |                    0.0 |                   0.0 |                   0.0 | 0.0 | 0.0 | 0.0 | -2.0823672922906866e-07 |  0.00040000262823026094 | 0.0 |
|      0M-C35pf-irf.spectral.reference |                     0.0 | 0.0 |                     0.0 |                    0.0 |                     0.0 |                    0.0 |                   0.0 |                   0.0 | 0.0 | 0.0 | 0.0 |                     0.0 |                     0.0 | 0.0 |
