|                           Parameters |                      0 |   1 |                      2 |                       3 |                       4 |                       5 |                      6 |                      7 |   8 |   9 |  10 |                     11 |                     12 |  13 |
|           Crablog.spectral.amplitude |  2.432804896374289e-23 | 0.0 | -6.925523601939795e-14 |  1.2591753805482544e-13 |    7.33411604564991e-17 |   5.561710774093922e-17 |                    0.0 |                    0.0 | 0.0 | 0.0 | 0.0 |                    0.0 |                    0.0 | 0.0 |
|           Crablog.spectral.reference |                    0.0 | 0.0 |                    0.0 |                     0.0 |                     0.0 |                     0.0 |                    0.0 |                    0.0 | 0.0 | 0.0 | 0.0 |                    0.0 |                    0.0 | 0.0 |
|               Crablog.spectral.alpha | -6.925523601939795e-14 | 0.0 |   0.007670725393631899 |   -0.003236253801896897 |   7.283293619840126e-07 |  -2.004200148614515e-06 |                    0.0 |                    0.0 | 0.0 | 0.0 | 0.0 |                    0.0 |                    0.0 | 0.0 |
|                Crablog.spectral.beta | 1.2591753805482544e-13 | 0.0 |  -0.003236253801896897 |    0.005849020979825621 |  3.1731889014935058e-06 | -1.5581429788050896e-06 |                    0.0 |                    0.0 | 0.0 | 0.0 | 0.0 |                    0.0 |                    0.0 | 0.0 |
|                Crablog.spatial.lon_0 |   7.33411604564991e-17 | 0.0 |  7.283293619840126e-07 |  3.1731889014935058e-06 |  1.0190194408330579e-05 | -2.1248086246794564e-07 |                    0.0 |                    0.0 | 0.0 | 0.0 | 0.0 |                    0.0 |                    0.0 | 0.0 |
|                Crablog.spatial.lat_0 |  5.561710774093922e-17 | 0.0 | -2.004200148614515e-06 | -1.5581429788050896e-06 | -2.1248086246794564e-07 |   8.006683982126567e-06 |                    0.0 |                    0.0 | 0.0 | 0.0 | 0.0 |                    0.0 |                    0.0 | 0.0 |
|           Ulwb0eZb-bkg.spectral.norm |                    0.0 | 0.0 |                    0.0 |                     0.0 |                     0.0 |                     0.0 | 0.00024369393023452137 | 2.5586105446072384e-05 | 0.0 | 0.0 | 0.0 |                    0.0 |                    0.0 | 0.0 |
|           Ulwb0eZb-bkg.spectral.tilt |                    0.0 | 0.0 |                    0.0 |                     0.0 |                     0.0 |                     0.0 | 2.5586105446072384e-05 |  0.0002881308294257344 | 0.0 | 0.0 | 0.0 |                    0.0 |                    0.0 | 0.0 |
|      Ulwb0eZb-bkg.spectral.reference |                    0.0 | 0.0 |                    0.0 |                     0.0 |                     0.0 |                     0.0 |                    0.0 |                    0.0 | 0.0 | 0.0 | 0.0 |                    0.0 |                    0.0 | 0.0 |
|       Ulwb0eZb-irf.e_reco_model.bias |                    0.0 | 0.0 |                    0.0 |                     0.0 |                     0.0 |                     0.0 |                    0.0 |                    0.0 | 0.0 | 0.0 | 0.0 |                    0.0 |                    0.0 | 0.0 |
| Ulwb0eZb-irf.e_reco_model.resolution |                    0.0 | 0.0 |                    0.0 |                     0.0 |                     0.0 |                     0.0 |                    0.0 |                    0.0 | 0.0 | 0.0 | 0.0 |                    0.0 |                    0.0 | 0.0 |
|           Ulwb0eZb-irf.spectral.norm |                    0.0 | 0.0 |                    0.0 |                     0.0 |                     0.0 |                     0.0 |                    0.0 |                    0.0 | 0.0 | 0.0 | 0.0 |    0.01007327802372353 | 1.4058951480367767e-07 | 0.0 |
|           Ulwb0eZb-irf.spectral.tilt |                    0.0 | 0.0 |                    0.0 |                     0.0 |                     0.0 |                     0.0 |                    0.0 |                    0.0 | 0.0 | 0.0 | 0.0 | 1.4058951480367767e-07 |  0.0004000051606470707 | 0.0 |
|      Ulwb0eZb-irf.spectral.reference |                    0.0 | 0.0 |                    0.0 |                     0.0 |                     0.0 |                     0.0 |                    0.0 |                    0.0 | 0.0 | 0.0 | 0.0 |                    0.0 |                    0.0 | 0.0 |
