|                           Parameters |                       0 |   1 |                       2 |                      3 |                      4 |                      5 |                      6 |                      7 |   8 |   9 |  10 |                     11 |                     12 |  13 |
|           Crablog.spectral.amplitude |  1.8462136198317534e-23 | 0.0 | -1.8256298967914117e-15 | 3.5577728509807005e-15 |  4.489828864339574e-18 | -5.940015451378929e-17 |                    0.0 |                    0.0 | 0.0 | 0.0 | 0.0 |                    0.0 |                    0.0 | 0.0 |
|           Crablog.spectral.reference |                     0.0 | 0.0 |                     0.0 |                    0.0 |                    0.0 |                    0.0 |                    0.0 |                    0.0 | 0.0 | 0.0 | 0.0 |                    0.0 |                    0.0 | 0.0 |
|               Crablog.spectral.alpha | -1.8256298967914117e-15 | 0.0 |   0.0001782698618862038 | -7.144540859188319e-05 | 1.3227831979884551e-08 | -7.718052543863384e-10 |                    0.0 |                    0.0 | 0.0 | 0.0 | 0.0 |                    0.0 |                    0.0 | 0.0 |
|                Crablog.spectral.beta |  3.5577728509807005e-15 | 0.0 |  -7.144540859188319e-05 | 0.00016256159918715988 |  6.694910812315621e-09 | 1.2932788182125985e-08 |                    0.0 |                    0.0 | 0.0 | 0.0 | 0.0 |                    0.0 |                    0.0 | 0.0 |
|                Crablog.spatial.lon_0 |   4.489828864339574e-18 | 0.0 |  1.3227831979884551e-08 |  6.694910812315621e-09 |  2.481886302854228e-07 |  1.402301187268715e-09 |                    0.0 |                    0.0 | 0.0 | 0.0 | 0.0 |                    0.0 |                    0.0 | 0.0 |
|                Crablog.spatial.lat_0 |  -5.940015451378929e-17 | 0.0 |  -7.718052543863384e-10 | 1.2932788182125985e-08 |  1.402301187268715e-09 |  1.848620858052294e-07 |                    0.0 |                    0.0 | 0.0 | 0.0 | 0.0 |                    0.0 |                    0.0 | 0.0 |
|           XrgW9col-bkg.spectral.norm |                     0.0 | 0.0 |                     0.0 |                    0.0 |                    0.0 |                    0.0 |  5.354218701572243e-06 | 4.3011402616127076e-07 | 0.0 | 0.0 | 0.0 |                    0.0 |                    0.0 | 0.0 |
|           XrgW9col-bkg.spectral.tilt |                     0.0 | 0.0 |                     0.0 |                    0.0 |                    0.0 |                    0.0 | 4.3011402616127076e-07 |  6.238835951182698e-06 | 0.0 | 0.0 | 0.0 |                    0.0 |                    0.0 | 0.0 |
|      XrgW9col-bkg.spectral.reference |                     0.0 | 0.0 |                     0.0 |                    0.0 |                    0.0 |                    0.0 |                    0.0 |                    0.0 | 0.0 | 0.0 | 0.0 |                    0.0 |                    0.0 | 0.0 |
|       XrgW9col-irf.e_reco_model.bias |                     0.0 | 0.0 |                     0.0 |                    0.0 |                    0.0 |                    0.0 |                    0.0 |                    0.0 | 0.0 | 0.0 | 0.0 |                    0.0 |                    0.0 | 0.0 |
| XrgW9col-irf.e_reco_model.resolution |                     0.0 | 0.0 |                     0.0 |                    0.0 |                    0.0 |                    0.0 |                    0.0 |                    0.0 | 0.0 | 0.0 | 0.0 |                    0.0 |                    0.0 | 0.0 |
|           XrgW9col-irf.spectral.norm |                     0.0 | 0.0 |                     0.0 |                    0.0 |                    0.0 |                    0.0 |                    0.0 |                    0.0 | 0.0 | 0.0 | 0.0 |   0.012325433087574627 | -9.420457466730436e-06 | 0.0 |
|           XrgW9col-irf.spectral.tilt |                     0.0 | 0.0 |                     0.0 |                    0.0 |                    0.0 |                    0.0 |                    0.0 |                    0.0 | 0.0 | 0.0 | 0.0 | -9.420457466730436e-06 | 0.00040000913364369144 | 0.0 |
|      XrgW9col-irf.spectral.reference |                     0.0 | 0.0 |                     0.0 |                    0.0 |                    0.0 |                    0.0 |                    0.0 |                    0.0 | 0.0 | 0.0 | 0.0 |                    0.0 |                    0.0 | 0.0 |
