|                           Parameters |                       0 |   1 |                       2 |                       3 |                       4 |                       5 |                      6 |                     7 |   8 |   9 |  10 |                    11 |                    12 |  13 |
|           Crablog.spectral.amplitude |  1.5239210717404594e-23 | 0.0 | -3.6477085473837015e-15 |   6.976841447303909e-15 |  -4.900494487089608e-18 |    1.47593223136266e-18 |                    0.0 |                   0.0 | 0.0 | 0.0 | 0.0 |                   0.0 |                   0.0 | 0.0 |
|           Crablog.spectral.reference |                     0.0 | 0.0 |                     0.0 |                     0.0 |                     0.0 |                     0.0 |                    0.0 |                   0.0 | 0.0 | 0.0 | 0.0 |                   0.0 |                   0.0 | 0.0 |
|               Crablog.spectral.alpha | -3.6477085473837015e-15 | 0.0 |   0.0003811180039556569 | -0.00015083214894466625 |   5.291133893587157e-08 | -1.0105376352736767e-09 |                    0.0 |                   0.0 | 0.0 | 0.0 | 0.0 |                   0.0 |                   0.0 | 0.0 |
|                Crablog.spectral.beta |   6.976841447303909e-15 | 0.0 | -0.00015083214894466625 |   0.0003495213779550526 | -1.1930869458938204e-08 |  1.0602860001840673e-08 |                    0.0 |                   0.0 | 0.0 | 0.0 | 0.0 |                   0.0 |                   0.0 | 0.0 |
|                Crablog.spatial.lon_0 |  -4.900494487089608e-18 | 0.0 |   5.291133893587157e-08 | -1.1930869458938204e-08 |   5.321706442822634e-07 | -3.1812291474922803e-09 |                    0.0 |                   0.0 | 0.0 | 0.0 | 0.0 |                   0.0 |                   0.0 | 0.0 |
|                Crablog.spatial.lat_0 |    1.47593223136266e-18 | 0.0 | -1.0105376352736767e-09 |  1.0602860001840673e-08 | -3.1812291474922803e-09 |   4.022368484353307e-07 |                    0.0 |                   0.0 | 0.0 | 0.0 | 0.0 |                   0.0 |                   0.0 | 0.0 |
|           v5iiUiyZ-bkg.spectral.norm |                     0.0 | 0.0 |                     0.0 |                     0.0 |                     0.0 |                     0.0 | 1.1488069017413183e-05 |  9.09045868458544e-07 | 0.0 | 0.0 | 0.0 |                   0.0 |                   0.0 | 0.0 |
|           v5iiUiyZ-bkg.spectral.tilt |                     0.0 | 0.0 |                     0.0 |                     0.0 |                     0.0 |                     0.0 |   9.09045868458544e-07 | 1.351675271892833e-05 | 0.0 | 0.0 | 0.0 |                   0.0 |                   0.0 | 0.0 |
|      v5iiUiyZ-bkg.spectral.reference |                     0.0 | 0.0 |                     0.0 |                     0.0 |                     0.0 |                     0.0 |                    0.0 |                   0.0 | 0.0 | 0.0 | 0.0 |                   0.0 |                   0.0 | 0.0 |
|       v5iiUiyZ-irf.e_reco_model.bias |                     0.0 | 0.0 |                     0.0 |                     0.0 |                     0.0 |                     0.0 |                    0.0 |                   0.0 | 0.0 | 0.0 | 0.0 |                   0.0 |                   0.0 | 0.0 |
| v5iiUiyZ-irf.e_reco_model.resolution |                     0.0 | 0.0 |                     0.0 |                     0.0 |                     0.0 |                     0.0 |                    0.0 |                   0.0 | 0.0 | 0.0 | 0.0 |                   0.0 |                   0.0 | 0.0 |
|           v5iiUiyZ-irf.spectral.norm |                     0.0 | 0.0 |                     0.0 |                     0.0 |                     0.0 |                     0.0 |                    0.0 |                   0.0 | 0.0 | 0.0 | 0.0 |  0.009946469412865644 | -5.67386854331238e-08 | 0.0 |
|           v5iiUiyZ-irf.spectral.tilt |                     0.0 | 0.0 |                     0.0 |                     0.0 |                     0.0 |                     0.0 |                    0.0 |                   0.0 | 0.0 | 0.0 | 0.0 | -5.67386854331238e-08 | 0.0003999963515244055 | 0.0 |
|      v5iiUiyZ-irf.spectral.reference |                     0.0 | 0.0 |                     0.0 |                     0.0 |                     0.0 |                     0.0 |                    0.0 |                   0.0 | 0.0 | 0.0 | 0.0 |                   0.0 |                   0.0 | 0.0 |
