|                           Parameters |                       0 |   1 |                       2 |                      3 |                       4 |                       5 |                     6 |                     7 |   8 |   9 |  10 |                    11 |                     12 |  13 |
|           Crablog.spectral.amplitude |  3.4991194463068086e-22 | 0.0 |  -4.470196750810448e-12 |  2.214888959499187e-12 | -1.2088721304512263e-14 |  4.8452210254610885e-15 |                   0.0 |                   0.0 | 0.0 | 0.0 | 0.0 |                   0.0 |                    0.0 | 0.0 |
|           Crablog.spectral.reference |                     0.0 | 0.0 |                     0.0 |                    0.0 |                     0.0 |                     0.0 |                   0.0 |                   0.0 | 0.0 | 0.0 | 0.0 |                   0.0 |                    0.0 | 0.0 |
|               Crablog.spectral.alpha |  -4.470196750810448e-12 | 0.0 |      0.3138230894457362 |    -0.0925169163118308 |    0.000562475708643787 | -2.5667999135069117e-05 |                   0.0 |                   0.0 | 0.0 | 0.0 | 0.0 |                   0.0 |                    0.0 | 0.0 |
|                Crablog.spectral.beta |   2.214888959499187e-12 | 0.0 |     -0.0925169163118308 |     0.0428196191929971 |  -0.0001757669376175262 |  -4.197348932299174e-05 |                   0.0 |                   0.0 | 0.0 | 0.0 | 0.0 |                   0.0 |                    0.0 | 0.0 |
|                Crablog.spatial.lon_0 | -1.2088721304512263e-14 | 0.0 |    0.000562475708643787 | -0.0001757669376175262 |   0.0006544747543891519 | -0.00021984044646781886 |                   0.0 |                   0.0 | 0.0 | 0.0 | 0.0 |                   0.0 |                    0.0 | 0.0 |
|                Crablog.spatial.lat_0 |  4.8452210254610885e-15 | 0.0 | -2.5667999135069117e-05 | -4.197348932299174e-05 | -0.00021984044646781886 |   0.0008323553270652981 |                   0.0 |                   0.0 | 0.0 | 0.0 | 0.0 |                   0.0 |                    0.0 | 0.0 |
|           uElL_qQ1-bkg.spectral.norm |                     0.0 | 0.0 |                     0.0 |                    0.0 |                     0.0 |                     0.0 |  0.023769568400125854 | -0.004196209251811969 | 0.0 | 0.0 | 0.0 |                   0.0 |                    0.0 | 0.0 |
|           uElL_qQ1-bkg.spectral.tilt |                     0.0 | 0.0 |                     0.0 |                    0.0 |                     0.0 |                     0.0 | -0.004196209251811969 |   0.03849149879269781 | 0.0 | 0.0 | 0.0 |                   0.0 |                    0.0 | 0.0 |
|      uElL_qQ1-bkg.spectral.reference |                     0.0 | 0.0 |                     0.0 |                    0.0 |                     0.0 |                     0.0 |                   0.0 |                   0.0 | 0.0 | 0.0 | 0.0 |                   0.0 |                    0.0 | 0.0 |
|       uElL_qQ1-irf.e_reco_model.bias |                     0.0 | 0.0 |                     0.0 |                    0.0 |                     0.0 |                     0.0 |                   0.0 |                   0.0 | 0.0 | 0.0 | 0.0 |                   0.0 |                    0.0 | 0.0 |
| uElL_qQ1-irf.e_reco_model.resolution |                     0.0 | 0.0 |                     0.0 |                    0.0 |                     0.0 |                     0.0 |                   0.0 |                   0.0 | 0.0 | 0.0 | 0.0 |                   0.0 |                    0.0 | 0.0 |
|           uElL_qQ1-irf.spectral.norm |                     0.0 | 0.0 |                     0.0 |                    0.0 |                     0.0 |                     0.0 |                   0.0 |                   0.0 | 0.0 | 0.0 | 0.0 |   0.01000774740702838 |  6.496264601117526e-07 | 0.0 |
|           uElL_qQ1-irf.spectral.tilt |                     0.0 | 0.0 |                     0.0 |                    0.0 |                     0.0 |                     0.0 |                   0.0 |                   0.0 | 0.0 | 0.0 | 0.0 | 6.496264601117526e-07 | 0.00040014942390525035 | 0.0 |
|      uElL_qQ1-irf.spectral.reference |                     0.0 | 0.0 |                     0.0 |                    0.0 |                     0.0 |                     0.0 |                   0.0 |                   0.0 | 0.0 | 0.0 | 0.0 |                   0.0 |                    0.0 | 0.0 |
