|                      Parameters |                      0 |                       1 |   2 |                       3 |                       4 |                       5 |   6 |   7 |                      8 |   9 |  10 |                     11 |                     12 |  13 |
|           Source.spectral.index |   0.005294764853290345 |   8.310950332194317e-15 | 0.0 |  -3.848654676229452e-15 |   0.0017550694395326392 |  -0.0014722395375203914 | 0.0 | 0.0 | -2.323166809300167e-06 | 0.0 | 0.0 | -7.895870725709972e-06 | -8.095737740685832e-06 | 0.0 |
|       Source.spectral.amplitude |  8.310950332194317e-15 |  2.2798645086023516e-26 | 0.0 | -1.2532469276417209e-26 |   3.856941976519646e-15 | -5.1603641536409545e-15 | 0.0 | 0.0 | 1.2193168808689296e-17 | 0.0 | 0.0 |  -1.77655455091271e-17 | -9.474747697110687e-18 | 0.0 |
|       Source.spectral.reference |                    0.0 |                     0.0 | 0.0 |                     0.0 |                     0.0 |                     0.0 | 0.0 | 0.0 |                    0.0 | 0.0 | 0.0 |                    0.0 |                    0.0 | 0.0 |
|      Source.spectral.amplitude_ | -3.848654676229452e-15 | -1.2532469276417209e-26 | 0.0 |  1.2290691278956167e-26 | -4.0084089507080454e-15 |   4.698590865468647e-15 | 0.0 | 0.0 | 1.0597426061036607e-17 | 0.0 | 0.0 |   6.56862015212502e-19 | 2.4875433590201173e-18 | 0.0 |
|            Source.spectral.mean |  0.0017550694395326392 |   3.856941976519646e-15 | 0.0 | -4.0084089507080454e-15 |    0.004670785287296411 |  -0.0011229004983641243 | 0.0 | 0.0 |  6.110112413586381e-07 | 0.0 | 0.0 |  7.662479107259465e-07 | 1.0289885094313576e-06 | 0.0 |
|           Source.spectral.sigma | -0.0014722395375203914 | -5.1603641536409545e-15 | 0.0 |   4.698590865468647e-15 |  -0.0011229004983641243 |    0.004677479638290009 | 0.0 | 0.0 | 1.2131448720495157e-06 | 0.0 | 0.0 |  6.361233484646015e-07 | 1.0268430570556902e-06 | 0.0 |
|            Source.spatial.lon_0 |                    0.0 |                     0.0 | 0.0 |                     0.0 |                     0.0 |                     0.0 | 0.0 | 0.0 |                    0.0 | 0.0 | 0.0 |                    0.0 |                    0.0 | 0.0 |
|            Source.spatial.lat_0 |                    0.0 |                     0.0 | 0.0 |                     0.0 |                     0.0 |                     0.0 | 0.0 | 0.0 |                    0.0 | 0.0 | 0.0 |                    0.0 |                    0.0 | 0.0 |
|            Source.spatial.sigma | -2.323166809300167e-06 |  1.2193168808689296e-17 | 0.0 |  1.0597426061036607e-17 |   6.110112413586381e-07 |  1.2131448720495157e-06 | 0.0 | 0.0 |  4.548778789222327e-05 | 0.0 | 0.0 | -4.552934482995584e-08 |  1.855387789822765e-08 | 0.0 |
|                Source.spatial.e |                    0.0 |                     0.0 | 0.0 |                     0.0 |                     0.0 |                     0.0 | 0.0 | 0.0 |                    0.0 | 0.0 | 0.0 |                    0.0 |                    0.0 | 0.0 |
|              Source.spatial.phi |                    0.0 |                     0.0 | 0.0 |                     0.0 |                     0.0 |                     0.0 | 0.0 | 0.0 |                    0.0 | 0.0 | 0.0 |                    0.0 |                    0.0 | 0.0 |
|      7_728lHU-bkg.spectral.norm | -7.895870725709972e-06 |   -1.77655455091271e-17 | 0.0 |    6.56862015212502e-19 |   7.662479107259465e-07 |   6.361233484646015e-07 | 0.0 | 0.0 | -4.552934482995584e-08 | 0.0 | 0.0 |  4.271924448177729e-06 |  2.376450739066348e-06 | 0.0 |
|      7_728lHU-bkg.spectral.tilt | -8.095737740685832e-06 |  -9.474747697110687e-18 | 0.0 |  2.4875433590201173e-18 |  1.0289885094313576e-06 |  1.0268430570556902e-06 | 0.0 | 0.0 |  1.855387789822765e-08 | 0.0 | 0.0 |  2.376450739066348e-06 |  3.848578646459396e-06 | 0.0 |
| 7_728lHU-bkg.spectral.reference |                    0.0 |                     0.0 | 0.0 |                     0.0 |                     0.0 |                     0.0 | 0.0 | 0.0 |                    0.0 | 0.0 | 0.0 |                    0.0 |                    0.0 | 0.0 |
