|                     Parameters |                     0 |                      1 |   2 |                      3 |                      4 |                      5 |   6 |   7 |                      8 |                      9 |  10 |
|             msh.spectral.index |     2.772101303926568 |  4.466012333880104e-12 | 0.0 |  0.0006097746916798998 |   0.002938109371037798 |   0.027141580619309748 | 0.0 | 0.0 |                    0.0 |                    0.0 | 0.0 |
|         msh.spectral.amplitude | 4.466012333880104e-12 |  4.458170136632434e-23 | 0.0 | -9.204654904090876e-15 |  8.438584223246943e-15 | 1.1984049987634834e-12 | 0.0 | 0.0 |                    0.0 |                    0.0 | 0.0 |
|         msh.spectral.reference |                   0.0 |                    0.0 | 0.0 |                    0.0 |                    0.0 |                    0.0 | 0.0 | 0.0 |                    0.0 |                    0.0 | 0.0 |
|              msh.spatial.lon_0 | 0.0006097746916798998 | -9.204654904090876e-15 | 0.0 |    0.20848632192583016 | 5.6317340462170664e-06 |   0.005297639187434346 | 0.0 | 0.0 |                    0.0 |                    0.0 | 0.0 |
|              msh.spatial.lat_0 |  0.002938109371037798 |  8.438584223246943e-15 | 0.0 | 5.6317340462170664e-06 |    0.15383093913954224 | 0.00020310346395496198 | 0.0 | 0.0 |                    0.0 |                    0.0 | 0.0 |
|              msh.spatial.sigma |  0.027141580619309748 | 1.1984049987634834e-12 | 0.0 |   0.005297639187434346 | 0.00020310346395496198 |    0.08852960533825638 | 0.0 | 0.0 |                    0.0 |                    0.0 | 0.0 |
|                  msh.spatial.e |                   0.0 |                    0.0 | 0.0 |                    0.0 |                    0.0 |                    0.0 | 0.0 | 0.0 |                    0.0 |                    0.0 | 0.0 |
|                msh.spatial.phi |                   0.0 |                    0.0 | 0.0 |                    0.0 |                    0.0 |                    0.0 | 0.0 | 0.0 |                    0.0 |                    0.0 | 0.0 |
|      dataset-bkg.spectral.norm |                   0.0 |                    0.0 | 0.0 |                    0.0 |                    0.0 |                    0.0 | 0.0 | 0.0 |   0.005582580559238523 | 0.00041587468498284903 | 0.0 |
|      dataset-bkg.spectral.tilt |                   0.0 |                    0.0 | 0.0 |                    0.0 |                    0.0 |                    0.0 | 0.0 | 0.0 | 0.00041587468498284903 |  0.0062637454084912185 | 0.0 |
| dataset-bkg.spectral.reference |                   0.0 |                    0.0 | 0.0 |                    0.0 |                    0.0 |                    0.0 | 0.0 | 0.0 |                    0.0 |                    0.0 | 0.0 |
