|                     Parameters |                      0 |                      1 |   2 |                      3 |                     4 |                      5 |   6 |   7 |                      8 |                      9 |  10 |
|             msh.spectral.index |     1.2939213770057378 | 2.0693191348004353e-12 | 0.0 |  0.0003878099139406634 | 0.0011756723614528035 |   0.012395215261211887 | 0.0 | 0.0 |                    0.0 |                    0.0 | 0.0 |
|         msh.spectral.amplitude | 2.0693191348004353e-12 | 2.0657717694451614e-23 | 0.0 | -7.121624874326613e-15 | 3.571876709872964e-15 |  5.554312795872794e-13 | 0.0 | 0.0 |                    0.0 |                    0.0 | 0.0 |
|         msh.spectral.reference |                    0.0 |                    0.0 | 0.0 |                    0.0 |                   0.0 |                    0.0 | 0.0 | 0.0 |                    0.0 |                    0.0 | 0.0 |
|              msh.spatial.lon_0 |  0.0003878099139406634 | -7.121624874326613e-15 | 0.0 |    0.09647233005873782 | 7.943126422322375e-06 | 0.00011309026543596383 | 0.0 | 0.0 |                    0.0 |                    0.0 | 0.0 |
|              msh.spatial.lat_0 |  0.0011756723614528035 |  3.571876709872964e-15 | 0.0 |  7.943126422322375e-06 |   0.07148852466802633 |   8.77085103820555e-05 | 0.0 | 0.0 |                    0.0 |                    0.0 | 0.0 |
|              msh.spatial.sigma |   0.012395215261211887 |  5.554312795872794e-13 | 0.0 | 0.00011309026543596383 |  8.77085103820555e-05 |    0.04106544287476746 | 0.0 | 0.0 |                    0.0 |                    0.0 | 0.0 |
|                  msh.spatial.e |                    0.0 |                    0.0 | 0.0 |                    0.0 |                   0.0 |                    0.0 | 0.0 | 0.0 |                    0.0 |                    0.0 | 0.0 |
|                msh.spatial.phi |                    0.0 |                    0.0 | 0.0 |                    0.0 |                   0.0 |                    0.0 | 0.0 | 0.0 |                    0.0 |                    0.0 | 0.0 |
|      dataset-bkg.spectral.norm |                    0.0 |                    0.0 | 0.0 |                    0.0 |                   0.0 |                    0.0 | 0.0 | 0.0 |   0.002591503397791372 | 0.00019275473516254386 | 0.0 |
|      dataset-bkg.spectral.tilt |                    0.0 |                    0.0 | 0.0 |                    0.0 |                   0.0 |                    0.0 | 0.0 | 0.0 | 0.00019275473516254386 |  0.0029081677342799516 | 0.0 |
| dataset-bkg.spectral.reference |                    0.0 |                    0.0 | 0.0 |                    0.0 |                   0.0 |                    0.0 | 0.0 | 0.0 |                    0.0 |                    0.0 | 0.0 |
