|                      Parameters |                       0 |   1 |                       2 |                      3 |                       4 |                       5 |                     6 |                     7 |   8 |
|      Crablog.spectral.amplitude |   3.324821443373518e-23 | 0.0 |  -3.477207547772808e-13 |   7.04231372847813e-13 | -2.9754348595772976e-16 |   5.675181580036503e-17 |                   0.0 |                   0.0 | 0.0 |
|      Crablog.spectral.reference |                     0.0 | 0.0 |                     0.0 |                    0.0 |                     0.0 |                     0.0 |                   0.0 |                   0.0 | 0.0 |
|          Crablog.spectral.alpha |  -3.477207547772808e-13 | 0.0 |    0.038482494082617884 |   -0.01477475244235918 |   2.707740185680801e-06 | -2.0080644009945772e-07 |                   0.0 |                   0.0 | 0.0 |
|           Crablog.spectral.beta |    7.04231372847813e-13 | 0.0 |    -0.01477475244235918 |    0.03642018516876762 |   9.094261360591391e-07 |  1.5860435682523988e-07 |                   0.0 |                   0.0 | 0.0 |
|           Crablog.spatial.lon_0 | -2.9754348595772976e-16 | 0.0 |   2.707740185680801e-06 |  9.094261360591391e-07 |   5.399679624356302e-05 |   1.125316489989126e-09 |                   0.0 |                   0.0 | 0.0 |
|           Crablog.spatial.lat_0 |   5.675181580036503e-17 | 0.0 | -2.0080644009945772e-07 | 1.5860435682523988e-07 |   1.125316489989126e-09 |   4.045932709143168e-05 |                   0.0 |                   0.0 | 0.0 |
|      ok4eZAM--bkg.spectral.norm |                     0.0 | 0.0 |                     0.0 |                    0.0 |                     0.0 |                     0.0 | 0.0011534061901122827 | 9.456284293112617e-05 | 0.0 |
|      ok4eZAM--bkg.spectral.tilt |                     0.0 | 0.0 |                     0.0 |                    0.0 |                     0.0 |                     0.0 | 9.456284293112617e-05 | 0.0013397678819882912 | 0.0 |
| ok4eZAM--bkg.spectral.reference |                     0.0 | 0.0 |                     0.0 |                    0.0 |                     0.0 |                     0.0 |                   0.0 |                   0.0 | 0.0 |
