|                           Parameters |                      0 |   1 |                       2 |                      3 |                      4 |                       5 |                     6 |                     7 |   8 |   9 |  10 |                     11 |                     12 |  13 |
|           Crablog.spectral.amplitude | 2.2176519630305172e-23 | 0.0 |  -7.595404512172431e-14 | 1.5373360524900175e-13 | -6.035836882753807e-17 |  1.3038792377437034e-17 |                   0.0 |                   0.0 | 0.0 | 0.0 | 0.0 |                    0.0 |                    0.0 | 0.0 |
|           Crablog.spectral.reference |                    0.0 | 0.0 |                     0.0 |                    0.0 |                    0.0 |                     0.0 |                   0.0 |                   0.0 | 0.0 | 0.0 | 0.0 |                    0.0 |                    0.0 | 0.0 |
|               Crablog.spectral.alpha | -7.595404512172431e-14 | 0.0 |    0.008368814279649885 |  -0.003228456820293061 |  5.419537295213992e-07 | -1.0470811696738402e-07 |                   0.0 |                   0.0 | 0.0 | 0.0 | 0.0 |                    0.0 |                    0.0 | 0.0 |
|                Crablog.spectral.beta | 1.5373360524900175e-13 | 0.0 |   -0.003228456820293061 |   0.007950443502714465 | 1.5778822400218074e-07 |  1.0028072460985267e-09 |                   0.0 |                   0.0 | 0.0 | 0.0 | 0.0 |                    0.0 |                    0.0 | 0.0 |
|                Crablog.spatial.lon_0 | -6.035836882753807e-17 | 0.0 |   5.419537295213992e-07 | 1.5778822400218074e-07 | 1.1645497518125064e-05 |  -8.065983406176732e-10 |                   0.0 |                   0.0 | 0.0 | 0.0 | 0.0 |                    0.0 |                    0.0 | 0.0 |
|                Crablog.spatial.lat_0 | 1.3038792377437034e-17 | 0.0 | -1.0470811696738402e-07 | 1.0028072460985267e-09 | -8.065983406176732e-10 |   8.726239424043648e-06 |                   0.0 |                   0.0 | 0.0 | 0.0 | 0.0 |                    0.0 |                    0.0 | 0.0 |
|           E7MOV5lQ-bkg.spectral.norm |                    0.0 | 0.0 |                     0.0 |                    0.0 |                    0.0 |                     0.0 | 0.0002485114262315837 | 2.040393851358043e-05 | 0.0 | 0.0 | 0.0 |                    0.0 |                    0.0 | 0.0 |
|           E7MOV5lQ-bkg.spectral.tilt |                    0.0 | 0.0 |                     0.0 |                    0.0 |                    0.0 |                     0.0 | 2.040393851358043e-05 | 0.0002886609870660854 | 0.0 | 0.0 | 0.0 |                    0.0 |                    0.0 | 0.0 |
|      E7MOV5lQ-bkg.spectral.reference |                    0.0 | 0.0 |                     0.0 |                    0.0 |                    0.0 |                     0.0 |                   0.0 |                   0.0 | 0.0 | 0.0 | 0.0 |                    0.0 |                    0.0 | 0.0 |
|       E7MOV5lQ-irf.e_reco_model.bias |                    0.0 | 0.0 |                     0.0 |                    0.0 |                    0.0 |                     0.0 |                   0.0 |                   0.0 | 0.0 | 0.0 | 0.0 |                    0.0 |                    0.0 | 0.0 |
| E7MOV5lQ-irf.e_reco_model.resolution |                    0.0 | 0.0 |                     0.0 |                    0.0 |                    0.0 |                     0.0 |                   0.0 |                   0.0 | 0.0 | 0.0 | 0.0 |                    0.0 |                    0.0 | 0.0 |
|           E7MOV5lQ-irf.spectral.norm |                    0.0 | 0.0 |                     0.0 |                    0.0 |                    0.0 |                     0.0 |                   0.0 |                   0.0 | 0.0 | 0.0 | 0.0 |   0.010073575413799959 | -2.356269946165387e-07 | 0.0 |
|           E7MOV5lQ-irf.spectral.tilt |                    0.0 | 0.0 |                     0.0 |                    0.0 |                    0.0 |                     0.0 |                   0.0 |                   0.0 | 0.0 | 0.0 | 0.0 | -2.356269946165387e-07 | 0.00039999996065117444 | 0.0 |
|      E7MOV5lQ-irf.spectral.reference |                    0.0 | 0.0 |                     0.0 |                    0.0 |                    0.0 |                     0.0 |                   0.0 |                   0.0 | 0.0 | 0.0 | 0.0 |                    0.0 |                    0.0 | 0.0 |
