|                           Parameters |                       0 |   1 |                       2 |                     3 |                       4 |                       5 |                     6 |                     7 |   8 |   9 |  10 |                    11 |                    12 |  13 |
|           Crablog.spectral.amplitude |   4.822658216309047e-23 | 0.0 | -3.4931780160326234e-13 | 7.080454404559234e-13 | -2.8159577365989094e-16 |   7.191448149757501e-17 |                   0.0 |                   0.0 | 0.0 | 0.0 | 0.0 |                   0.0 |                   0.0 | 0.0 |
|           Crablog.spectral.reference |                     0.0 | 0.0 |                     0.0 |                   0.0 |                     0.0 |                     0.0 |                   0.0 |                   0.0 | 0.0 | 0.0 | 0.0 |                   0.0 |                   0.0 | 0.0 |
|               Crablog.spectral.alpha | -3.4931780160326234e-13 | 0.0 |     0.03874209674207321 | -0.014861974445937415 |   2.544606315853045e-06 | -4.6261521344129474e-07 |                   0.0 |                   0.0 | 0.0 | 0.0 | 0.0 |                   0.0 |                   0.0 | 0.0 |
|                Crablog.spectral.beta |   7.080454404559234e-13 | 0.0 |   -0.014861974445937415 |  0.036711554305766156 |   7.466268669226582e-07 |   1.610042374839881e-08 |                   0.0 |                   0.0 | 0.0 | 0.0 | 0.0 |                   0.0 |                   0.0 | 0.0 |
|                Crablog.spatial.lon_0 | -2.8159577365989094e-16 | 0.0 |   2.544606315853045e-06 | 7.466268669226582e-07 |  5.4049643149373484e-05 |  -2.630122372939667e-09 |                   0.0 |                   0.0 | 0.0 | 0.0 | 0.0 |                   0.0 |                   0.0 | 0.0 |
|                Crablog.spatial.lat_0 |   7.191448149757501e-17 | 0.0 | -4.6261521344129474e-07 | 1.610042374839881e-08 |  -2.630122372939667e-09 |   4.050082751386598e-05 |                   0.0 |                   0.0 | 0.0 | 0.0 | 0.0 |                   0.0 |                   0.0 | 0.0 |
|           EtegmjGJ-bkg.spectral.norm |                     0.0 | 0.0 |                     0.0 |                   0.0 |                     0.0 |                     0.0 | 0.0011535137628122798 | 9.445581523497819e-05 | 0.0 | 0.0 | 0.0 |                   0.0 |                   0.0 | 0.0 |
|           EtegmjGJ-bkg.spectral.tilt |                     0.0 | 0.0 |                     0.0 |                   0.0 |                     0.0 |                     0.0 | 9.445581523497819e-05 |  0.001339741192076155 | 0.0 | 0.0 | 0.0 |                   0.0 |                   0.0 | 0.0 |
|      EtegmjGJ-bkg.spectral.reference |                     0.0 | 0.0 |                     0.0 |                   0.0 |                     0.0 |                     0.0 |                   0.0 |                   0.0 | 0.0 | 0.0 | 0.0 |                   0.0 |                   0.0 | 0.0 |
|       EtegmjGJ-irf.e_reco_model.bias |                     0.0 | 0.0 |                     0.0 |                   0.0 |                     0.0 |                     0.0 |                   0.0 |                   0.0 | 0.0 | 0.0 | 0.0 |                   0.0 |                   0.0 | 0.0 |
| EtegmjGJ-irf.e_reco_model.resolution |                     0.0 | 0.0 |                     0.0 |                   0.0 |                     0.0 |                     0.0 |                   0.0 |                   0.0 | 0.0 | 0.0 | 0.0 |                   0.0 |                   0.0 | 0.0 |
|           EtegmjGJ-irf.spectral.norm |                     0.0 | 0.0 |                     0.0 |                   0.0 |                     0.0 |                     0.0 |                   0.0 |                   0.0 | 0.0 | 0.0 | 0.0 |  0.010020146594561154 | 1.934322460470797e-08 | 0.0 |
|           EtegmjGJ-irf.spectral.tilt |                     0.0 | 0.0 |                     0.0 |                   0.0 |                     0.0 |                     0.0 |                   0.0 |                   0.0 | 0.0 | 0.0 | 0.0 | 1.934322460470797e-08 |  0.000399999992592272 | 0.0 |
|      EtegmjGJ-irf.spectral.reference |                     0.0 | 0.0 |                     0.0 |                   0.0 |                     0.0 |                     0.0 |                   0.0 |                   0.0 | 0.0 | 0.0 | 0.0 |                   0.0 |                   0.0 | 0.0 |
