3.657332860057996e-10  2.011594675721904e-10  1.0634857708083032e-10  5.4042832865516526e-11  2.639731442587298e-11  1.2393575059228273e-11  5.593049639773797e-12  2.426140585306894e-12  1.011575887302747e-12  4.0541161864452964e-13  1.561741424244398e-13  5.782788189604763e-14  2.0581672223977624e-14  7.041079473016034e-15  2.315330813482982e-15  7.318162917501387e-16  2.223342204899585e-16  6.492706441246937e-17  1.8224702141021306e-17  4.917114568648574e-18  
3.9132498202092394e-10  2.09036625214701e-10  1.077580510730416e-10  5.360676531056476e-11  2.573546429351979e-11  1.1923038455666509e-11  5.3307020982326784e-12  2.2999818706013067e-12  9.576502885473438e-13  3.8479729139955623e-13  1.492105737240785e-13  5.583541206238013e-14  2.0163335768678686e-14  7.0267996391365505e-15  2.363171768879361e-15  7.669649912287212e-16  2.402140043353124e-16  7.260451632071398e-17  2.1177343529974824e-17  5.9610375567362024e-18  
8.73048457105158e-10  3.293192842730716e-10  1.302257556446383e-10  5.398554859556436e-11  2.3461677535115553e-11  1.0689109189250961e-11  5.1053424089337545e-12  2.5562842612930495e-12  1.341820204117466e-12  7.383808372318229e-13  4.259586255831723e-13  2.576056158601304e-13  1.6332179542030203e-13  1.0855101137388626e-13  7.563529625696021e-14  5.524793627704883e-14  4.230663829145734e-14  3.396267461757233e-14  2.858223336786604e-14  2.521687971703761e-14  
3.8450879518769137e-10  2.458813670298493e-10  1.4717849957796303e-10  8.246364641104833e-11  4.324940226525256e-11  2.123230264043751e-11  9.756936837829026e-12  4.196906583467672e-12  1.6898358638615074e-12  6.368822641063755e-13  2.246845437785658e-13  7.41970523981698e-14  2.2935040875222123e-14  6.636082793852746e-15  1.797312043519403e-15  4.556533677645546e-16  1.0812972437276436e-16  2.401900534339312e-17  4.994181861093422e-18  9.720152944877071e-19  
1.5064397302535642e-10  8.176918039770033e-11  4.368608889832859e-11  2.2972714887290957e-11  1.1890417855266624e-11  6.057557540511496e-12  3.037481323759253e-12  1.4991508017535835e-12  7.282704076547779e-13  3.482215482753004e-13  1.6388313301216463e-13  7.591515980731516e-14  3.461293287626611e-14  1.5533307032899683e-14  6.861279167984797e-15  2.98305932444438e-15  1.2765397050840292e-15  5.376781667121491e-16  2.229082347435394e-16  9.095895464336694e-17  
3.8780573112039224e-10  2.1366903623039581e-10  1.1363159027282199e-10  5.832929181693128e-11  2.8900439548516553e-11  1.3821408971179998e-11  6.3801415337131926e-12  2.8427484642409257e-12  1.222578290187292e-12  5.075105223076422e-13  2.033497055079785e-13  7.86451907277992e-14  2.935830091867229e-14  1.0578395267873737e-14  3.679076252271718e-15  1.2350595919253382e-15  4.0019085690196474e-16  1.2516316505360674e-16  3.7784705086182855e-17  1.100995800117271e-17  
3.915950532491638e-10  2.042081869266884e-10  1.0239788825899981e-10  4.937314018382294e-11  2.2891402282739697e-11  1.0205538933096863e-11  4.375033558700619e-12  1.8034692088905695e-12  7.148550238174173e-13  2.724639910350433e-13  9.98578365131118e-14  3.5191444180757977e-14  1.1925426645162611e-14  3.885909298568234e-15  1.2175681866272604e-15  3.6683927218667953e-16  1.0627723641133046e-16  2.9606466690293757e-17  7.930759994437944e-18  2.042795686577488e-18  
3.4118886663751595e-10  1.949592119753446e-10  1.0577095572849867e-10  5.448323102556148e-11  2.6646062306721875e-11  1.2373056091525664e-11  5.454999092800306e-12  2.2834217945130006e-12  9.075098749634691e-13  3.4244461028464976e-13  1.2268827755394538e-13  4.17339567583785e-14  1.3478756026159386e-14  4.133175261544053e-15  1.2033489643977186e-15  3.326389599200511e-16  8.730284525126543e-17  2.175491746218545e-17  5.147071962647862e-18  1.1562102068114055e-18  
4.4987442708823745e-10  2.673593644255394e-10  1.4484626630868478e-10  7.153639011703428e-11  3.2207317023552675e-11  1.3218734707412893e-11  4.945759983451046e-12  1.686879254591661e-12  5.24496711311152e-13  1.486652114271752e-13  3.84134883491017e-14  9.048278373175335e-15  1.9429247045715708e-15  3.8032405843159074e-16  6.786712287526372e-17  1.104009699808944e-17  1.6371714070011223e-18  2.2132130605585263e-19  2.7274707944194474e-20  3.064113191980301e-21  
2.9236687389321666e-10  1.8837610345253532e-10  1.1148909302104507e-10  6.06105023452901e-11  3.026720459992911e-11  1.3883714341505574e-11  5.849893428746757e-12  2.264118572118411e-12  8.049322128615022e-13  2.628623442100532e-13  7.885084890105656e-14  2.1726676493881744e-14  5.49906876328826e-15  1.278479977416027e-15  2.7302828380866777e-16  5.355873064301576e-17  9.650767207320371e-18  1.597358260745967e-18  2.428576298329608e-19  3.3916427469165e-20  
6.787665112238458e-10  3.15451502352717e-10  1.4453841615362335e-10  6.529388065364101e-11  2.908038614697258e-11  1.276927838949957e-11  5.528038257382075e-12  2.3594687130153476e-12  9.928780374035375e-13  4.119230398040257e-13  1.6849024493430174e-13  6.794725835981029e-14  2.7015164251443028e-14  1.0589654360382053e-14  4.092554357317585e-15  1.5593572576172745e-15  5.857810170732857e-16  2.169519009928108e-16  7.921914017252234e-17  2.851906526983169e-17  
3.6887320588392453e-10  2.0915945393198366e-10  1.1323946875059345e-10  5.853802718907917e-11  2.8893375094389353e-11  1.361690489051005e-11  6.127431534834434e-12  2.6326823717276046e-12  1.080036414411825e-12  4.230563967686342e-13  1.582260800037594e-13  5.6503819531326704e-14  1.9266262731064557e-14  6.272448229351228e-15  1.9498294579081887e-15  5.78730144446757e-16  1.6401195890968965e-16  4.438077298669194e-17  1.1466586283724911e-17  2.8287421349384717e-18  
4.211989275551447e-10  2.2436892448686982e-10  1.1541176398762299e-10  5.732570113168029e-11  2.749543498387936e-11  1.2734553950056237e-11  5.6953288306789425e-12  2.459607415031288e-12  1.02571027655767e-12  4.130432632195262e-13  1.60612115703272e-13  6.030773060781058e-14  2.1866516025910984e-14  7.655932975514863e-15  2.5883832220259935e-15  8.4502771440994315e-16  2.6639449921915876e-16  8.10945141655302e-17  2.3837989445088798e-17  6.766431558673478e-18  
3.8370634909714253e-10  1.9188631653821097e-10  9.387605984102773e-11  4.49294938652412e-11  2.103652619960881e-11  9.63567960820759e-12  4.317740155819531e-12  1.8927640581761957e-12  8.117125945173852e-13  3.405445346235172e-13  1.397691651399304e-13  5.6119611209010236e-14  2.2043662967467626e-14  8.470688224799474e-15  3.1843401910403225e-15  1.1710786019018412e-15  4.213261928224905e-16  1.4829165038330708e-16  5.105999458259216e-17  1.7199295429095597e-17  
3.024724846078351e-10  2.0450587008716372e-10  1.2329225148321674e-10  6.627899109606886e-11  3.177064960671118e-11  1.3579581976237629e-11  5.175553567005468e-12  1.758884472937091e-12  5.330008758145314e-13  1.4402193138327835e-13  3.47007961541172e-14  7.455218011300193e-15  1.4282076573936842e-15  2.439677758506499e-16  3.716068210063917e-17  5.047135770236209e-18  6.11246518596772e-19  6.600820303738647e-20  6.356082444520156e-21  5.457468454113182e-22  
1.3649108124098575e-19  5.333267525875899e-16  2.3728688019022635e-13  1.2021131434372324e-11  6.934389418385904e-11  4.554727198124677e-11  3.40649515729633e-12  2.90097805489579e-14  2.8130171065316656e-17  3.1059292950852083e-21  3.904828989844974e-26  5.589896089868085e-32  9.11164336735924e-39  1.6911454175765296e-46  3.574015695657004e-55  8.600490486370204e-65  2.356574892195744e-75  7.352423843702388e-87  2.611987447019787e-99  1.0565812468231735e-112  
8.371467548553637e-11  6.190080203858611e-10  7.766029017997239e-11  1.6531406173364193e-13  5.970746584446917e-18  3.65894208983796e-24  3.804437797449222e-32  6.711714808717094e-42  2.0090213668381556e-53  1.0203370850797291e-66  8.792468935544625e-82  1.2855414023941525e-98  3.189108892300718e-117  1.342334287466569e-137  9.58649992959837e-160  1.1616291935639308e-183  2.3882677673052773e-209  8.331181029153293e-237  4.9310360799383874e-266  4.9519681623632134e-297  
1.6607738321689157e-09  6.093438373057769e-10  2.1463541310405103e-10  7.258173737038906e-11  2.356353078246688e-11  7.344130716339947e-12  2.1974927745266477e-12  6.312502148086052e-13  1.7408551940653135e-13  4.609043232999386e-14  1.1715098423039448e-14  2.8586970068540048e-15  6.696954338473842e-16  1.5061685475199137e-16  3.252047169281277e-17  6.7410434074172405e-18  1.3414807244441385e-18  2.562882970339323e-19  4.700674068295246e-20  8.277106231524379e-21  
3.692671411801832e-10  2.112560644418454e-10  1.1425398766010061e-10  5.841538041986276e-11  2.823427971639459e-11  1.2900896099394081e-11  5.572585019395969e-12  2.2755542287667543e-12  8.784384503546111e-13  3.205746269785585e-13  1.1059630436147403e-13  3.606996703399585e-14  1.1121017822371441e-14  3.2414325509280864e-15  8.931473259971188e-16  2.3264990341078573e-16  5.728966882991839e-17  1.3336547248853436e-17  2.9349733696747666e-18  6.106025070835972e-19  
3.5340194821121013e-10  2.004629118358066e-10  1.0769769609421916e-10  5.4800696022001365e-11  2.6410280840521048e-11  1.205500091343794e-11  5.2115722040365625e-12  2.1339171503051192e-12  8.275488355013747e-13  3.039603900902765e-13  1.0574202858406369e-13  3.4840595195951736e-14  1.0872534057909225e-14  3.2135367521563654e-15  8.995867473901163e-16  2.3851193171514897e-16  5.989415663279456e-17  1.4245118997915278e-17  3.2088912002752567e-18  6.84622528820832e-19  
3.7655284736933227e-10  2.0318059284942898e-10  1.0605130081929887e-10  5.354602866007288e-11  2.615266927492836e-11  1.2356124253127824e-11  5.647106802396402e-12  2.496589994103678e-12  1.0676918783074804e-12  4.4169465330967264e-13  1.7675667959652379e-13  6.842377275011578e-14  2.5622157004123943e-14  9.281151224126338e-15  3.252112040811982e-15  1.1023173402092375e-15  3.614308911493074e-16  1.1463609596046277e-16  3.517183244869813e-17  1.0438692232910466e-17  
4.540031623861716e-10  2.3279746974537632e-10  1.1577139894134129e-10  5.583775572269023e-11  2.6119104048984462e-11  1.1849287700114904e-11  5.213505797346774e-12  2.224698311179591e-12  9.206955354411676e-13  3.695426740314496e-13  1.4385229822135179e-13  5.430910678511797e-14  1.988530072579497e-14  7.061473182622736e-15  2.4319918365669416e-15  8.123301251067064e-16  2.6315198690955944e-16  8.267694021011091e-17  2.5192182000829907e-17  7.44476207314841e-18  
3.936319399751632e-10  2.1548855062742203e-10  1.1356689305397388e-10  5.76199615354193e-11  2.8144131962320217e-11  1.3234161428898247e-11  5.9909910688773686e-12  2.6109261709738465e-12  1.095428878040414e-12  4.424533167049938e-13  1.7204592841688644e-13  6.440432284777997e-14  2.3210222969086993e-14  8.052621413800179e-15  2.689607615083343e-15  8.648369664574282e-16  2.677153288663559e-16  7.978218161175942e-17  2.2889286317533313e-17  6.321967670476759e-18  
3.987330606022255e-10  2.1965544219726237e-10  1.1544075627334174e-10  5.7880707692259395e-11  2.768636726415055e-11  1.2634428224183462e-11  5.500506514204135e-12  2.284584616027585e-12  9.052515696389323e-13  3.422069290086247e-13  1.2341438549371463e-13  4.2461980367309553e-14  1.3937734234694945e-14  4.3645712431342016e-15  1.3039125594736987e-15  3.71631761626113e-16  1.0104961271440921e-16  2.6212832752835612e-17  6.4871021044563e-18  1.531598683987321e-18  
3.501809218847535e-10  1.8816827696992156e-10  9.820223569364391e-11  4.977570073442922e-11  2.450385595038698e-11  1.1715815379455329e-11  5.440410229020398e-12  2.453645509356443e-12  1.0747637956517348e-12  4.572305910405462e-13  1.8892027561978312e-13  7.581286381976867e-14  2.954801254627191e-14  1.1184966500116461e-14  4.112085548002715e-15  1.4682859233661643e-15  5.091903561823821e-16  1.7150261439195661e-16  5.610251886754761e-17  1.782440398005451e-17  
3.948762942547176e-10  2.0830753037494434e-10  1.0618899767014355e-10  5.230999957199591e-11  2.4901215978452556e-11  1.1454787512915261e-11  5.091950385176565e-12  2.187318030265891e-12  9.079675889430689e-13  3.6421632079985926e-13  1.4118192638957574e-13  5.288462724019901e-14  1.9143019217085276e-14  6.696102095391743e-15  2.263415792502639e-15  7.393281808430995e-16  2.3336774126954965e-16  7.118279370467109e-17  2.0981661601433044e-17  5.9763410264928515e-18  
3.799366998342479e-10  2.0562503185977972e-10  1.0778006607382547e-10  5.471402125884991e-11  2.6900264519237623e-11  1.2808910548548631e-11  5.906980828597049e-12  2.6382543102154346e-12  1.1412097613721691e-12  4.780926043178e-13  1.939797073691054e-13  7.622515225255659e-14  2.900935198524446e-14  1.0692406988348217e-14  3.816898937434338e-15  1.3196038298936924e-15  4.418493292812157e-16  1.4328560416866045e-16  4.500167147136426e-17  1.3688392726438036e-17  
3.7116579449969563e-10  2.0431403173363447e-10  1.0783120992548385e-10  5.4564075282403174e-11  2.6471902671758067e-11  1.2313444354309135e-11  5.491487300111137e-12  2.3480992606096258e-12  9.626290348840966e-13  3.783707000384313e-13  1.4259098759461922e-13  5.1520811177198465e-14  1.784799124417305e-14  5.92805238795185e-15  1.8877772955474156e-15  5.763755116592625e-16  1.6872378902717396e-16  4.735470718982715e-17  1.2742834072909839e-17  3.287645159959456e-18  
3.4234523387644097e-10  1.8676755185197626e-10  9.864854189696196e-11  5.044661370821221e-11  2.4976148724785178e-11  1.1972119107272147e-11  5.556082556147843e-12  2.4964246126323693e-12  1.0859762450834132e-12  4.573769767813584e-13  1.8650066203210907e-13  7.36272467026302e-14  2.8141603971988283e-14  1.0413848086495768e-14  3.731004160186745e-15  1.294172993354411e-15  4.3462133003480475e-16  1.4131291153992018e-16  4.4484094705540355e-17  1.3557504995588774e-17  
3.888197316409018e-10  2.0963808009843727e-10  1.0913289377603394e-10  5.485355620127118e-11  2.6620580751534667e-11  1.2473659449188971e-11  5.643309380490756e-12  2.4651165479783354e-12  1.03969193230789e-12  4.23385042303905e-13  1.6646769557538584e-13  6.319577501586704e-14  2.3163796499664192e-14  8.197757315042452e-15  2.80119920114317e-15  9.241799667284348e-16  2.9439655690078347e-16  9.054667824394471e-17  2.6889079717996463e-17  7.709797559847422e-18  
3.1512605705250474e-10  1.8697985587946635e-10  1.0390895734903834e-10  5.408275596722909e-11  2.636406070254171e-11  1.2036866740744995e-11  5.147095937368314e-12  2.061383212760117e-12  7.732196242197556e-13  2.716405879475154e-13  8.937871712817835e-14  2.754363362985963e-14  7.949796473598882e-15  2.1490100601301445e-15  5.440872488615497e-16  1.2901681265075e-16  2.865310756090105e-17  5.959980142818138e-18  1.1610891228087191e-18  2.1185267957033526e-19  
4.157566210802974e-10  2.1678543276246604e-10  1.0991417405070683e-10  5.418885683500869e-11  2.597759616995936e-11  1.2109344001697237e-11  5.48876902951789e-12  2.4191454357202676e-12  1.0367682392053573e-12  4.3205006410334245e-13  1.7507298919533828e-13  6.898217817595003e-14  2.6429402413235784e-14  9.846241126902079e-15  3.5668617300218264e-15  1.2564197794017733e-15  4.3034418484496925e-16  1.4332758932380465e-16  4.6416921929039114e-17  1.4616909634539098e-17  
3.506482258180536e-10  2.0604700151191204e-10  1.1361727362366067e-10  5.879032219078873e-11  2.8546359359672673e-11  1.3007056563091082e-11  5.56148462339914e-12  2.2314433435368368e-12  8.401646412690638e-13  2.968426824084261e-13  9.841735896395456e-14  3.0619667998157956e-14  8.93948829610829e-15  2.4491097914225246e-15  6.296326794451276e-16  1.5189716871413136e-16  3.4387096607209205e-17  7.305076198443285e-18  1.4562549137437235e-18  2.724165377327017e-19  
3.6786058514556257e-10  2.1115738635393999e-10  1.1451292367021226e-10  5.867160013518804e-11  2.8400538013887597e-11  1.2988243035536108e-11  5.611764668691751e-12  2.29072892164357e-12  8.834320528273523e-13  3.218828295143466e-13  1.1080201873958018e-13  3.6034851809387176e-14  1.1071921869342718e-14  3.2140193656253496e-15  8.814530212071645e-16  2.2838893365509204e-16  5.590828207222684e-17  1.2930116657072414e-17  2.825230872781901e-18  5.832176360993596e-19  
4.1036238295001136e-10  2.1271742685804388e-10  1.0765663165942848e-10  5.319621015700172e-11  2.5663907862535884e-11  1.2088351245629486e-11  5.559215923414957e-12  2.4961012829583105e-12  1.0942411761885063e-12  4.683452196103896e-13  1.957137413305735e-13  7.985070141458802e-14  3.1808144849465326e-14  1.237086690153331e-14  4.697471102063857e-15  1.7415273074916245e-15  6.303745180022822e-16  2.227764085996406e-16  7.686735485530425e-17  2.5895056528525156e-17  
3.473294685478961e-10  1.9457015584615422e-10  1.040786939012158e-10  5.3161650045307916e-11  2.5929018808473878e-11  1.2076045067558128e-11  5.370495776440589e-12  2.2806311165878494e-12  9.24797662654702e-13  3.580877079360248e-13  1.3239851527798607e-13  4.6744210439694285e-14  1.575881488039094e-14  5.073063414441414e-15  1.5594377395041064e-15  4.577378245214986e-16  1.2829702150018805e-16  3.433739613451076e-17  8.775445134958869e-18  2.1415191569187523e-18  
3.573582660494899e-10  1.9796489046017241e-10  1.0561820044421735e-10  5.426947260637187e-11  2.6855836642303644e-11  1.2799353088710188e-11  5.874942239350013e-12  2.597080612875008e-12  1.1056903195207085e-12  4.533648360076402e-13  1.7903106909592758e-13  6.808872876246285e-14  2.4939531711755212e-14  8.797668854645071e-15  2.9889123223881335e-15  9.7796877318797e-16  3.081790046310785e-16  9.35292294309053e-17  2.7337444374696133e-17  7.695462325015786e-18  
3.452124379976934e-10  2.037615910252789e-10  1.1315911826333531e-10  5.91273112110091e-11  2.906819393477702e-11  1.344557289457791e-11  5.8515634383264796e-12  2.396049949839687e-12  9.231051221277186e-13  3.3460913846345153e-13  1.141184274107873e-13  3.6618883822927824e-14  1.1055687902467689e-14  3.140492652227684e-15  8.393462155382184e-16  2.1106481197341941e-16  4.9936934360806113e-17  1.1116274518049411e-17  2.328241320493515e-18  4.58804919167019e-19  
4.488730839851291e-10  2.2494178772832064e-10  1.0991356666451812e-10  5.2368126820325075e-11  2.432861350088471e-11  1.1020524355549813e-11  4.867676847546825e-12  2.09640795682828e-12  8.803683894262178e-13  3.6048538478343656e-13  1.4392805733452217e-13  5.603222209035324e-14  2.1269868672935825e-14  7.872748022519817e-15  2.8413352219821497e-15  9.998921962732998e-16  3.430982186657648e-16  1.1479377237777697e-16  3.745008201824941e-17  1.1913018021461824e-17  
3.386140804095488e-10  1.9823346959890242e-10  1.0907168229161052e-10  5.640402561186114e-11  2.7413926926511766e-11  1.2522627456276526e-11  5.376290544172758e-12  2.169367157261033e-12  8.227093847093948e-13  2.93239791449215e-13  9.823413215599072e-14  3.092893627177179e-14  9.152307746906023e-15  2.545419144654284e-15  6.653513734856702e-16  1.6345788281804306e-16  3.774189841185987e-17  8.190391724507499e-18  1.670508407181158e-18  3.202253567095159e-19  
4.305088296715277e-10  2.274337911711109e-10  1.1587840947253367e-10  5.6940944581312887e-11  2.698493747530463e-11  1.2333682717103745e-11  5.436742136953014e-12  2.3113158903602734e-12  9.476642167395535e-13  3.7473500743857526e-13  1.4291198704938953e-13  5.2563909155310924e-14  1.8645810300539604e-14  6.378954052655246e-15  2.104710140606352e-15  6.697453702685588e-16  2.0554255648223473e-16  6.083708470830076e-17  1.736639370565743e-17  4.781074349976411e-18  
3.795660465639921e-10  2.1382466604761733e-10  1.142327257099601e-10  5.787427559509396e-11  2.7806279746068936e-11  1.2669588179565866e-11  5.4744992496482545e-12  2.243306392168633e-12  8.717562672827548e-13  3.21265325331631e-13  1.1227806538698179e-13  3.7212451274691434e-14  1.1696176903200179e-14  3.4862768241302186e-15  9.854670335533634e-16  2.641706857246973e-16  6.715671397850992e-17  1.619036139600504e-17  3.701569769246308e-18  8.025602160788553e-19  
3.755492069075799e-10  2.077219733773847e-10  1.10468842198461e-10  5.648575482696208e-11  2.777025341869649e-11  1.3126910406123905e-11  5.966051131892939e-12  2.6070730070682586e-12  1.0953708691792016e-12  4.42497633711716e-13  1.7187095503321293e-13  6.418533314610082e-14  2.3046813162631034e-14  7.956603826903406e-15  2.641109208728563e-15  8.429207725063035e-16  2.586597928423003e-16  7.631551972761299e-17  2.1649036812128413e-17  5.904811844717416e-18  
3.8113723500403357e-10  2.076868562287776e-10  1.09191694974699e-10  5.538895408661483e-11  2.71087618911053e-11  1.2801155208818689e-11  5.83232350500091e-12  2.563816917709898e-12  1.0873900992138556e-12  4.4497611661142355e-13  1.756875515570035e-13  6.692651962045133e-14  2.459849027743777e-14  8.72311558859791e-15  2.9846111905651115e-15  9.852736323169193e-16  3.1381877269943993e-16  9.643927581131622e-17  2.859446155833867e-17  8.180180135858879e-18  
3.5986236378437064e-10  1.9899490258665642e-10  1.0624800926469437e-10  5.4773813376652555e-11  2.726455918154966e-11  1.3103801609514339e-11  6.080922446257629e-12  2.7246765020273862e-12  1.1787827027212294e-12  4.924088943266366e-13  1.9860553591362672e-13  7.734462480734374e-14  2.9083204074046225e-14  1.055911915506052e-14  3.701574180130288e-15  1.2529061756982283e-15  4.0947177311563864e-16  1.2921196010611717e-16  3.936903653541116e-17  1.1581909975532348e-17  
3.496839963033584e-10  2.0317119864332105e-10  1.1088906269298204e-10  5.6853272249037313e-11  2.7381825799547446e-11  1.2388237536710885e-11  5.264981247784268e-12  2.101959369958166e-12  7.883008395270914e-13  2.777153243707675e-13  9.190685061351513e-14  2.857170171639707e-14  8.34381208222266e-15  2.2889331294061594e-15  5.898504015465499e-16  1.4278771293874988e-16  3.24698273395675e-17  6.936003517860167e-18  1.3918063511297796e-18  2.623544934155207e-19  
3.099494353266205e-10  1.930943753784234e-10  1.120296318736095e-10  6.053139821515433e-11  3.045881577601926e-11  1.4273478789370961e-11  6.229184084428529e-12  2.531727786050254e-12  9.58268830874848e-13  3.3778645291327795e-13  1.1088724796716626e-13  3.3900452392361043e-14  9.651924006525155e-15  2.559215193716714e-15  6.319521976268686e-16  1.453269513050815e-16  3.112379949793931e-17  6.207597739507656e-18  1.153025826692074e-18  1.9945228473531473e-19  
3.659992444554572e-10  2.0429069645008806e-10  1.087427573423389e-10  5.5199538266717195e-11  2.672107344930197e-11  1.233547020265306e-11  5.4305131316093474e-12  2.2798663036643224e-12  9.127697594527145e-13  3.4849492548568056e-13  1.2688638541406278e-13  4.4057205320016114e-14  1.458821704578362e-14  4.606497493567423e-15  1.387148044912571e-15  3.98343872389727e-16  1.0908795983576952e-16  2.848910791344963e-17  7.095193316893127e-18  1.6851282808977622e-18  
3.6505803621315566e-10  1.991820977440262e-10  1.0444783129154303e-10  5.26392009407179e-11  2.549645997396789e-11  1.1868920453109177e-11  5.31010720445614e-12  2.283263820752161e-12  9.43560251515852e-13  3.747519626805856e-13  1.4304705819740745e-13  5.247768663691832e-14  1.8502532219120766e-14  6.269723559448994e-15  2.0418618380585175e-15  6.390944532593015e-16  1.9224917309225132e-16  5.558078149453503e-17  1.544349363850856e-17  4.1240810744933404e-18  
3.3500342041221276e-10  1.8890529574817765e-10  1.0221970193041311e-10  5.3078748297054317e-11  2.6448577599132058e-11  1.2646768067635403e-11  5.8029973555191424e-12  2.5551757474030976e-12  1.079654417579947e-12  4.3776833118278744e-13  1.7033327669095174e-13  6.359899406049883e-14  2.2787494528651374e-14  7.834990850352394e-15  2.5850919499396865e-15  8.184819045874618e-16  2.486782225872402e-16  7.250400757272419e-17  2.0285319643930276e-17  5.44624637549663e-18  
3.792761205886328e-10  2.108169066543712e-10  1.1196785011117637e-10  5.6822352333935726e-11  2.7553897874379582e-11  1.2766882064229364e-11  5.6522923320474856e-12  2.3911253851737556e-12  9.665360378067137e-13  3.733118014559421e-13  1.3777275842334704e-13  4.8583964913655046e-14  1.6370446379125455e-14  5.270672786866281e-15  1.6214723797625661e-15  4.766405881246677e-16  1.3387838188717618e-16  3.5930880010817866e-17  9.214318496608508e-18  2.2578576199799694e-18  
3.6956236259446216e-10  2.0941889403089613e-10  1.1263980981771081e-10  5.7506359549932447e-11  2.7866842449719202e-11  1.281762522601859e-11  5.5959689489564485e-12  2.3189476409546146e-12  9.121253161985856e-13  3.40538325937634e-13  1.2067724966266442e-13  4.059127851447935e-14  1.2959491989716664e-14  3.927273476947469e-15  1.1296456428497223e-15  3.084190808477712e-16  7.992601598734627e-17  1.9659977324096415e-17  4.590138391639051e-18  1.017223691899289e-18  
4.2085812932781093e-10  2.2206293416063758e-10  1.1327881779515834e-10  5.5866777679447865e-11  2.6637337768565562e-11  1.2278923493963826e-11  5.472201107994915e-12  2.3577409499827744e-12  9.82115135153319e-13  3.955132177380641e-13  1.539897735604552e-13  5.796355844490284e-14  2.109358896779328e-14  7.421269434086852e-15  2.5242839151786977e-15  8.301001288263411e-16  2.6390951168889087e-16  8.111700093892442e-17  2.410465991321543e-17  6.92504200515625e-18  
4.1534465410352103e-10  2.1648056634572633e-10  1.0959918840050252e-10  5.389815427352103e-11  2.5746522612498257e-11  1.1946519604174348e-11  5.384462442673935e-12  2.357335716264363e-12  1.0024867768908281e-12  4.141083634420606e-13  1.6616038235455957e-13  6.476182762774395e-14  2.4518214611274273e-14  9.016473700473924e-15  3.220792384539473e-15  1.117549769685666e-15  3.7665969327678926e-16  1.2331319654278845e-16  3.921462762519795e-17  1.2113363989002599e-17  
3.39035695815871e-10  2.028742058624695e-10  1.1417962505761662e-10  6.04408780689666e-11  3.009215501030057e-11  1.4091466363408851e-11  6.206395667787663e-12  2.571006074057152e-12  1.0017217856678577e-12  3.670891160199117e-13  1.2652497786095263e-13  4.1016765013003716e-14  1.250624441534409e-14  3.5865161618537794e-15  9.673843231236304e-16  2.4541758089138974e-16  5.855886754147015e-17  1.3141956963532295e-17  2.7740084821178596e-18  5.507264074396916e-19  
3.559006460876774e-10  1.9647809574035402e-10  1.0480888262928873e-10  5.4023240164263537e-11  2.6906781537177078e-11  1.2949156019710685e-11  6.0217089575163875e-12  2.7058059394212064e-12  1.1748221254043696e-12  4.928856509200484e-13  1.9981073610216708e-13  7.826904796738136e-14  2.962510304015268e-14  1.083498400667802e-14  3.829087285863786e-15  1.307557647125802e-15  4.314445727988275e-16  1.3755860483099465e-16  4.2378843541317235e-17  1.2615632430015836e-17  
4.073688351266205e-10  2.1620201474811122e-10  1.1026314384948854e-10  5.4038054379135664e-11  2.544882502438777e-11  1.1516870038569151e-11  5.008410244313727e-12  2.0929749139684133e-12  8.404789666364299e-13  3.2433093546858455e-13  1.202675872962347e-13  4.285559421880962e-14  1.467456183373578e-14  4.828602585418922e-15  1.5267800668796671e-15  4.639062234395661e-16  1.3545112451152816e-16  3.800438681178664e-17  1.0246688722885375e-17  2.6548015071588545e-18  
3.7589542748689096e-10  2.1097279701505378e-10  1.1239572402517424e-10  5.68377697935059e-11  2.728275222704281e-11  1.2430919095513237e-11  5.376284119745591e-12  2.2071156710777627e-12  8.600662143829338e-13  3.181285104531729e-13  1.1169589362085078e-13  3.7225087980143743e-14  1.1776010100330733e-14  3.5360998262824654e-15  1.0078938034096533e-15  2.7268983187824383e-16  7.003046724782724e-17  1.7071395134079432e-17  3.950162083916629e-18  8.676103581498803e-19  
3.7746568511143064e-10  2.0155143957131995e-10  1.0438913452594982e-10  5.244277378260837e-11  2.5555064186420626e-11  1.207895220378688e-11  5.5378669088008664e-12  2.462729599952725e-12  1.062311568902531e-12  4.444757348822381e-13  1.8038697134788438e-13  7.101060976376835e-14  2.7114542537387078e-14  1.004251030561309e-14  3.607806654164593e-15  1.257202364385832e-15  4.249404639386632e-16  1.3931951407335702e-16  4.4305411960996217e-17  1.3666665717411463e-17  
3.4162002380413187e-10  2.0041333657452933e-10  1.1101915743186236e-10  5.807072447932661e-11  2.8681678952345457e-11  1.337642025942984e-11  5.890650393335898e-12  2.449483963553263e-12  9.61776057252041e-13  3.565835719162617e-13  1.2483509880495325e-13  4.1266733790847925e-14  1.2881056707032069e-14  3.796565497648725e-15  1.0566187421253948e-15  2.7767305073254726e-16  6.890284629337608e-17  1.6144648790331e-17  3.571972033451434e-18  7.462348148762995e-19  
3.7749986153767306e-10  2.0846894869570286e-10  1.1067245893921291e-10  5.648216637156421e-11  2.771128950767701e-11  1.307000425092861e-11  5.926091127914768e-12  2.5830601869103646e-12  1.08236646776557e-12  4.3600125171628024e-13  1.68839767891143e-13  6.285435299197313e-14  2.249414951074059e-14  7.738867268776823e-15  2.559521736240163e-15  8.137928119591404e-16  2.4873819608236514e-16  7.308777058108678e-17  2.0645269305739398e-17  5.606218155270415e-18  
3.386215658816773e-10  1.964846008901166e-10  1.0764065668590068e-10  5.56747239557561e-11  2.7187778336160012e-11  1.2534969531858959e-11  5.456407021836464e-12  2.2424571332674288e-12  8.701125941547471e-13  3.1875769220723175e-13  1.102503069454728e-13  3.600251622964796e-14  1.1099919180036005e-14  3.2310277846639855e-15  8.879642536119433e-16  2.304009085912449e-16  5.644257335803445e-17  1.3054593076831068e-17  2.850714903184371e-18  5.877303900251952e-19  
3.5804743361840977e-10  2.071157404167444e-10  1.1370961773080352e-10  5.925061281996993e-11  2.9302187756126115e-11  1.375367634796349e-11  6.1270173059813256e-12  2.5905439633574146e-12  1.0395476001429253e-12  3.959217373836723e-13  1.43115234407121e-13  4.909914608799212e-14  1.5987242599388274e-14  4.9406574561941064e-15  1.4491304332278262e-15  4.034054516430878e-16  1.0658291701233341e-16  2.6726678798535775e-17  6.3608322131026614e-18  1.4367937779113089e-18  
4.2741585389774725e-10  2.1715580225099524e-10  1.0774418948270165e-10  5.2205695855811275e-11  2.470264909356996e-11  1.141486499211287e-11  5.151095945945031e-12  2.27002222416275e-12  9.769271711469038e-13  4.105781922954011e-13  1.6851213368363847e-13  6.754109337374862e-14  2.6436661232915888e-14  1.0105242380565868e-14  3.7721458254483644e-15  1.3750922112474175e-15  4.895271467349857e-16  1.7018581113379088e-16  5.777920035572917e-17  1.915672721400863e-17  
4.3679256673867326e-10  2.2455800718142205e-10  1.1181268377239267e-10  5.3921605848250365e-11  2.518510599373585e-11  1.1392891674429834e-11  4.991526404122898e-12  2.1180782332477226e-12  8.704820922819401e-13  3.464869681212981e-13  1.3357438647808832e-13  4.9873367249292244e-14  1.8035301777661534e-14  6.316657884894839e-15  2.1426957966569596e-15  7.039517601016678e-16  2.2399302777522565e-16  6.902959431220604e-17  2.060370681917421e-17  5.956136216728693e-18  
2.937680914594457e-10  1.8149176267118035e-10  1.0447002138507088e-10  5.602848982987414e-11  2.7996814400197156e-11  1.3034392296659413e-11  5.653995072152375e-12  2.2850859057922203e-12  8.604628126996667e-13  3.0188681688792074e-13  9.868216268836749e-14  3.00549242394598e-14  8.52854773407505e-15  2.254846589992695e-15  5.554454110170559e-16  1.274818139966243e-16  2.7260734581262612e-17  5.431369414352718e-18  1.0082392459804215e-18  1.7438146535829599e-19  
3.864508605672148e-10  2.0427224176687468e-10  1.0433566966461225e-10  5.14949495684512e-11  2.455866997251045e-11  1.1317576148412027e-11  5.039766136309738e-12  2.1685813543206677e-12  9.016737597353513e-13  3.6226928957999793e-13  1.4064425088834793e-13  5.2761948479371136e-14  1.9126171394944826e-14  6.699519222872947e-15  2.267606056958866e-15  7.416516301404319e-16  2.343908637335042e-16  7.15796844768829e-17  2.1122594241855123e-17  6.023003419466788e-18  
3.5174243651205427e-10  2.0218772422340303e-10  1.0968162835193714e-10  5.615159331690798e-11  2.71293486978898e-11  1.2369887230058024e-11  5.322812918636308e-12  2.1615523258809655e-12  8.283986705430005e-13  2.996140135872277e-13  1.0226662900465972e-13  3.294237054524743e-14  1.0014397928622106e-14  2.8730549336273393e-15  7.778791026415821e-16  1.9876017399065942e-16  4.792870789626329e-17  1.0907146915556806e-17  2.342478934169842e-18  4.747766088139123e-19  
4.3741287375764056e-10  2.3028390914877568e-10  1.1674765117427504e-10  5.699611275076657e-11  2.679506706895605e-11  1.2130452074818404e-11  5.288246013504704e-12  2.220029990608522e-12  8.974671448565334e-13  3.4937417694802033e-13  1.3097112925631415e-13  4.727949928342458e-14  1.6435491317005703e-14  5.5018030591957096e-15  1.7735356229903425e-15  5.505380218982442e-16  1.6456870305232828e-16  4.7371779745698466e-17  1.3131208059030524e-17  3.505114345397752e-18  
3.848655362137077e-10  2.1463912507685966e-10  1.1416315487293251e-10  5.791089013036781e-11  2.801636100241792e-11  1.2926484067944256e-11  5.6880880642612876e-12  2.387093410628615e-12  9.554098671989259e-13  3.646928396463175e-13  1.3276449769993975e-13  4.6095006746169113e-14  1.526310932686041e-14  4.820025691424977e-15  1.451686697335534e-15  4.169784850675274e-16  1.1422774494154878e-16  2.9843294528667596e-17  7.435995751391538e-18  1.7670494647497643e-18  
