4.8371782632853486e-11  4.66005379576478e-11  4.331916582691587e-11  3.8856131223719945e-11  3.3630191977388474e-11  2.8085971645211894e-11  2.2632882922988674e-11  1.7598701211008985e-11  1.3204187303955775e-11  9.559453209499245e-12  6.677974319266734e-12  4.501391169621939e-12  2.927784329291606e-12  1.837476216463952e-12  1.1127425319357794e-12  6.502164718992666e-13  3.6661612563848987e-13  1.994598449156294e-13  1.0471037327560005e-13  5.3041311729845966e-14  
5.097774295040216e-11  4.7871569831923646e-11  4.3528546242376584e-11  3.8323934020258086e-11  3.2671226010616345e-11  2.6968712125599438e-11  2.1555316809374728e-11  1.6681997062772876e-11  1.25008947245281e-11  9.070549183071588e-12  6.3727296463476545e-12  4.3352768224845254e-12  2.855667247777628e-12  1.821368387590431e-12  1.1248313597885045e-12  6.726303576955908e-13  3.894618659158905e-13  2.18349822602438e-13  1.1853324499391587e-13  6.230557835175138e-14  
9.471967614221827e-11  6.662078903046679e-11  4.88349955045878e-11  3.73082041636858e-11  2.9704985854359306e-11  2.4649389512564205e-11  2.131742766261336e-11  1.92138873799318e-11  1.804876524428467e-11  1.766979716505116e-11  1.802882589333521e-11  1.9171457793542726e-11  2.1246854480632824e-11  2.4540644353083053e-11  2.954126526361425e-11  3.706158900869938e-11  4.8458592033255577e-11  6.603426677930928e-11  9.378205412297785e-11  1.388103772296711e-10  
5.5117461559164634e-11  6.046146865070578e-11  6.25078284195396e-11  6.09054792835278e-11  5.5929965777461694e-11  4.8405975508230554e-11  3.948386283756411e-11  3.035334282461214e-11  2.1991743133190294e-11  1.5016855995663142e-11  9.664171151749606e-12  5.861603581734609e-12  3.3506920083110024e-12  1.8051729222212252e-12  9.165778243366323e-13  4.3861766208873106e-13  1.9781950935170723e-13  8.408496731383892e-14  3.3684789187977865e-14  1.2717904000056352e-14  
1.977034491865588e-11  1.898940933247805e-11  1.798119646851574e-11  1.678555234087194e-11  1.544765661749132e-11  1.4015206390619535e-11  1.2535634137319187e-11  1.1053582049886324e-11  9.608811868710448e-12  8.234671173575247e-12  6.957172201825292e-12  5.794676086199273e-12  4.758121155806931e-12  3.851693743384325e-12  3.073816376909113e-12  2.4183213626534187e-12  1.875685515213325e-12  1.434220603453396e-12  1.081139686560699e-12  8.034476457998702e-13  
5.131751666075952e-11  4.961014169425192e-11  4.6450340379057417e-11  4.212315886000748e-11  3.6997004377103167e-11  3.1472104733077465e-11  2.592976689551353e-11  2.0691169342896606e-11  1.599134730602431e-11  1.1970124674890628e-11  8.678124770703406e-12  6.09349843512062e-12  4.14401306319374e-12  2.7295378781962397e-12  1.7412885046919866e-12  1.0758852124449711e-12  6.438352366213897e-13  3.731617685617072e-13  2.094754546251045e-13  1.1388925143071379e-13  
5.042747344875958e-11  4.6182824979050344e-11  4.083064659555829e-11  3.4848532711024984e-11  2.8712778018408415e-11  2.2838017781982735e-11  1.7536142951233646e-11  1.2998768951496836e-11  9.301711141046977e-12  6.425633482855527e-12  4.285105590668105e-12  2.7586689267996633e-12  1.7144708880794931e-12  1.0286156416846383e-12  5.957562540425111e-13  3.331014882277596e-13  1.7979475277513353e-13  9.368497165501977e-14  4.712542973042904e-14  2.2884066136487167e-14  
4.6065520979986554e-11  4.578056615236842e-11  4.34161544113656e-11  3.929041076981438e-11  3.393023030175517e-11  2.7960959322010485e-11  2.1987828961012894e-11  1.6499761035895505e-11  1.1815115756400718e-11  8.073527510524792e-12  5.264458422930386e-12  3.275737502816157e-12  1.9450443467289083e-12  1.102084627123336e-12  5.958890479493514e-13  3.074545216498737e-13  1.5137752056461236e-13  7.112248342968363e-14  3.1887278878821575e-14  1.3642470688938465e-14  
6.211618762114383e-11  6.295022994437098e-11  5.870256984705359e-11  5.0371417492074256e-11  3.9772097576926254e-11  2.8896156809743224e-11  1.9318301505562327e-11  1.1884066129510625e-11  6.727108695666756e-12  3.503959643422192e-12  1.679411069741273e-12  7.406656312287063e-13  3.0057623441851515e-13  1.1224172984491414e-13  3.8567485830219455e-14  1.2194263388958377e-14  3.5477832527130473e-15  9.497861945087271e-16  2.339709246389675e-16  5.303532022254661e-17  
4.202886189691515e-11  4.6105711994442176e-11  4.68593918015467e-11  4.412384731941203e-11  3.849327922437623e-11  3.111223841012741e-11  2.329766613881275e-11  1.616323874833432e-11  1.0389129738690928e-11  6.186781279483426e-12  3.4133841455308095e-12  1.7447788268973464e-12  8.262860277896457e-13  3.625394294482359e-13  1.473719723894662e-13  5.550209243501925e-14  1.9365942049499443e-14  6.260409051996841e-15  1.8750014362268566e-15  5.202778177302365e-16  
8.248173803177377e-11  6.849537805965869e-11  5.6152044893457475e-11  4.5443391122134044e-11  3.630586045275714e-11  2.8634102941068576e-11  2.2294168332778302e-11  1.7135619741010316e-11  1.300197127942629e-11  9.739113670913907e-12  7.20162516690387e-12  5.257053998267641e-12  3.7883945983246874e-12  2.695062403351685e-12  1.892706565444511e-12  1.3121956622178667e-12  8.980794378394119e-13  6.067806941016122e-13  4.047152804406065e-13  2.664822555115937e-13  
4.955028046202818e-11  4.9007673197414287e-11  4.648578861466201e-11  4.228774001442266e-11  3.689324888438314e-11  3.086863891951064e-11  2.477001176826004e-11  1.9062203355783806e-11  1.4068835018994922e-11  9.958211101145663e-12  6.759937386971014e-12  4.400906799623246e-12  2.747766488012161e-12  1.645339889589291e-12  9.44864613464462e-13  5.203813158964143e-13  2.748602636749708e-13  1.3923242130062902e-13  6.764052127535455e-14  3.151459056109566e-14  
5.478365541404813e-11  5.133840930843831e-11  4.6606002433037174e-11  4.098730306366767e-11  3.491924753055579e-11  2.8819633550556153e-11  2.3041994903599257e-11  1.7846774748220886e-11  1.3390828638262716e-11  9.733369416773061e-12  6.853730214989476e-12  4.675185505200481e-12  3.089432668000519e-12  1.977728469996535e-12  1.2264861275706475e-12  7.368289136777187e-13  4.2882364384070075e-13  2.4176800690575177e-13  1.3204652659157066e-13  6.986556532280646e-14  
4.8359405785749456e-11  4.291696672574945e-11  3.733240699321081e-11  3.1831116565772093e-11  2.6602757950347566e-11  2.1792665947356656e-11  1.7498586525941527e-11  1.3772236937851287e-11  1.062465681506437e-11  8.034044720898149e-12  5.954735665659487e-12  4.326130731193041e-12  3.080673690293513e-12  2.1503079907101333e-12  1.4711757132149176e-12  9.865914184139433e-13  6.485135119227012e-13  4.178396350598252e-13  2.6388162309731895e-13  1.6334940943175007e-13  
4.4519222069473964e-11  5.050808447405385e-11  5.1684873008993946e-11  4.770404796677778e-11  3.9713323783116045e-11  2.981991933213184e-11  2.0196025763864316e-11  1.2337142807856275e-11  6.797551269491589e-12  3.378155338243193e-12  1.5142443576319158e-12  6.122115747610796e-13  2.2325250092489553e-13  7.34311539511708e-14  2.1784801025989846e-14  5.829295432856916e-15  1.4069146728096251e-15  3.062729740534908e-16  6.013659256737074e-17  1.0650210255493217e-17  
7.129433638735873e-18  6.774481699333273e-15  1.0608882312317181e-12  2.7380142508727565e-11  1.1645933116069755e-10  8.163669112732943e-11  9.431244647404074e-12  1.7956642748900708e-13  5.634479314937991e-16  2.9137678707930313e-19  2.4832967848576537e-23  3.487986674828867e-28  8.07408882341088e-34  3.0802413258745913e-40  1.9366381307882774e-47  2.0067105251100313e-55  3.426837362756139e-64  9.644390197856799e-74  4.473305587387087e-84  3.4194391252008375e-95  
5.696006081649181e-11  1.2884883136986304e-10  9.767145729636808e-12  2.4810298835834843e-14  2.111900568222597e-18  6.024098755376908e-24  5.758214550505989e-31  1.8444239224795068e-39  1.979752018041149e-49  7.12095081784217e-61  8.58306343323126e-74  3.466760201286613e-88  4.692263864309569e-104  2.128228203761905e-121  3.234678384169011e-140  1.647483836781533e-160  2.8118254837838675e-182  1.6081727796441271e-205  3.0821530108760565e-230  1.979487790552261e-256  
1.8053247120503497e-10  1.1925644836820826e-10  7.56775413452711e-11  4.613289991504042e-11  2.7015505292113028e-11  1.519756582241485e-11  8.212843924484487e-12  4.263553379660644e-12  2.1262211715132827e-12  1.0186002308311684e-12  4.68767723035756e-13  2.0723839954120813e-13  8.801189198005714e-14  3.590633536944516e-14  1.4072116025929665e-14  5.297931393958496e-15  1.9160721184488403e-15  6.656960362724799e-16  2.2217679073742834e-16  7.123279837671886e-17  
4.988242495799254e-11  4.952886458052156e-11  4.6747697320139604e-11  4.194238396320054e-11  3.577149054729657e-11  2.9000934953168805e-11  2.2350024239932212e-11  1.6373255342683055e-11  1.1402054381092384e-11  7.547831881875938e-12  4.7495489230072874e-12  2.8410151507221315e-12  1.615421173793122e-12  8.73150343616561e-13  4.486248483073936e-13  2.191132581496717e-13  1.0172905869715858e-13  4.489649443984303e-14  1.8835227728799613e-14  7.511390761693807e-15  
4.7534247554456204e-11  4.686767003583896e-11  4.399779033076898e-11  3.9325941596059465e-11  3.3467105753526995e-11  2.7117393564447458e-11  2.09203282452049e-11  1.5366671478945057e-11  1.0746867166499957e-11  7.156072258910666e-12  4.5368906887440514e-12  2.7386256781324857e-12  1.5739748849764036e-12  8.612984837923583e-13  4.487457300177183e-13  2.2260644681032478e-13  1.0513950017661014e-13  4.728080264927421e-14  2.0243916400119783e-14  8.252679737764242e-15  
4.9269243152622323e-11  4.67576028306627e-11  4.305915945742489e-11  3.8478295148472054e-11  3.336591651356696e-11  2.807548449157796e-11  2.2923895694909647e-11  1.8162956860692273e-11  1.396437949488777e-11  1.0418224155958982e-11  7.542281119219788e-12  5.298448254491683e-12  3.611866107070372e-12  2.38919474709306e-12  1.5335870177068366e-12  9.552174754544285e-13  5.773418750812926e-13  3.386108119017162e-13  1.9271057503183736e-13  1.0642587684419813e-13  
5.795846239152928e-11  5.247855609804288e-11  4.621253712177337e-11  3.957770989362817e-11  3.2965101881911095e-11  2.670367889185521e-11  2.1037817577432112e-11  1.6119188946711172e-11  1.2011537468367959e-11  8.704962966481677e-12  6.135474684609928e-12  4.205739045292998e-12  2.803815223562494e-12  1.8178974050408793e-12  1.146310480654342e-12  7.02988255941234e-13  4.192825515676192e-13  2.4320831712091415e-13  1.3720279823999204e-13  7.527667506597309e-14  
5.192378543948022e-11  4.98542687512304e-11  4.6246983245447324e-11  4.1448566989192675e-11  3.5890597294780824e-11  3.0025960277116336e-11  2.4269351930409742e-11  1.8952412799435995e-11  1.4299336579944274e-11  1.0423470086535816e-11  7.340976164881075e-12  4.995055954415312e-12  3.2837641337976677e-12  2.085684465975646e-12  1.2798831220603596e-12  7.588170340706577e-13  4.346592085191591e-13  2.4055021655835255e-13  1.2861975368704774e-13  6.644382854049448e-14  
5.281622817809061e-11  5.0798152672561597e-11  4.682576278199808e-11  4.136930341832723e-11  3.502901793685212e-11  2.842720236504535e-11  2.211040442670805e-11  1.648221813904895e-11  1.1775816642053724e-11  8.063485657303418e-12  5.291892419919587e-12  3.3285539583245335e-12  2.0065805687867092e-12  1.1593485121350979e-12  6.419893470082827e-13  3.4072032399903297e-13  1.7331041589132871e-13  8.44904639180042e-14  3.9477271725059853e-14  1.767840068459388e-14  
4.568905477831847e-11  4.3257757937625734e-11  3.988685856189993e-11  3.581868640363383e-11  3.132589375704032e-11  2.668156387229108e-11  2.2132633163539023e-11  1.7880056430988403e-11  1.4067556846962444e-11  1.0779099154559718e-11  8.043781212589762e-12  5.84590867391982e-12  4.137688552503651e-12  2.8521841601211094e-12  1.9147466744665103e-12  1.2518695576535403e-12  7.971147173759709e-13  4.943067844408006e-13  2.9852885087811784e-13  1.755860631925743e-13  
5.111307191036511e-11  4.7472604393422767e-11  4.274129727746552e-11  3.7303184425665637e-11  3.15600499123079e-11  2.5883501178934754e-11  2.0577941491888944e-11  1.5858948938781482e-11  1.1847874351821118e-11  8.580252036669262e-12  6.023559664924049e-12  4.099207986739962e-12  2.704209027120353e-12  1.7293150792135578e-12  1.0720167346017318e-12  6.442027399495516e-13  3.752642014639009e-13  2.1190698472940035e-13  1.159970576945601e-13  6.155201021930871e-14  
4.9808574986352947e-11  4.7417026754958354e-11  4.385133917866081e-11  3.939578368100895e-11  3.4382303388197e-11  2.9149998256765686e-11  2.400824635657644e-11  1.920881993570004e-11  1.4929981613628165e-11  1.1272914189999279e-11  8.268590235315268e-12  5.891760441431973e-12  4.078279918658935e-12  2.7423780393731686e-12  1.7914139627459218e-12  1.1367970244039233e-12  7.007905586913344e-13  4.196738384989757e-13  2.441484058210345e-13  1.379793928083899e-13  
4.9021967657139964e-11  4.719672242044931e-11  4.374994024895795e-11  3.904699452619247e-11  3.3553844077958185e-11  2.7761407163557897e-11  2.2114910832074083e-11  1.696185837384288e-11  1.2525820848775001e-11  8.906016231073775e-12  6.096846934086083e-12  4.018570803773053e-12  2.550248381198798e-12  1.5582525981247535e-12  9.167222280891719e-13  5.192567938213198e-13  2.8318558070137776e-13  1.4869782218028543e-13  7.517658664818298e-14  3.659359869869502e-14  
4.49726103829267e-11  4.313205928397782e-11  4.017501017570865e-11  3.634255884660511e-11  3.1928514576400823e-11  2.7242416654291845e-11  2.2574401893537878e-11  1.8167308002528708e-11  1.4199354786472514e-11  1.0778301976248248e-11  7.945766317433656e-12  5.688855920816565e-12  3.955649345326016e-12  2.671248812151368e-12  1.7519213413681159e-12  1.1158827629290035e-12  6.902815092298778e-13  4.147034189015356e-13  2.419650815018187e-13  1.371107423455054e-13  
5.077412552879096e-11  4.8089856606614136e-11  4.412726919651869e-11  3.9228631898128334e-11  3.3786391710515445e-11  2.8191812845370935e-11  2.2790126440486457e-11  1.784896368644342e-11  1.3543216389462161e-11  9.955731361235092e-12  7.090340004372136e-12  4.892192008327525e-12  3.2702613865388527e-12  2.1178928265747778e-12  1.3288257415796114e-12  8.077456464589995e-13  4.756897129322407e-13  2.7140349350908146e-13  1.5002016812119463e-13  8.033899642050824e-14  
4.344165249479087e-11  4.447941550557767e-11  4.2929169567327625e-11  3.905589411505441e-11  3.3493564046287645e-11  2.707552105578476e-11  2.0631602625783212e-11  1.481937156486781e-11  1.0033842768013105e-11  6.4039137893247504e-12  3.852692465269841e-12  2.1848613986161854e-12  1.1679496513489192e-12  5.885251576332949e-13  2.795417146199094e-13  1.251609636893488e-13  5.2824069233974247e-14  2.101529496114855e-14  7.880972422295997e-15  2.7858954048919787e-15  
5.343240464356352e-11  4.922568366872463e-11  4.420681069724218e-11  3.8698755712150225e-11  3.302289996225424e-11  2.746906055039651e-11  2.2273209119545634e-11  1.7604843660683234e-11  1.3564129920924964e-11  1.018737045762962e-11  7.45834807810146e-12  5.322719579544693e-12  3.702839734314325e-12  2.5109995472222215e-12  1.6598496207608246e-12  1.0695503714367911e-12  6.718063930288793e-13  4.1133665492784613e-13  2.455054184792811e-13  1.428351652881005e-13  
4.804121708602245e-11  4.877710705259695e-11  4.67616757986612e-11  4.2328812445581694e-11  3.617879452668579e-11  2.9197393972481066e-11  2.2248773664173445e-11  1.6008109857882806e-11  1.0875419652623442e-11  6.976281273586098e-12  4.225459375968728e-12  2.4165504656594084e-12  1.3049377581859896e-12  6.653585102879014e-13  3.2032705778389894e-13  1.4561413123147273e-13  6.250077639394883e-14  2.533023920939367e-14  9.693155058819658e-15  3.5023780233325684e-15  
4.9770550786000363e-11  4.956750851036615e-11  4.689853668841723e-11  4.2155966826241256e-11  3.5999492253074353e-11  2.920594453994264e-11  2.2510425093365658e-11  1.6482902744226707e-11  1.1466246007235607e-11  7.577856448029024e-12  4.757831441824999e-12  2.837979732080384e-12  1.6082260278760543e-12  8.658096919237189e-13  4.428282910608534e-13  2.1517203851828412e-13  9.932849820094404e-14  4.3561162743148446e-14  1.814941441756021e-14  7.183950488428647e-15  
5.262101419166631e-11  4.827319973328392e-11  4.333028318302937e-11  3.8055333900791095e-11  3.270228619137489e-11  2.7496616820605884e-11  2.2621373836831354e-11  1.8209468123514145e-11  1.4342145142736574e-11  1.1052729320359636e-11  8.334192435477979e-12  6.148880917404704e-12  4.4388166790020856e-12  3.135284134099198e-12  2.1668316416836777e-12  1.4652509160276506e-12  9.69476760238901e-13  6.276266451780874e-13  3.975611253896729e-13  2.46402448118076e-13  
4.636832947935293e-11  4.5339162196596135e-11  4.252133504250037e-11  3.824913802658469e-11  3.300029127875015e-11  2.7308337017894463e-11  2.1674749881781906e-11  1.6500393265485532e-11  1.2048024880412205e-11  8.437596953564401e-12  5.6676504388877e-12  3.651478072284113e-12  2.256397954116297e-12  1.337346845135313e-12  7.602453591298122e-13  4.1451939710281156e-13  2.167790445886837e-13  1.0873543541824356e-13  5.231259425541865e-14  2.4139194704541105e-14  
4.7310746405985854e-11  4.5980221197550095e-11  4.3182888292563094e-11  3.919058007022322e-11  3.437012176058499e-11  2.9127943529475436e-11  2.385437001292714e-11  1.887797702356592e-11  1.4436846176222142e-11  1.0668873832082823e-11  7.61893386339613e-12  5.257741165075893e-12  3.506174889707898e-12  2.259421838771003e-12  1.4069881621251355e-12  8.466675967108476e-13  4.923396455893556e-13  2.7665979617401405e-13  1.502300012351124e-13  7.883093237319818e-14  
4.7391250963514817e-11  4.836711732745297e-11  4.672443059065485e-11  4.2724758097781604e-11  3.69791555204917e-11  3.029536208184517e-11  2.349292474113131e-11  1.7244071270211903e-11  1.198075845804215e-11  7.878990876595086e-12  4.904544330780658e-12  2.8898048312449148e-12  1.611684922052008e-12  8.508118983632257e-13  4.251368479500922e-13  2.0107854011379774e-13  9.002113418505403e-14  3.814740664923589e-14  1.5301265088269756e-14  5.809402150392435e-15  
5.6623562322883776e-11  5.0286701397454666e-11  4.364304346331671e-11  3.7015432529184776e-11  3.068008427344925e-11  2.4850560449747428e-11  1.9670787512396226e-11  1.521644589926827e-11  1.1502986900942714e-11  8.497945550048763e-12  6.135121708687309e-12  4.328509162463257e-12  2.984416410857922e-12  2.0108812171407525e-12  1.3240955789569262e-12  8.520364481015945e-13  5.358002733519188e-13  3.2927109524279736e-13  1.9774713746367098e-13  1.1605736942147914e-13  
4.6320988406814944e-11  4.6868906882136454e-11  4.484934531459911e-11  4.058744073488928e-11  3.473693560597691e-11  2.811613475288748e-11  2.1522068289508308e-11  1.558033066242672e-11  1.0666786739658307e-11  6.90644934203784e-12  4.229025710001356e-12  2.4490073954796914e-12  1.341232734007977e-12  6.94676277360425e-13  3.4027110297642884e-13  1.5762748482289823e-13  6.905626722026965e-14  2.861136179248599e-14  1.1210842089927406e-14  4.15434173016872e-15  
5.578673140751439e-11  5.183413697954186e-11  4.6605735772705885e-11  4.0550984841733916e-11  3.4143024103365826e-11  2.781897371101143e-11  2.1934046735151566e-11  1.673535640847041e-11  1.2356335966036938e-11  8.82842011150057e-12  6.104004085976925e-12  4.083994803789508e-12  2.644198697657039e-12  1.6566910806919404e-12  1.0044481475440969e-12  5.89321181900405e-13  3.3459166737054975e-13  1.8383014598199037e-13  9.773652280431231e-14  5.0284666811207537e-14  
5.089449053716743e-11  4.9863818883810596e-11  4.6572729653189955e-11  4.146763247929125e-11  3.519801565293025e-11  2.848121490499108e-11  2.1970008901339553e-11  1.6155981469707508e-11  1.1325772957628905e-11  7.568917082935603e-12  4.822042516734273e-12  2.928597682845671e-12  1.6955858550811117e-12  9.358607791242121e-13  4.92418204437288e-13  2.469951041552723e-13  1.1810654932008186e-13  5.38382591480253e-14  2.3395882283377016e-14  9.692130161003044e-15  
4.979275932080628e-11  4.82454083373365e-11  4.511432711083777e-11  4.071380448923276e-11  3.5459907175894294e-11  2.9805897732168684e-11  2.4178843518104646e-11  1.8929430452484355e-11  1.4302378750097536e-11  1.0429121023367097e-11  7.339320355235812e-12  4.9846272481354856e-12  3.267218914842339e-12  2.0667716092724885e-12  1.2617561916147222e-12  7.434077888307196e-13  4.227148202966645e-13  2.3197252338877966e-13  1.2285542089305255e-13  6.279438429099347e-14  
5.0160476246429946e-11  4.7971004420577166e-11  4.44194641201683e-11  3.9824025772378044e-11  3.456959950320013e-11  2.905499990986371e-11  2.3644206904482037e-11  1.862970449561311e-11  1.4212305152513391e-11  1.0497851463726127e-11  7.507816784457457e-12  5.198813650264767e-12  3.485556907399495e-12  2.2626503506389567e-12  1.4221324924741455e-12  8.654460767614681e-13  5.099379224812433e-13  2.909189084895332e-13  1.6069557983775113e-13  8.594354332295528e-14  
4.7809206782095884e-11  4.640211064447842e-11  4.362817745391855e-11  3.973740888250471e-11  3.506187667211319e-11  2.9969114367257484e-11  2.4815086814240433e-11  1.990493791192316e-11  1.546710358905183e-11  1.1642876737684314e-11  8.490137887858675e-12  5.997528580437478e-12  4.10424282219165e-12  2.720801804731316e-12  1.7472856300050492e-12  1.0870112578616826e-12  6.550995744023678e-13  3.824579837190884e-13  2.1630336889001652e-13  1.1850753767033818e-13  
4.7648444564487435e-11  4.786817245947795e-11  4.545456380029035e-11  4.0798168788783993e-11  3.461277145499173e-11  2.7756493959239394e-11  2.1039013342627242e-11  1.5073658048138636e-11  1.0208089691894706e-11  6.534356487514396e-12  3.953608842880776e-12  2.261086115959944e-12  1.2222865576660256e-12  6.24541779485309e-13  3.016355226094698e-13  1.3770065415101136e-13  5.941855002801512e-14  2.4234866091347975e-14  9.343115714595083e-15  3.4046726289773938e-15  
4.371528783487319e-11  4.674767694254651e-11  4.6884770496275537e-11  4.410101888438258e-11  3.890545695396295e-11  3.2189741297395005e-11  2.4978682088142585e-11  1.8178859093218627e-11  1.2408200275262885e-11  7.94320981523518e-12  4.769011201791899e-12  2.685379809175721e-12  1.4181695765635323e-12  7.024180741890801e-13  3.2629337810350113e-13  1.421562343801977e-13  5.808562007461198e-14  2.2259551901657027e-14  8.000355279242162e-15  2.6967904283792487e-15  
4.888984156874549e-11  4.76229466266516e-11  4.4439601145536334e-11  3.9726499298338556e-11  3.402097033937603e-11  2.7910611477246806e-11  2.1935536538985406e-11  1.651518440582798e-11  1.191173020661568e-11  8.230429984030772e-12  5.44786649791187e-12  3.4545115062936777e-12  2.0984715517798493e-12  1.2211690360751834e-12  6.807767840497516e-13  3.635715949924063e-13  1.8600790840931092e-13  9.11652082769823e-14  4.2803876570543575e-14  1.925277489085234e-14  
4.8088573992701834e-11  4.598783810929387e-11  4.242751728222138e-11  3.776206838295463e-11  3.2424064885878353e-11  2.6858556958834635e-11  2.146354341409153e-11  1.654716879388272e-11  1.2306923558330552e-11  8.830368738942055e-12  6.112399134343182e-12  4.0817659828940515e-12  2.629589933718e-12  1.6342988882747386e-12  9.798925868715262e-13  5.667988874711425e-13  3.162882339344898e-13  1.7027097133751327e-13  8.843042677024455e-14  4.4306389236123244e-14  
4.4905984737956244e-11  4.4273033594393996e-11  4.205264449539764e-11  3.848276927450613e-11  3.392800289111739e-11  2.8818359206844997e-11  2.3583006925674935e-11  1.859294056824287e-11  1.4122642254278277e-11  1.033481743551337e-11  7.286326613121124e-12  4.949182113773221e-12  3.2387483817220893e-12  2.0419258050078915e-12  1.2402855402713077e-12  7.258090479996246e-13  4.0920605327593736e-13  2.2226992116773602e-13  1.16315693876399e-13  5.86428286543712e-14  
5.0419081348019226e-11  4.8957965824880546e-11  4.5620864409163657e-11  4.079579150836475e-11  3.500893714448604e-11  2.883063427676988e-11  2.2784587832225457e-11  1.727984589566553e-11  1.25762239394917e-11  8.78359631272562e-12  5.887164648425289e-12  3.7866198311071255e-12  2.337270279565537e-12  1.3844519169341892e-12  7.869706323033013e-13  4.2929011022732525e-13  2.2472684248861266e-13  1.1289396457690266e-13  5.442497125274815e-14  2.5178937543447557e-14  
4.9644083011520766e-11  4.8953703055778483e-11  4.6049578001713635e-11  4.1322616207222887e-11  3.5373009777199124e-11  2.888539215942795e-11  2.2501246195998635e-11  1.6720795077490016e-11  1.1853028448973739e-11  8.015373762703743e-12  5.170592119786208e-12  3.1818436162012953e-12  1.8678389654121665e-12  1.0459768697494193e-12  5.587618931243238e-13  2.847433097654897e-13  1.384211098442403e-13  6.419085712156405e-14  2.8396582212679564e-14  1.1983426556606183e-14  
5.457802663955565e-11  5.0704223547025084e-11  4.568389223781502e-11  3.991854603526367e-11  3.382820741229424e-11  2.7801991691602924e-11  2.2159782217841802e-11  1.7129619686583903e-11  1.2841702601477779e-11  9.336630016041659e-12  6.5834015419561715e-12  4.501976198879105e-12  2.9857173968014776e-12  1.9203785961567726e-12  1.1978920130381157e-12  7.246714236596922e-13  4.251647562141058e-13  2.4191680149188457e-13  1.3349575660457322e-13  7.144330625166938e-14  
5.3416407519290904e-11  4.91543195667237e-11  4.4053462741716584e-11  3.845295889138236e-11  3.268969184010929e-11  2.7065947792519706e-11  2.182564078969897e-11  1.714123531506148e-11  1.3111385327294552e-11  9.767566916629371e-12  7.0868878441644135e-12  5.007904917427712e-12  3.4465766357801515e-12  2.3102083804664243e-12  1.5081541051170812e-12  9.588962858315635e-13  5.937845627488911e-13  3.581108826451744e-13  2.1034756341720495e-13  1.2033412451838071e-13  
4.683819371396896e-11  4.841845713267864e-11  4.7361942159455996e-11  4.38385123903699e-11  3.839634298623023e-11  3.182230729287993e-11  2.4956358553128122e-11  1.85198948550139e-11  1.3004796641951534e-11  8.641245881550427e-12  5.433215225394727e-12  3.2325496481332955e-12  1.8198736938785195e-12  9.69493807723051e-13  4.887160256920947e-13  2.3311803299044606e-13  1.0522111707880743e-13  4.494047879563316e-14  1.816269251703044e-14  6.9459318025378966e-15  
4.713762783103439e-11  4.5665192560901744e-11  4.289082873535264e-11  3.905756430275407e-11  3.448319113674159e-11  2.951693892321865e-11  2.4496089389225042e-11  1.970987064019896e-11  1.537561033010595e-11  1.1629004224662695e-11  8.527353498419485e-12  6.062441763360668e-12  4.178712255911736e-12  2.792536949919178e-12  1.8093265828036855e-12  1.1365710083664331e-12  6.922098231632967e-13  4.087337657810817e-13  2.3399406885854733e-13  1.2987655379471439e-13  
5.295645376357086e-11  4.932508021426226e-11  4.4317942820090443e-11  3.841088138415757e-11  3.2113810462784135e-11  2.5899554522335457e-11  2.0149099236303348e-11  1.5121047048546644e-11  1.0946391603146656e-11  7.644040584387927e-12  5.149177641389579e-12  3.3459207687450064e-12  2.097279528808446e-12  1.268118592987348e-12  7.396500820825853e-13  4.161554980024188e-13  2.2586443459240786e-13  1.1825049084846017e-13  5.972015699570716e-14  2.909389161607135e-14  
5.0299494793409906e-11  4.913405540715691e-11  4.5790629435288914e-11  4.0714174096911175e-11  3.453740149980097e-11  2.7951730681646525e-11  2.1582550260249816e-11  1.589907407010208e-11  1.117418656814513e-11  7.492642609198544e-12  4.793239517217166e-12  2.9254875786313165e-12  1.70350102695402e-12  9.463712861147842e-13  5.0159791656823e-13  2.5364418308233325e-13  1.2236834992180358e-13  5.632332883025067e-14  2.4733327000193618e-14  1.0362195411147551e-14  
4.9146480637746614e-11  4.6224322375108976e-11  4.229296944217738e-11  3.764309288182729e-11  3.2592818300259433e-11  2.745225518351221e-11  2.249332376470983e-11  1.7928697395102274e-11  1.3901553497962953e-11  1.0485700020024668e-11  7.693979383235527e-12  5.491918743225817e-12  3.813437940345538e-12  2.575898574554509e-12  1.6926233585820342e-12  1.0819604767842258e-12  6.727937660874532e-13  4.0697901506950443e-13  2.394867936761755e-13  1.3709152836896087e-13  
4.67145172849785e-11  4.749429064209405e-11  4.584768618813218e-11  4.202230952451239e-11  3.6570330815507045e-11  3.0217904048540404e-11  2.3707527548599868e-11  1.7660161349692287e-11  1.2490779665498855e-11  8.388241109053127e-12  5.348583004885883e-12  3.238120842620865e-12  1.861374848380808e-12  1.01592373690827e-12  5.264714820647024e-13  2.5904491528400134e-13  1.2102128781859871e-13  5.3682773481007335e-14  2.260968947016085e-14  9.041505008267313e-15  
5.011709168224489e-11  4.850795387409266e-11  4.5299238682514725e-11  4.0814990747799376e-11  3.5481286118109135e-11  2.975978963513048e-11  2.4083034748081214e-11  1.8803704587194535e-11  1.4165322909235786e-11  1.0295806941939948e-11  7.220132272635205e-12  4.88518223801575e-12  3.189093386329533e-12  2.0086513289145574e-12  1.2206544198349582e-12  7.157012102121949e-13  4.048756210603856e-13  2.2098477569215773e-13  1.163734566890315e-13  5.912843253878433e-14  
4.60587931560382e-11  4.631579183082424e-11  4.422465284408159e-11  4.009761778287695e-11  3.45216473043137e-11  2.8221705188697342e-11  2.1907548938881688e-11  1.6148163218085574e-11  1.1302415542021996e-11  7.511699579847341e-12  4.740497816783305e-12  2.8407204083722895e-12  1.6164111291736448e-12  8.733613581992432e-13  4.480793334017928e-13  2.1829040900734407e-13  1.0097949530613335e-13  4.435581230772311e-14  1.850063685430819e-14  7.32726030123239e-15  
4.8559683121079056e-11  4.881542158198373e-11  4.681267546509807e-11  4.2824775969934956e-11  3.737248315484615e-11  3.1112436855059016e-11  2.4708212048104837e-11  1.8718620079238916e-11  1.352793656052294e-11  9.326410017259783e-12  6.133701954979076e-12  3.848185973035523e-12  2.3031098541932845e-12  1.314917402333602e-12  7.161557957437565e-13  3.720846612245725e-13  1.844171225595171e-13  8.719386606790881e-14  3.932745521108418e-14  1.6921192819900394e-14  
5.429264958056372e-11  4.886871609974859e-11  4.304804690145269e-11  3.7111508307150547e-11  3.1310960422626044e-11  2.5853348666271566e-11  2.0891510793368885e-11  1.6521730065421616e-11  1.278715199160869e-11  9.685560599801592e-12  7.179733569491582e-12  5.2086421910948106e-12  3.698054871355706e-12  2.56953659729988e-12  1.7473057041599756e-12  1.162828351815584e-12  7.57347087915781e-13  4.827329437455962e-13  3.011282819598091e-13  1.8383524791819977e-13  
5.583505660877293e-11  5.065272598570199e-11  4.4635926210723706e-11  3.820780997875659e-11  3.1769150758485115e-11  2.565930754170916e-11  2.013122137514985e-11  1.534197191277947e-11  1.1357378726370523e-11  8.166968848435495e-12  5.704657250335055e-12  3.8706515756722975e-12  2.551082293648306e-12  1.633242692764532e-12  1.0156939025060914e-12  6.135653601868167e-13  3.6003497076859794e-13  2.0521750646374544e-13  1.1362397859619558e-13  6.110988187685e-14  
4.128456564343244e-11  4.382275340597102e-11  4.364232182422519e-11  4.077671907702343e-11  3.574480696848887e-11  2.9397464743397795e-11  2.2683133325976265e-11  1.6420729914380003e-11  1.115265109206749e-11  7.106569677227713e-12  4.248524886477091e-12  2.382936995485992e-12  1.2539585999015894e-12  6.190847155279892e-13  2.8675646025233854e-13  1.2461564934066616e-13  5.080754424921926e-14  1.9434799676039283e-14  6.974742493329432e-15  2.348402494249019e-15  
5.0072058224656956e-11  4.657934684795369e-11  4.2005005981278297e-11  3.6721330893422906e-11  3.1120422228654476e-11  2.5567146149140777e-11  2.036238914297149e-11  1.572117193808425e-11  1.1766595057563396e-11  8.537415208934296e-12  6.004981929250509e-12  4.094555025388005e-12  2.7065211452472148e-12  1.7343064636792319e-12  1.0773330087742282e-12  6.487595979862614e-13  3.7872792732910034e-13  2.1432881943889903e-13  1.1758272426637243e-13  6.253399434608711e-14  
4.7615084146000013e-11  4.746302101391869e-11  4.4905022871811626e-11  4.032396130576395e-11  3.436846848831599e-11  2.7802630835729156e-11  2.134717102988681e-11  1.5556915366145923e-11  1.0760572340550325e-11  7.0644113067033535e-12  4.401952028830166e-12  2.603414725072209e-12  1.4614034605766344e-12  7.786201324913707e-13  3.9374028329972216e-13  1.889830235292248e-13  8.609232956244771e-14  3.7225012224999063e-14  1.52768551780424e-14  5.950614239673865e-15  
5.660450371645663e-11  5.237716641431475e-11  4.683925848128872e-11  4.048135320677551e-11  3.3812480438466756e-11  2.7294556361323875e-11  2.1293744924748415e-11  1.605480570214059e-11  1.169863146003652e-11  8.238384632255068e-12  5.606942056955253e-12  3.687967377409095e-12  2.3443641552390105e-12  1.4402572605903263e-12  8.551298626580946e-13  4.90683067766467e-13  2.7211160857850697e-13  1.458377873189082e-13  7.553879668704952e-14  3.7813515664805204e-14  
5.1295160086299615e-11  4.990963921848227e-11  4.6527160464222835e-11  4.155686175662863e-11  3.5562559936271203e-11  2.9157975375996576e-11  2.290528981056134e-11  1.723964403949776e-11  1.2431824618060767e-11  8.589255705992589e-12  5.685782814745565e-12  3.606110895006472e-12  2.191300644900721e-12  1.2757892316235015e-12  7.116557698183489e-13  3.803427081710476e-13  1.947575449117135e-13  9.554931217156002e-14  4.491329482327364e-14  2.0227226789268747e-14  
