0.027613766609780294    -0.02175351192074508    0.0    0.0    159094.1225282443
-0.18052327001566593    0.024469627390901763    0.0    0.0    439866.80570833734
0.15308197760150347    0.023242912424876954    0.0    0.0    885.028100063428
0.17003002756492486    0.028618789542466664    0.0    0.0    3401.793327528558
-0.011428594960518776    0.05134858086600907    0.0    0.0    3135.0893855081304
0.17813026651418074    0.03968562430920645    0.0    0.0    47800.321886104444
-0.07650156315538692    -0.0009169406132324747    0.0    0.0    12992.924060486006
-0.09744592899807492    -0.0415474360643769    0.0    0.0    47862.178445302554
-0.07413610058985125    -0.022672823411749195    0.0    0.0    13693.625892829796
-0.16833697378553278    -0.04254144488735891    0.0    0.0    6880.586041129316
-0.05332462603991413    0.009780436835535646    0.0    0.0    7509.672747427879
0.0011120420778869043    0.015116458395315653    0.0    0.0    88401.71925011452
0.07754347988414301    0.014613927129670152    0.0    0.0    88844.31866614694
0.054252192125153365    0.0016663981638758896    0.0    0.0    26164.411307121336
0.1989770522891402    0.0034135404601684915    0.0    0.0    25196.371659564913
0.03459302273102426    0.01425630048800371    0.0    0.0    1635.370225220233
-0.05168072395411738    -0.014253614683829694    0.0    0.0    915.4471394519288
0.0447653777532091    -0.026454446633111615    0.0    0.0    1909.7541866567356
-0.03293913082981195    -0.03483969673325833    0.0    0.0    90035.86387626742
-0.01897709887452048    0.016545548717308543    0.0    0.0    89805.43601546128
0.03143255175515091    0.014727764353853158    0.0    0.0    88757.68845986153
0.03112850958718552    0.0169053519783176    0.0    0.0    87704.8237407258
0.02927797558089624    -0.010042034438403753    0.0    0.0    90464.99795250579
-0.016343842893416508    -0.0028483437077492413    0.0    0.0    89357.77737453938
0.09937291452930293    -0.023259749458036817    0.0    0.0    89201.46646416614
-0.031021067308706008    0.00869941160083895    0.0    0.0    89315.50515893841
0.13349004118615576    -0.010393136245596233    0.0    0.0    89759.49986368879
0.046184095571115615    0.009720874914172202    0.0    0.0    88320.97239014647
-0.0320498111238551    -0.006779599111096914    0.0    0.0    88306.84275242937
0.1365100751623898    -0.006798352441493519    0.0    0.0    87590.90896258394
-0.011605968444595147    -0.018550532398001023    0.0    0.0    87757.62472668124
-0.0396382499163326    -0.04085753060129516    0.0    0.0    89845.17163730509
-0.18937756759082947    -0.007647742902841862    0.0    0.0    89462.85291254928
-0.1388106756313137    -0.008108788978653317    0.0    0.0    88360.26091246534
0.050116320799522156    0.007869910357068662    0.0    0.0    89545.71311387049
0.08865225995904315    -0.011244339351899692    0.0    0.0    89299.82861130388
0.19332942234198788    0.04243714094936128    0.0    0.0    89010.261575111
0.16512988046456484    -0.014623797723692834    0.0    0.0    89256.51368371952
0.055029084404038586    0.03284572631848848    0.0    0.0    89332.40033872532
-0.12562759172680787    0.012408349294209212    0.0    0.0    88257.0579945834
-0.20097243955398136    -0.029556461212911764    0.0    0.0    89534.78898671882
-0.02539286929605873    -0.008972391636244872    0.0    0.0    88605.9582432053
0.09487255519691773    0.018679049415660797    0.0    0.0    88188.62138845884
0.12378194284885076    -0.01632997330271335    0.0    0.0    88097.02115740215
-0.014303439141427338    -0.004026553736889364    0.0    0.0    89857.02444533727
0.007680759149330179    0.039286271851753006    0.0    0.0    88985.09319012945
-0.10276795816660636    0.005691261349746016    0.0    0.0    90014.40056598267
-0.1082629842499358    -0.02248946106442838    0.0    0.0    88489.00065049742
0.08038501932782637    -0.023327651852284467    0.0    0.0    90498.05821937315
-0.02945460224047738    -0.024926827880943848    0.0    0.0    89592.29057051822
0.021436906868471932    0.007014759237088799    0.0    0.0    89488.57837325166
0.16140768111777926    -0.033363024803819495    0.0    0.0    89953.21224322349
0.0018855985550989577    -0.043586723933593835    0.0    0.0    88914.00997446966
-0.034277386461278106    -0.00903654609789228    0.0    0.0    88932.29767133568
-0.06525568098940383    0.006697567542785617    0.0    0.0    88554.7335222423
0.011442584965457123    0.0005688065619048598    0.0    0.0    90726.20953796024
-0.23627298197627555    -0.01977941458298518    0.0    0.0    89505.16666917241
-0.09528820893292107    -0.021247503539780208    0.0    0.0    89368.88450138236
-0.11424680379014235    0.019017578196618395    0.0    0.0    89642.84729020458
-0.061163611644357366    -0.02938918933379107    0.0    0.0    89272.56027044581
0.027975507928635235    -0.018044269729249867    0.0    0.0    89563.61844751888
0.013367447148920693    -0.011240674229085106    0.0    0.0    89778.45807588997
0.020823128978843808    0.015614269528354112    0.0    0.0    88671.20173653105
0.16915188612213405    -0.011001667669908911    0.0    0.0    89579.64222961156
-0.10126519788675797    -0.030431084258990798    0.0    0.0    88084.84356604691
-0.014309103749318378    0.01588247995878529    0.0    0.0    89154.17504067057
0.0269661269736486    -0.022906989859822594    0.0    0.0    89417.00281517538
0.1506132294308768    -0.020838221621645323    0.0    0.0    89828.56068465517
0.08154698409866058    -0.021003989855099194    0.0    0.0    89811.88219600986
-0.0508298748955477    0.01760672582865701    0.0    0.0    88908.809095432
