3.646502727939783e-10  2.0070400899330438e-10  1.0618185496588e-10  5.399571851184064e-11  2.6392655994372038e-11  1.2399998299437984e-11  5.599830865784211e-12  2.4307648654094333e-12  1.0142049986108749e-12  4.067460077036832e-13  1.5679622668800488e-13  5.809819920131147e-14  2.0692096323113668e-14  7.083714798132453e-15  2.3309470033795968e-15  7.372562916113439e-16  2.241399812847619e-16  6.54990394685472e-17  1.8397774311492575e-17  4.967185725097956e-18  
3.897461691782291e-10  2.0846004151290062e-10  1.0758474249245912e-10  5.3575403372075055e-11  2.574347170501899e-11  1.1935913957674869e-11  5.339875659613503e-12  2.305119844827283e-12  9.601581546958433e-13  3.859036977256677e-13  1.4965871270229643e-13  5.600308749354348e-14  2.022128899879707e-14  7.04518824132944e-15  2.3684447989099522e-15  7.682823086580081e-16  2.4047243355957726e-16  7.262675902583248e-17  2.1164837090541226e-17  5.95141308984319e-18  
8.601760582380011e-10  3.271614834163515e-10  1.3026513444094946e-10  5.4298198443900094e-11  2.3693752839866996e-11  1.0823643821311642e-11  5.176119995437042e-12  2.591351847096661e-12  1.3581246695437486e-12  7.451506706385207e-13  4.279960494709223e-13  2.573514556760216e-13  1.6199615362119562e-13  1.0675149892689781e-13  7.364350762661898e-14  5.3184631518028983e-14  4.020953480311168e-14  3.1824614210944214e-14  2.6368683762156284e-14  2.287204311024054e-14  
3.8596178270715364e-10  2.464224461971182e-10  1.4733378899907082e-10  8.249176269544839e-11  4.325187531547301e-11  2.12366218356498e-11  9.764546037922981e-12  4.204407612991857e-12  1.6952888390384044e-12  6.401308009544665e-13  2.2634967682830556e-13  7.495095410144002e-14  2.3241309018544373e-14  6.748855619764595e-15  1.8352102322223715e-15  4.67334280709905e-16  1.1144371713068107e-16  2.4886835194549852e-17  5.204390638462991e-18  1.019192536742444e-18  
1.504680737412658e-10  8.167832785848598e-11  4.364258845811658e-11  2.2953839959322045e-11  1.1883418267482693e-11  6.055759281587415e-12  3.037644939670525e-12  1.4998457636423991e-12  7.289493919842559e-13  3.4873002514884367e-13  1.6421865467195801e-13  7.611965732878077e-14  3.473060469664429e-14  1.559800484987965e-14  6.895518737666745e-15  3.000585599246698e-15  1.2852460685220027e-15  5.418857534707582e-16  2.2489011589694266e-16  9.187009998089222e-17  
3.8672817481142475e-10  2.1323632397735004e-10  1.1348277979650979e-10  5.829242849696385e-11  2.890065839765758e-11  1.3829826430274481e-11  6.387620812562675e-12  2.8475734155239164e-12  1.2252483804163768e-12  5.088464503426374e-13  2.0396834228076683e-13  7.891366031051775e-14  2.946829539693531e-14  1.0621142755950248e-14  3.694884629628663e-15  1.2406346984113966e-15  4.02068795957331e-16  1.257680189426548e-16  3.7971125974420476e-17  1.1064967331130024e-17  
3.899601649872005e-10  2.0344932997761256e-10  1.0207773807343884e-10  4.9254347230760986e-11  2.2855822418151863e-11  1.0199711644960663e-11  4.377414686175395e-12  1.8067008249495263e-12  7.171228332769926e-13  2.7374085171881516e-13  1.0049036722723225e-13  3.5477091495560493e-14  1.2045098016002249e-14  3.932886601211134e-15  1.23495537868776e-15  3.72932182873378e-16  1.083046781488118e-16  3.024846387943582e-17  8.124528915919784e-18  2.0986103406166653e-18  
3.4048484366715087e-10  1.9471546565056454e-10  1.0572343841456071e-10  5.450172890611412e-11  2.667579970005914e-11  1.2396320177829586e-11  5.46935723380108e-12  2.291120675860772e-12  9.11229575724618e-13  3.4409298460801876e-13  1.2336500989349394e-13  4.199294624706966e-14  1.3571531613360509e-14  4.164372288288689e-15  1.2132167606017684e-15  3.355795007637032e-16  8.812935959792405e-17  2.1974245562498165e-17  5.202061726498846e-18  1.1692441274018672e-18  
4.48496185504078e-10  2.666075680391032e-10  1.4452731079635157e-10  7.144816829969221e-11  3.221039166983676e-11  1.3242337157499834e-11  4.964745665356947e-12  1.697434787604461e-12  5.292403165540658e-13  1.5047919924940894e-13  3.901788743127881e-14  9.226027828926995e-15  1.9894338264700125e-15  3.9120821381915103e-16  7.015363199630428e-17  1.1472447653166071e-17  1.7109043802358721e-18  2.3268003503710015e-19  2.885733570743651e-20  3.263751406298499e-21  
2.9242004019842164e-10  1.8830725743909914e-10  1.1142402752114624e-10  6.058184770783229e-11  3.0266210331741915e-11  1.3893940834277093e-11  5.860635519159512e-12  2.271516254922334e-12  8.089819904482148e-13  2.6473644115065006e-13  7.960502216802438e-14  2.1994752395409065e-14  5.584053304729436e-15  1.3026624718365063e-15  2.7923259775130715e-16  5.499867159127628e-17  9.953828448678707e-18  1.6553124121152584e-18  2.5294241456295735e-19  3.5515277858464585e-20  
6.754705040193754e-10  3.143796951166431e-10  1.4424425964589984e-10  6.524369380481964e-11  2.909206131033542e-11  1.2788111046223669e-11  5.5415882642120165e-12  2.3673259695818057e-12  9.969602003149352e-13  4.138981939797472e-13  1.693967964813857e-13  6.834595337489823e-14  2.718418833282245e-14  1.0658985860261167e-14  4.120134116848324e-15  1.5700112766584183e-15  5.897801365294286e-16  2.1841047479526288e-16  7.973568611613871e-17  2.869643583562925e-17  
3.6781246332749934e-10  2.0876057778445694e-10  1.1312187868602546e-10  5.852222075522263e-11  2.8904872426624928e-11  1.363004801723905e-11  6.136203932724106e-12  2.637413674034656e-12  1.0822629529966067e-12  4.2399760276703137e-13  1.5858791156017438e-13  5.663081720433171e-14  1.9306860002984e-14  6.2841499026704324e-15  1.9527987791838638e-15  5.793546854357253e-16  1.6409963772286155e-16  4.4375860838336214e-17  1.1456765648831404e-17  2.823926170387099e-18  
4.193564459222659e-10  2.237520054622678e-10  1.1525734324000566e-10  5.731764351647409e-11  2.7518585329902417e-11  1.2755043245274391e-11  5.70763012145778e-12  2.4657427311391345e-12  1.0283897900078005e-12  4.1408147860897274e-13  1.609651686943351e-13  6.040822392776351e-14  2.188659893505812e-14  7.6555878879367e-15  2.585216196200762e-15  8.428169165859146e-16  2.65269717130795e-16  8.060466160336733e-17  2.3645619583577328e-17  6.696676071279225e-18  
3.820742461095551e-10  1.913816467781744e-10  9.376112112033202e-11  4.49278129627393e-11  2.1056090892248886e-11  9.651841850953039e-12  4.327256409173004e-12  1.8975142432539706e-12  8.138182808928583e-13  3.413813724141208e-13  1.400625989925333e-13  5.620494455132012e-14  2.2059560145679783e-14  8.468161959123768e-15  3.179445936516154e-15  1.167572118909256e-15  4.1935900078981755e-16  1.473188106410903e-16  5.0617468492312e-17  1.7010325357588807e-17  
3.01534396698586e-10  2.0388178484090317e-10  1.2296122021079642e-10  6.614637861080427e-11  3.1738920480356333e-11  1.3583960212109097e-11  5.185717105619692e-12  1.7657914607604078e-12  5.363128146361529e-13  1.4529313901584972e-13  3.5109141491882345e-14  7.567344126438408e-15  1.4548389803354171e-15  2.4947931583235405e-16  3.815946969583842e-17  5.206169309716554e-18  6.335522176707719e-19  6.876931745915037e-20  6.6581746545252156e-21  5.749946756232731e-22  
8.820824928266642e-19  1.6614485068927399e-15  4.2446715147893883e-13  1.4708920670157573e-11  6.913485276888844e-11  4.407504827837506e-11  3.811255541600813e-12  4.470157845724608e-14  7.111433716662127e-17  1.5345144837920056e-20  4.49122006140604e-25  1.782941920514874e-30  9.600405454705687e-37  7.011670056393611e-44  6.945969723166428e-52  9.333054847327562e-61  1.700960654556151e-70  4.204789272893375e-81  1.4098526371776917e-92  6.411840704541382e-105  
7.947981609235748e-11  5.738442751437087e-10  9.620076024641592e-11  3.7446411544091743e-13  3.384458232234209e-17  7.102567383638127e-23  3.460898140374645e-30  3.91570101252479e-39  1.0286733301365546e-49  6.274695977247141e-62  8.886999322080704e-76  2.922569562392018e-91  2.231628082413278e-108  3.95663537698988e-127  1.6288365000122907e-147  1.5569555238964534e-169  3.455589706111089e-193  1.7808009864954524e-218  2.130864600083211e-245  5.920298066921956e-274  
1.6407844416548556e-09  6.084110133327949e-10  2.157828634794739e-10  7.320001740249542e-11  2.3750883202500646e-11  7.370936859278718e-12  2.187962958720407e-12  6.212002001178727e-13  1.6869319198416964e-13  4.381651901733557e-14  1.0885604114363992e-14  2.586673101385019e-15  5.879019561301096e-16  1.2780345979649636e-16  2.657386129565975e-17  5.284952205854699e-18  1.0053141879637064e-18  1.8290977130940496e-19  3.183071169731136e-20  5.298221841664996e-21  
3.6833143891176745e-10  2.1084388666865848e-10  1.141028716312797e-10  5.837749737352442e-11  2.8236294890568442e-11  1.2911695700939934e-11  5.581773286307715e-12  2.281258189868685e-12  8.814344620733727e-13  3.2197262570277696e-13  1.1118884260512808e-13  3.630085107632155e-14  1.1204326148350629e-14  3.2693996720376824e-15  9.019108770728024e-16  2.352190934255873e-16  5.799557470580668e-17  1.3518561416845369e-17  2.9790612869170127e-18  6.206428187276654e-19  
3.524376439725246e-10  2.001019546951523e-10  1.0759919663100947e-10  5.479682333903037e-11  2.6429587938503326e-11  1.2072968230368566e-11  5.223076411724672e-12  2.140066935394823e-12  8.304566951317444e-13  3.052075553874237e-13  1.0623367999407935e-13  3.502013593608518e-14  1.0933572400038905e-14  3.2329203032246575e-15  9.053501298705919e-16  2.4011914803253204e-16  6.031504765446459e-17  1.4348721715578764e-17  3.2328786734948207e-18  6.898493442376005e-19  
3.750067447556063e-10  2.025969342660679e-10  1.0586499490384959e-10  5.3505399855928646e-11  2.6155833753601826e-11  1.2367025150684434e-11  5.655716620499866e-12  2.501703057666276e-12  1.0703100392888127e-12  4.429035487219176e-13  1.7726967250744208e-13  6.86254880428715e-14  2.5695801638338137e-14  9.30603362356818e-15  3.2598137327919193e-15  1.1044515625883108e-15  3.619314179642706e-16  1.1471801295633186e-16  3.516921453086997e-17  1.0428442315281724e-17  
4.520137924725625e-10  2.3215243809845442e-10  1.1561173461956307e-10  5.582615173032979e-11  2.6138494623924435e-11  1.1866716261226404e-11  5.223813346998612e-12  2.2297278025024087e-12  9.228330792508844e-13  3.703408031085201e-13  1.4410766474971717e-13  5.437255022044357e-14  1.989204493629786e-14  7.056449961617926e-15  2.42717006309893e-15  8.095082021689571e-16  2.6178780166941354e-16  8.208894324525078e-17  2.4958991299133917e-17  7.35828323058051e-18  
3.922746467162559e-10  2.150073565054536e-10  1.1343467261361442e-10  5.7606003568666284e-11  2.8159121045651348e-11  1.324951145797993e-11  6.0008125139855174e-12  2.6160718874704994e-12  1.0977885892658417e-12  4.434219356004626e-13  1.7240309464320958e-13  6.452118924200412e-14  2.324283465631081e-14  8.059447017098345e-15  2.689990951085725e-15  8.642229920858938e-16  2.672577058597745e-16  7.955437691992538e-17  2.2794356897135823e-17  6.286660848414459e-18  
3.974758690579883e-10  2.191275873777177e-10  1.1525167113652438e-10  5.783107831386564e-11  2.7684662517892096e-11  1.2643900278498098e-11  5.5091776227389196e-12  2.290110153824393e-12  9.082174762635226e-13  3.436269531480241e-13  1.2403620577991249e-13  4.271433102883027e-14  1.4033391133728246e-14  4.398610791494737e-15  1.3153227310797415e-15  3.7524334644687e-16  1.0213099426479176e-16  2.6519541060467388e-17  6.569591001667285e-18  1.5526534988896783e-18  
3.486414386329282e-10  1.875460960359981e-10  9.797385025504809e-11  4.9703325495133526e-11  2.448690195789524e-11  1.1715352534931936e-11  5.443146273036408e-12  2.4559401138305525e-12  1.0761149481091812e-12  4.579021467803723e-13  1.8921685474323597e-13  7.593116839940218e-14  2.959057948663439e-14  1.1198503287330503e-14  4.115661208100615e-15  1.4689004945485428e-15  5.091177758465107e-16  1.713630835496622e-16  5.601307304889393e-17  1.7780118690472898e-17  
3.931076837462154e-10  2.0771517557385556e-10  1.0603746675222129e-10  5.229797619728167e-11  2.491981677045678e-11  1.1472002390973502e-11  5.102324027322976e-12  2.1924579083293195e-12  9.101834109730254e-13  3.650572598590605e-13  1.414579910102487e-13  5.295761337607927e-14  1.915418800389554e-14  6.6931954852403525e-15  2.259631891109844e-15  7.370149611318449e-16  2.322465839983624e-16  7.070608455171436e-17  2.0796902896409076e-17  5.909829645802027e-18  
3.786787142345387e-10  2.0513972673938843e-10  1.0761870329787913e-10  5.467450257762633e-11  2.6899303166608235e-11  1.2816112828296725e-11  5.9133109657753696e-12  2.642191051337266e-12  1.1432910930421023e-12  4.7908053539268e-13  1.944103292539737e-13  7.639927701657919e-14  2.907490237466596e-14  1.0715350587741034e-14  3.82431457106046e-15  1.3217823088570985e-15  4.424104379638628e-16  1.434002466654682e-16  4.5012541549144056e-17  1.3682840850160277e-17  
3.693680994559248e-10  2.0338462647703312e-10  1.0738500563670234e-10  5.4367072853732624e-11  2.639338193848344e-11  1.228629443074228e-11  5.484203725178619e-12  2.3473239229077686e-12  9.633836137893023e-13  3.791335959223274e-13  1.4307115050692075e-13  5.177005826829515e-14  1.7962716793810184e-14  5.976297057051645e-15  1.906597918829133e-15  5.83247435101183e-16  1.7108555590476713e-16  4.812166413561156e-17  1.2978805216381374e-17  3.356568977684183e-18  
3.406127786776604e-10  1.8598950738364058e-10  9.83213955206034e-11  5.0319892773309515e-11  2.493236424151137e-11  1.1959672904767212e-11  5.55401724542892e-12  2.4970499444277743e-12  1.0868742932659075e-12  4.57997901370047e-13  1.8684425205092278e-13  7.379519405637466e-14  2.821684803455749e-14  1.0445302031084726e-14  3.743394418487985e-15  1.2987999331979557e-15  4.362656402022947e-16  1.418704169039099e-16  4.466473515869483e-17  1.3613499018812487e-17  
3.86614279127165e-10  2.0859652550371263e-10  1.0866571146353306e-10  5.4655549194535236e-11  2.654191626153823e-11  1.2444761102956902e-11  5.633744287823805e-12  2.4624304601868026e-12  1.0391711856404889e-12  4.2341524884743187e-13  1.6657206529684716e-13  6.3269459403399e-14  2.3202904589354896e-14  8.215743313081593e-15  2.80871482853317e-15  9.270960047368695e-16  2.9545956168911504e-16  9.09133510813903e-17  2.7009314416695176e-17  7.747395591599138e-18  
3.1488917095437717e-10  1.8695806204331611e-10  1.0396790474943023e-10  5.4153060729230974e-11  2.64189374220606e-11  1.2071918823337603e-11  5.166612479919583e-12  2.071114422406828e-12  7.776262621214548e-13  2.73467907504358e-13  9.007627910095133e-14  2.7789653406771992e-14  8.030164549431807e-15  2.173373568599221e-15  5.509509541807608e-16  1.30815775466052e-16  2.909215699164426e-17  6.059828691405745e-18  1.1822610819528567e-18  2.1604044448986773e-19  
4.134781810802351e-10  2.1602037375470428e-10  1.0971074718993752e-10  5.416465436935444e-11  2.5995317324704116e-11  1.2127928108947353e-11  5.500351554318368e-12  2.4249714298689223e-12  1.0392861696674858e-12  4.3298815249608883e-13  1.7535946921238888e-13  6.903904494482792e-14  2.6422424841714793e-14  9.830212615787709e-15  3.5552119320203454e-15  1.249914833550691e-15  4.2717683443374317e-16  1.4192121081498384e-16  4.5835214279395723e-17  1.4390091915409816e-17  
3.499169488953293e-10  2.0575195513020755e-10  1.1352771556742965e-10  5.8781242737682e-11  2.8559760724047427e-11  1.3021148802334362e-11  5.57086937994927e-12  2.236534417495673e-12  8.425722126035211e-13  2.9786372420495683e-13  9.881139587657493e-14  3.075922508526667e-14  8.985095183127767e-15  2.462912089608327e-15  6.33510876230882e-16  1.5291080564490994e-16  3.4633885276759324e-17  7.361107971767868e-18  1.468128597278247e-18  2.747666032765203e-19  
3.668695865003644e-10  2.1073821597900558e-10  1.1436874723493296e-10  5.864134255796307e-11  2.840749384035978e-11  1.3001528537420973e-11  5.621968161959075e-12  2.296755821834449e-12  8.864898059334368e-13  3.2326980531044347e-13  1.1137533243539141e-13  3.625311768683446e-14  1.1148955557269926e-14  3.2393321658961576e-15  8.892200746614699e-16  2.306192256340064e-16  5.650855947778877e-17  1.3081737763858075e-17  2.861205937146523e-18  5.912419925454447e-19  
4.086370508744861e-10  2.1214412421021193e-10  1.0750797788340677e-10  5.318226118237398e-11  2.5680845809698437e-11  1.210509682469848e-11  5.569851691167334e-12  2.50170107173698e-12  1.0968408518497965e-12  4.694271885076537e-13  1.9611430872634929e-13  7.997730079067836e-14  3.18376221001205e-14  1.2371743970486273e-14  4.692860489938444e-15  1.7376439113430923e-15  6.280588530380986e-16  2.2159314435321092e-16  7.631830528010554e-17  2.565768891224327e-17  
3.4617917553528825e-10  1.9412173073338725e-10  1.0393727218904732e-10  5.3136435680826617e-11  2.593805866678243e-11  1.2089447727063593e-11  5.380212137267971e-12  2.2862108552152254e-12  9.275922461613789e-13  3.593535018613546e-13  1.3292620243971375e-13  4.694866617637352e-14  1.5832877938944573e-14  5.09824161327838e-15  1.5674904654919471e-15  4.601647493573488e-16  1.2898693708998472e-16  3.45224856790426e-17  8.822310336967036e-18  2.152715052932355e-18  
3.552856666005978e-10  1.972203025310939e-10  1.0540189200078993e-10  5.42335514703258e-11  2.6866465527744018e-11  1.2813739147294385e-11  5.883883619793607e-12  2.60120824350511e-12  1.1071565192367206e-12  4.536968603866043e-13  1.789968459808715e-13  6.799043745982937e-14  2.4864122955997285e-14  8.754297602117803e-15  2.9675108824735083e-15  9.684700318112508e-16  3.043006675575621e-16  9.20539600327126e-17  2.6810499123877425e-17  7.517789734596386e-18  
3.446079760171544e-10  2.0348824095256023e-10  1.1306224666508543e-10  5.910989742049397e-11  2.9078172011982745e-11  1.3459790430186772e-11  5.8623777001120545e-12  2.4025564158027962e-12  9.264835104490197e-13  3.36175527465839e-13  1.1477803802986625e-13  3.68736220330927e-14  1.1146463638813616e-14  3.1704631413978628e-15  8.48540576245317e-16  2.136912904276662e-16  5.063669240354871e-17  1.1290369072731262e-17  2.3687283016503843e-18  4.676130903089549e-19  
4.4670563218672254e-10  2.2425789540286236e-10  1.0974892701325895e-10  5.235751800539391e-11  2.4349163477731206e-11  1.1038632302321412e-11  4.878347304753734e-12  2.101630639961896e-12  8.826048183236133e-13  3.6132867087255325e-13  1.4419984049541753e-13  5.6098773128887965e-14  2.1274931663528164e-14  7.865189868232646e-15  2.8345000916298255e-15  9.957950579789291e-16  3.4102772256612874e-16  1.138506802637494e-16  3.7051671246373853e-17  1.1754555232869283e-17  
3.3817065460162724e-10  1.979684619787781e-10  1.089436979178234e-10  5.6357825607686296e-11  2.7406423080842732e-11  1.2528425631668865e-11  5.383771928037225e-12  2.174817508258334e-12  8.258572776574231e-13  2.948038782798776e-13  9.892530491739963e-14  3.1205246333710205e-14  9.253240405950905e-15  2.579325125311571e-15  6.758718279987919e-16  1.664825091538885e-16  3.854951281345889e-17  8.391028334258127e-18  1.7169493909684266e-18  3.302522712997638e-19  
4.2868707685578094e-10  2.26807068203707e-10  1.1570992372892636e-10  5.6922302534502805e-11  2.7001764201238103e-11  1.2350929731437031e-11  5.447597234000835e-12  2.3169046427920263e-12  9.501871618297666e-13  3.7575778407095023e-13  1.432862917017467e-13  5.2686473368653045e-14  1.868062684376434e-14  6.3867746122118415e-15  2.1055694203469987e-15  6.693532374697505e-16  2.051818783466423e-16  6.064855578852911e-17  1.7286208825336322e-17  4.750910795989877e-18  
3.787260345401155e-10  2.1346556177718812e-10  1.1410854612610062e-10  5.784904777712095e-11  2.7813903825144417e-11  1.2682806714980396e-11  5.484745625903478e-12  2.2494963786250172e-12  8.749873967796214e-13  3.2277953234486426e-13  1.1292702052575244e-13  3.746946075437224e-14  1.1790838948394122e-14  3.5188411583391622e-15  9.959609484547553e-16  2.673453584481782e-16  6.805980149395314e-17  1.6432225987858393e-17  3.762615249187762e-18  8.170919179994291e-19  
3.743126994912548e-10  2.0725119302747772e-10  1.1032174654832999e-10  5.645817432812766e-11  2.7777563189457256e-11  1.3139022919767553e-11  5.974940824265889e-12  2.6121959918405073e-12  1.0979423099809689e-12  4.4366472073686395e-13  1.7235817334347353e-13  6.437399794243846e-14  2.3114829427844474e-14  7.979441889869577e-15  2.6482315291791336e-15  8.44969435021677e-16  2.591956206260151e-16  7.643916449759173e-17  2.167234051226273e-17  5.907412695663545e-18  
3.800096054225167e-10  2.071970140056076e-10  1.0900209362713926e-10  5.5328464308559006e-11  2.7097225278367285e-11  1.2804524546076348e-11  5.838005789383105e-12  2.5681951111857695e-12  1.0900688711321992e-12  4.4641860896281403e-13  1.7639776216842228e-13  6.725216686743216e-14  2.4738987535767546e-14  8.780515036242241e-15  3.006910415189667e-15  9.935355630543771e-16  3.1674427502883766e-16  9.7430865435494e-17  2.891656991787241e-17  8.280554509897587e-18  
3.5960408508882785e-10  1.9908901755655984e-10  1.0641004067948274e-10  5.490735632480494e-11  2.735212530309943e-11  1.3154193913205792e-11  6.1073107902396386e-12  2.7374640294895537e-12  1.1845664831756581e-12  4.948608289131253e-13  1.9958106470105872e-13  7.770844363201524e-14  2.920987547345769e-14  1.05999500570975e-14  3.71356090859576e-15  1.2560007617029197e-15  4.1011142956291545e-16  1.2927854693795058e-16  3.93426555046371e-17  1.1558819899710409e-17  
3.4903933039079546e-10  2.0285116076876328e-10  1.1075666133171127e-10  5.6813486635843815e-11  2.7379294789996983e-11  1.2396020938390072e-11  5.272681918513954e-12  2.107026862984773e-12  7.910388268196273e-13  2.7900677999153305e-13  9.245298582229908e-14  2.878169418218884e-14  8.417846369240846e-15  2.3129959089778495e-15  5.970874763672531e-16  1.4480724395901105e-16  3.299376235106727e-17  7.06256770459909e-18  1.4203083316263453e-18  2.683439902380632e-19  
3.094741629948692e-10  1.9282927046180103e-10  1.1190701956830141e-10  6.048915397617949e-11  3.045323973406548e-11  1.4279904477735036e-11  6.236672130486782e-12  2.5369758560318705e-12  9.61203990121175e-13  3.3919590908320095e-13  1.1148628822407215e-13  3.412935786211807e-14  9.73129387114722e-15  2.5843353516500944e-15  6.3923855186249e-16  1.4726951598913493e-16  3.1600835848313224e-17  6.315679608803859e-18  1.1756483014273175e-18  2.0383115295920215e-19  
3.6553453022842163e-10  2.042781743424518e-10  1.0885731999840697e-10  5.5314045095035527e-11  2.6801266178496885e-11  1.238275601249701e-11  5.455335074157182e-12  2.291752199598851e-12  9.180281410771539e-13  3.5066017299606837e-13  1.2772002722820195e-13  4.4358175350064676e-14  1.469029291684403e-14  4.6390531552880704e-15  1.396916198085457e-15  4.0110074531448385e-16  1.0981930625021296e-16  2.867121080808767e-17  7.137653862524615e-18  1.6943652805283387e-18  
3.638251148184825e-10  1.9872358271278962e-10  1.0430970915639095e-10  5.2616099920927245e-11  2.5505342842093093e-11  1.1881253734358422e-11  5.318779285603765e-12  2.2881277049148476e-12  9.45947739043986e-13  3.7581371075347833e-13  1.4348175831151674e-13  5.2642845106508133e-14  1.8560967426471876e-14  6.288983527825764e-15  2.0477592615196854e-15  6.40760797684852e-16  1.9267774764029272e-16  5.567827623460801e-17  1.546174814193075e-17  4.126197400100016e-18  
3.3444045957531577e-10  1.8875458021144657e-10  1.0222263502076811e-10  5.3121157579517466e-11  2.648859203768159e-11  1.2674216009710521e-11  5.819078559457562e-12  2.5636469807773208e-12  1.0837599777253733e-12  4.396214574132102e-13  1.7111793875321776e-13  6.391209951736021e-14  2.2905591662498104e-14  7.87718109423348e-15  2.5993875301375433e-15  8.230801313159121e-16  2.500829541525241e-16  7.291165382796448e-17  2.0397676201156785e-17  5.475645494445945e-18  
3.7780926245234135e-10  2.102559135862704e-10  1.1179001553813228e-10  5.6785439593749406e-11  2.7558155498158297e-11  1.2777399658210877e-11  5.659968190538631e-12  2.395326285555602e-12  9.684886797247693e-13  3.7411368580642274e-13  1.3806761454831917e-13  4.86809702640987e-14  1.6398563592429584e-14  5.277540437628084e-15  1.6226935485983962e-15  4.766730822266441e-16  1.3377776160603613e-16  3.586958900673543e-17  9.188572676604521e-18  2.2487899278424055e-18  
3.6832333447102585e-10  2.0894779855843464e-10  1.1250093091215796e-10  5.748892430826101e-11  2.7881876488306114e-11  1.283422254410339e-11  5.6069525702985735e-12  2.3248447105844003e-12  9.148939721000546e-13  3.417097205610771e-13  1.2113053920928181e-13  4.075301250742463e-14  1.3012943232037077e-14  3.943674867530903e-15  1.1343221702254812e-15  3.0965741797812776e-16  8.022991019363957e-17  1.9728809261873452e-17  4.604422761978052e-18  1.019903918639287e-18  
4.1977292207146635e-10  2.2181614017502228e-10  1.1329921106314216e-10  5.593912207717702e-11  2.6696813346960382e-11  1.2315675080021713e-11  5.491766183688504e-12  2.3671232604262533e-12  9.862447992021976e-13  3.971948397173769e-13  1.5462420782346078e-13  5.81843780306724e-14  2.1163637948449782e-14  7.440965123610658e-15  2.528850951494954e-15  8.307535691249074e-16  2.638008660489565e-16  8.097206903394813e-17  2.402421882231531e-17  6.889985877006098e-18  
4.1345707396648997e-10  2.1584162184914539e-10  1.0942897199876603e-10  5.387928179172745e-11  2.576342699397621e-11  1.1964038991257404e-11  5.395657360353827e-12  2.363215143814279e-12  1.0052047078356455e-12  4.1523898588968026e-13  1.6658430619797963e-13  6.490264586821741e-14  2.4557439021640362e-14  9.023937975468086e-15  3.220338200224728e-15  1.1160900097896386e-15  3.756551201570454e-16  1.227924767798382e-16  3.898042420144833e-17  1.2017488562482054e-17  
3.383745102403019e-10  2.0254886184146242e-10  1.140453972018707e-10  6.0400635093387e-11  3.008992021011268e-11  1.4099910473355149e-11  6.214804366014063e-12  2.5766436349582274e-12  1.0048402902067498e-12  3.686001531626845e-13  1.2718320660523982e-13  4.1278111282190434e-14  1.2601598912610108e-14  3.618655800077892e-15  9.774277996577278e-16  2.48334973312757e-16  5.934810730494726e-17  1.3341100274564505e-17  2.820929364397052e-18  5.610590381411382e-19  
3.5499278667531353e-10  1.9607052316085788e-10  1.046441282549744e-10  5.3966866078095526e-11  2.6893622887248986e-11  1.2950340885067281e-11  6.025913141582113e-12  2.709407396736873e-12  1.1771601032177755e-12  4.942043164484843e-13  2.0048750523265336e-13  7.85919142205605e-14  2.976995645567615e-14  1.0896532276794608e-14  3.853968826109153e-15  1.317157966103477e-15  4.349880295726039e-16  1.3881184490540828e-16  4.2804115225020927e-17  1.2754231636952504e-17  
4.0595745841036475e-10  2.1567638058673126e-10  1.1010276053220195e-10  5.400915571330205e-11  2.545717031037547e-11  1.1529923532638042e-11  5.017833947065564e-12  2.0983585695258055e-12  8.431729777350795e-13  3.255571334229313e-13  1.2078452930059158e-13  4.305949834451363e-14  1.4750277124652728e-14  4.8551757243859666e-15  1.5356183232395147e-15  4.666971806959714e-16  1.3628894458704306e-16  3.8243676752387544e-17  1.0311746035057993e-17  2.6716424615203624e-18  
3.7496847728790504e-10  2.1060181428917208e-10  1.1227883396236557e-10  5.682011596624939e-11  2.7294476823320134e-11  1.2445600872973172e-11  5.386732390142217e-12  2.2131118747577527e-12  8.630774560404882e-13  3.194954028799029e-13  1.1226590738891212e-13  3.744549747049904e-14  1.1855496724311113e-14  3.5629386272364464e-15  1.0164016577445613e-15  2.7522686566691495e-16  7.07432031955959e-17  1.7260248854731778e-17  3.997401968760182e-18  8.787736528069888e-19  
3.761063531548507e-10  2.0103020104153205e-10  1.0421665919617941e-10  5.240083290781927e-11  2.5554326293860218e-11  1.2086926587142754e-11  5.5448849002733276e-12  2.4671433799501455e-12  1.064685762138151e-12  4.4562926722293596e-13  1.8090524901054577e-13  7.122850568026027e-14  2.7200801496429295e-14  1.0074761449627269e-14  3.619203848574121e-15  1.2610041655005163e-15  4.2613303193412037e-16  1.3966869706295752e-16  4.439950887046851e-17  1.3689338209663878e-17  
3.4073325685549256e-10  2.0008200952485994e-10  1.1093174000349349e-10  5.807080921884485e-11  2.8702134763384252e-11  1.3394447021260317e-11  5.901870104379283e-12  2.4553237974009442e-12  9.64455441575986e-13  3.576924973128242e-13  1.2525404562775983e-13  4.141216750251708e-14  1.2927615603303495e-14  3.810335057508004e-15  1.0603815712845257e-15  2.786220251673106e-16  6.912306485459025e-17  1.6191414692936736e-17  3.5809715800940605e-18  7.477754811280412e-19  
3.7691323070554113e-10  2.0848536449663627e-10  1.1083598648657593e-10  5.663136582488374e-11  2.7810212549007403e-11  1.312570403777859e-11  5.954042549411969e-12  2.5958063326746733e-12  1.087686325172632e-12  4.3803223989668886e-13  1.6954286262760482e-13  6.307016600204864e-14  2.254963225210945e-14  7.748648853832394e-15  2.5590780061173873e-15  8.122918492079795e-16  2.4780592934587054e-16  7.265781261423912e-17  2.0475002893039717e-17  5.545448183556723e-18  
3.378110370366251e-10  1.9607716664359973e-10  1.0746580437753038e-10  5.56164991332737e-11  2.7178600229414633e-11  1.254124368305589e-11  5.4644217416491735e-12  2.2482152946667195e-12  8.734170562419192e-13  3.204022244219033e-13  1.1098376654260999e-13  3.630057298101194e-14  1.1211341560877761e-14  3.269578514284282e-15  9.00359685927503e-16  2.3411562218182883e-16  5.748239189314829e-17  1.3326906513580076e-17  2.91752075642466e-18  6.030990453143192e-19  
3.568265827028209e-10  2.0657011755597004e-10  1.1349874353772088e-10  5.918721050948756e-11  2.9293951068892994e-11  1.376072426664792e-11  6.135047008892751e-12  2.596018351211506e-12  1.0425835847500435e-12  3.973994563343783e-13  1.4376624039862704e-13  4.936280431235302e-14  1.6086293700224168e-14  4.975370474029228e-15  1.4605220452606063e-15  4.0691534719252146e-16  1.0760025103962994e-16  2.7004476363398188e-17  6.432377105410376e-18  1.4541877967922645e-18  
4.25680079064856e-10  2.165898670735111e-10  1.0760032571359274e-10  5.21926899209541e-11  2.4718745009652024e-11  1.1430462358358426e-11  5.1608569478585644e-12  2.2750999848684374e-12  9.7926401767402e-13  4.1154729301456606e-13  1.688730491112489e-13  6.765837821339856e-14  2.6466923677010376e-14  1.0108948629253927e-14  3.769894157265887e-15  1.372691574072629e-15  4.880197763661677e-16  1.694035543677052e-16  5.741538192419584e-17  1.9000045495767613e-17  
4.3483924154027833e-10  2.2391730263254408e-10  1.1165282052568544e-10  5.3910686663203126e-11  2.5205954550036857e-11  1.1411810583543377e-11  5.00298361465432e-12  2.1238641139362838e-12  8.730668400408948e-13  3.4752926402823154e-13  1.3395483323314675e-13  4.999752609886636e-14  1.8070150258242406e-14  6.32409131639034e-15  2.1431749330565974e-15  7.032993728772803e-16  2.2348375489661534e-16  6.876616570272406e-17  2.048928387515244e-17  5.911556844542956e-18  
2.933883340172375e-10  1.8135606132825905e-10  1.0445389239462434e-10  5.6055792911047846e-11  2.8029780099292594e-11  1.3059369200700707e-11  5.669281582136258e-12  2.2931748758834325e-12  8.642704026891004e-13  3.0350470297820857e-13  9.930806694555273e-14  3.027658934391639e-14  8.600678052606501e-15  2.2764690525685184e-15  5.614280784393401e-16  1.2901191629197406e-16  2.762287270186193e-17  5.510755930209511e-18  1.0243699504898721e-18  1.7742131848820612e-19  
3.8480225439834224e-10  2.0366166114910685e-10  1.0414376186187256e-10  5.145286307422263e-11  2.4560552719206726e-11  1.1327107746614964e-11  5.047219968530332e-12  2.172889988682272e-12  9.038066880043074e-13  3.632165825027303e-13  1.4102889086015014e-13  5.290574304106659e-14  1.917563928612553e-14  6.71504906459554e-15  2.2719608024899726e-15  7.426852244497976e-16  2.34563826986104e-16  7.15763583954222e-17  2.1102332637759802e-17  6.0109571992781916e-18  
3.507013329825371e-10  2.017341213798931e-10  1.0952185152731832e-10  5.6117932801789073e-11  2.7138261545706677e-11  1.2386307403816294e-11  5.335574104468898e-12  2.169201667040484e-12  8.323350328987362e-13  3.014226549537911e-13  1.030227358394766e-13  3.323301457561837e-14  1.0117794838893269e-14  2.9072439215372035e-15  7.884180255316719e-16  2.017953201324106e-16  4.874668724110689e-17  1.1113698101492755e-17  2.3913963107020106e-18  4.856506631470246e-19  
4.35659165667007e-10  2.2964377674769228e-10  1.165569375627437e-10  5.696356979177283e-11  2.6805992372513056e-11  1.2146249663369458e-11  5.299417553110198e-12  2.226330819148109e-12  9.005894993125426e-13  3.5078392373118076e-13  1.3156128495474608e-13  4.751077926308676e-14  1.6520828504550125e-14  5.5315534661908564e-15  1.7833559215732377e-15  5.536108129479459e-16  1.654804609922329e-16  4.76282365913716e-17  1.3199512897722621e-17  3.522304757017872e-18  
3.8375376375680825e-10  2.1419139311605764e-10  1.1401383728365692e-10  5.78787694859403e-11  2.802123004932313e-11  1.2937825266733185e-11  5.696938705319471e-12  2.3923680387300183e-12  9.581215673078218e-13  3.6594803566711246e-13  1.3329823651951457e-13  4.630581870408882e-14  1.5340973150197718e-14  4.8470380847663105e-15  1.4605153776612623e-15  4.1970294383933175e-16  1.1502283733496066e-16  3.006300000527387e-17  7.493534946881457e-18  1.7813421188871923e-18  
4.045309974461804e-10  2.1840636574630526e-10  1.1281355142940999e-10  5.574934152537161e-11  2.635728696545001e-11  1.1921863904462167e-11  5.159054390140322e-12  2.1358883414894553e-12  8.459982717354395e-13  3.205847787882069e-13  1.1622480145102502e-13  4.031226677742099e-14  1.3376981234863212e-14  4.246797061841964e-15  1.2898743022676107e-15  3.7481396598090534e-16  1.0419973897188089e-16  2.7714049555310624e-17  7.052057411939409e-18  1.7167781662713688e-18  
3.9672100495798675e-10  2.1163940210391806e-10  1.0914658092591732e-10  5.441592610586911e-11  2.6226732893863173e-11  1.2219815276249996e-11  5.504113333686437e-12  2.396692815203449e-12  1.0088803408959052e-12  4.10552994534459e-13  1.6151061402079906e-13  6.142358938244836e-14  2.258247791121777e-14  8.026205516881735e-15  2.7577267837195905e-15  9.159978989848477e-16  2.9413045666807594e-16  9.13035778380103e-17  2.7399199492628552e-17  7.948592488817917e-18  
4.4578891310315553e-10  2.2528147901723992e-10  1.1103769203780428e-10  5.337821858847325e-11  2.5026864224427263e-11  1.1444518123471652e-11  5.1043129915797624e-12  2.220372270551472e-12  9.420262502792088e-13  3.8980636560892653e-13  1.5731986355155295e-13  6.192512718679997e-14  2.377381974398173e-14  8.901839011090222e-15  3.2509419769957206e-15  1.1579436160623643e-15  4.0226691907726165e-16  1.3629814272052757e-16  4.5041647623284963e-17  1.4517348796799604e-17  
4.089839407483211e-10  2.149135862715465e-10  1.0959474350136072e-10  5.423552081506808e-11  2.604630624489444e-11  1.2138826589900465e-11  5.490040006976326e-12  2.40958664986061e-12  1.0263082609160143e-12  4.2421042591751986e-13  1.7015828067282498e-13  6.623584428298592e-14  2.5020806336177174e-14  9.17228970874008e-15  3.2630404901603523e-15  1.1265109027650812e-15  3.7741275459367885e-16  1.2270605218310274e-16  3.871538940168567e-17  1.1854125394185202e-17  
3.535323192776827e-10  1.9653452680489353e-10  1.0464403115098907e-10  5.336492880016524e-11  2.606533290889384e-11  1.2193727542563579e-11  5.4635581098504096e-12  2.3446634590529007e-12  9.637210222380969e-13  3.7939186902819974e-13  1.4305089336586356e-13  5.166054679538011e-14  1.7868713754548856e-14  5.919614888988796e-15  1.8782763268642914e-15  5.708097527202531e-16  1.6614571827198893e-16  4.6318319202184267e-17  1.2367510792020766e-17  3.162843284267996e-18  
3.8306343820436474e-10  2.1290595087120732e-10  1.1282736003438276e-10  5.7009939562828684e-11  2.7466053564854805e-11  1.2616865483450613e-11  5.526067823809722e-12  2.307759125768951e-12  9.189127366438785e-13  3.488731875387314e-13  1.2629043041867917e-13  4.358959375829293e-14  1.4345137907170024e-14  4.501281378453795e-15  1.3467194238330917e-15  3.841736857231168e-16  1.0449310452150492e-16  2.70992442027812e-17  6.700948077142158e-18  1.5798827417425183e-18  
3.994451018497319e-10  2.183719049246133e-10  1.1481456042604359e-10  5.805741761044926e-11  2.8234428657360374e-11  1.3205682017065378e-11  5.9402292988057814e-12  2.5698402426716423e-12  1.069226180680591e-12  4.2785201822336786e-13  1.6465621501255352e-13  6.094291357825895e-14  2.1693460773188702e-14  7.426685116729381e-15  2.4452413024289276e-15  7.742994971494165e-16  2.3580704386332694e-16  6.906612858250289e-17  1.9455123591311122e-17  5.27064077554305e-18  
3.838917615365817e-10  2.005056174912719e-10  1.0187399377184148e-10  5.035228164526719e-11  2.4209956689290028e-11  1.1323688273175484e-11  5.1522963296273256e-12  2.280514280023067e-12  9.819373825284713e-13  4.1129537608269943e-13  1.6758799114762277e-13  6.642797267589019e-14  2.561404313779576e-14  9.607807873276978e-15  3.5058192254138546e-15  1.2444394257349826e-15  4.297115631250501e-16  1.4434420532345134e-16  4.7167265889003503e-17  1.4993433102468033e-17  
3.501001586128767e-10  1.9129369941112072e-10  1.0096950651385644e-10  5.148266385825717e-11  2.5357883154722463e-11  1.2065524098282855e-11  5.545753929262e-12  2.462386428697442e-12  1.0561680641011458e-12  4.376138545072463e-13  1.7515813149544817e-13  6.772527131900694e-14  2.529603261710244e-14  9.127151948717575e-15  3.1812614148758594e-15  1.0711360705007766e-15  3.4839437939993893e-16  1.0946589813520853e-16  3.322521182983143e-17  9.741770216723426e-18  
4.4567742993261113e-10  2.3004195042940697e-10  1.1498748229026303e-10  5.566102665568841e-11  2.6092096966459267e-11  1.1844694909737215e-11  5.2070997529983546e-12  2.216792482686462e-12  9.139265758274253e-13  3.6488389581770594e-13  1.4107667320293643e-13  5.2821757512634824e-14  1.9152594254240087e-14  6.725111560659509e-15  2.2868016750267906e-15  7.530340842562943e-16  2.4013634155601774e-16  7.415804457507899e-17  2.2177662654575192e-17  6.422888758497138e-18  
3.9418554747149725e-10  2.0735027019915911e-10  1.0615727997896551e-10  5.2897631520981345e-11  2.565452275283117e-11  1.2109687082654938e-11  5.563436945165539e-12  2.4876809905875994e-12  1.0826484863223912e-12  4.585867755567376e-13  1.8905877885422328e-13  7.58601047984936e-14  2.9625882523580474e-14  1.126083052928348e-14  4.1659189560106395e-15  1.5000042148692222e-15  5.256726840350965e-16  1.792997189287668e-16  5.952303616002053e-17  1.923232594487141e-17  
4.2402408467122435e-10  2.1621175229835864e-10  1.0791881715077193e-10  5.272834805990797e-11  2.5218558761819873e-11  1.1806616845072656e-11  5.410778862307366e-12  2.4272986189679364e-12  1.0658982315151252e-12  4.581813244614134e-13  1.9279161161133666e-13  7.940868295661999e-14  3.2016729080549414e-14  1.263615771985205e-14  4.8818251860092016e-15  1.8461990286074776e-15  6.834455520412043e-16  2.4766146266164894e-16  8.78500583684248e-17  3.0503858948839095e-17  
3.828400636244435e-10  2.1341071092167044e-10  1.1426232498293483e-10  5.875947574045781e-11  2.902289824910099e-11  1.3768659425295606e-11  6.2737982288711245e-12  2.745727594295686e-12  1.1541768543858902e-12  4.659885919076226e-13  1.8070335664938997e-13  6.730466492219794e-14  2.4077540631532523e-14  8.273077520203465e-15  2.7302981479188967e-15  8.654481752710252e-16  2.634875322834178e-16  7.704901391492903e-17  2.1640241902184937e-17  5.837745379449419e-18  
3.059528576125639e-10  1.8309319778196037e-10  1.0311744463329493e-10  5.4655555274286637e-11  2.7263318424432745e-11  1.279868520824748e-11  5.654500350183255e-12  2.351068861371265e-12  9.199806653304455e-13  3.387928896856707e-13  1.174173056509735e-13  3.829765391562714e-14  1.1755861649303088e-14  3.396088497679608e-15  9.233062338007897e-16  2.3624072840077654e-16  5.688608090948044e-17  1.2891382444846606e-17  2.7493827725544174e-18  5.518399756497173e-19  
3.7433287724267e-10  2.0919187181514902e-10  1.1052950332424955e-10  5.5215144111988615e-11  2.607863047254362e-11  1.1645494378380218e-11  4.916744703275337e-12  1.9626550049159606e-12  7.407247441295459e-13  2.6431165748190696e-13  8.917073833958253e-14  2.8442972810696333e-14  8.577765882571147e-15  2.445794534305468e-15  6.593444131541459e-16  1.6805493495218432e-16  4.049829957009719e-17  9.227177733429528e-18  1.9876850099602362e-18  4.0483012070265993e-19  
3.515666285414292e-10  1.9934362598030133e-10  1.0777375382109561e-10  5.5557105717692624e-11  2.7307513846574156e-11  1.2797957364952746e-11  5.718934233458925e-12  2.4367192391637754e-12  9.899467383199973e-13  3.834724009310147e-13  1.4163557268235608e-13  4.988000863108676e-14  1.674929932127148e-14  5.3626902697417375e-15  1.6371358986647675e-15  4.765436597697444e-16  1.3226246323202215e-16  3.5001484503270367e-17  8.83186188198637e-18  2.1248780967205077e-18  
3.982965475417818e-10  2.167141768522197e-10  1.1320458175895745e-10  5.67723128938536e-11  2.7334118448406542e-11  1.2634831592110485e-11  5.606989521559169e-12  2.3888337847272847e-12  9.77097769423768e-13  3.8369488737421876e-13  1.4465381907436658e-13  5.235639036942763e-14  1.819304490131636e-14  6.069277388827861e-15  1.9438577639166767e-15  5.977063660673468e-16  1.7644411615493254e-16  5.000603044971617e-17  1.3606094488311741e-17  3.5541887302981616e-18  
3.8384868540986247e-10  2.0110682778535405e-10  1.0217794747658335e-10  5.034439591832635e-11  2.40551846346524e-11  1.1146277625674163e-11  5.008580037798641e-12  2.1825438667421605e-12  9.223058116039495e-13  3.7796406393429923e-13  1.5020682819194552e-13  5.788851941242864e-14  2.163509513445184e-14  7.841312774317705e-15  2.756019882230837e-15  9.393761207749296e-16  3.104990578478566e-16  9.952785817312759e-17  3.0938028167855036e-17  9.326188812874486e-18  
4.0933991601609743e-10  2.2319574900054866e-10  1.16728707968331e-10  5.855437845160895e-11  2.817286468400574e-11  1.3001473658739017e-11  5.754983577363531e-12  2.4433491652743117e-12  9.94985877246526e-13  3.886317122455626e-13  1.4559601645303357e-13  5.231794615302025e-14  1.8031913587350432e-14  5.961051659754967e-15  1.8901396421096815e-15  5.748503935327519e-16  1.6768943923663562e-16  4.691876034407027e-17  1.259149457244421e-17  3.2411413637865784e-18  
3.690046547597172e-10  2.0752648254271514e-10  1.1161547456879405e-10  5.7409597191345544e-11  2.823929132588474e-11  1.328410477489739e-11  5.97612943840907e-12  2.571087772588719e-12  1.0578473807179208e-12  4.1623474665985075e-13  1.5662563788451162e-13  5.636332151380442e-14  1.9397220756228746e-14  6.3839818417766675e-15  2.0093379288028302e-15  6.048163539952288e-16  1.741018050978602e-16  4.7928322245492675e-17  1.2617995950902987e-17  3.1768575778819245e-18  
3.901007895607818e-10  2.1330962390772524e-10  1.1144911192186134e-10  5.563848755411332e-11  2.6540344820638274e-11  1.209679574888639e-11  5.268253641065157e-12  2.192277596527322e-12  8.716797498835063e-13  3.311699402382326e-13  1.2022018832252174e-13  4.1700036941679016e-14  1.3820635620096352e-14  4.376753984299248e-15  1.3243683582582686e-15  3.829111368631836e-16  1.0578394062790093e-16  2.792376831586983e-17  7.043051310089623e-18  1.69738445371042e-18  
3.3088489562533726e-10  1.953975611568271e-10  1.0913092566509674e-10  5.764518579366789e-11  2.8798160758345706e-11  1.360670484697513e-11  6.080337426635907e-12  2.569738326230915e-12  1.0271565189733505e-12  3.8830309836274385e-13  1.3883264223125117e-13  4.694602508570694e-14  1.5013867125674587e-14  4.541222841680978e-15  1.299090968180977e-15  3.514736870558832e-16  8.993579443891977e-17  2.1765008317894194e-17  4.9816315561193096e-18  1.0783776398226545e-18  
3.3009486667343017e-10  1.9349527099031464e-10  1.0683374224831256e-10  5.555882199287905e-11  2.7214735493226026e-11  1.2556300703098296e-11  5.456646244627007e-12  2.233553667841386e-12  8.611394520933887e-13  3.1272102575241264e-13  1.0696635054199817e-13  3.446226178754852e-14  1.0457957601935804e-14  2.9892103533856686e-15  8.047714855125583e-16  2.0407752746556416e-16  4.874435061002873e-17  1.0966294264439171e-17  2.3238174208722583e-18  4.638212182709118e-19  
3.800153606605839e-10  2.0757865448730084e-10  1.0837424789619185e-10  5.4079337624491636e-11  2.5792800191692657e-11  1.1757838404193768e-11  5.122929077294271e-12  2.1333939685810255e-12  8.491524080158387e-13  3.230443064692625e-13  1.174628137606848e-13  4.082259156058829e-14  1.3560091084320405e-14  4.305132325630336e-15  1.3063882510100112e-15  3.788958863233229e-16  1.0503387242401325e-16  2.7829200383193255e-17  7.047481450494468e-18  1.7058035663854262e-18  
3.7258267570882864e-10  2.0565979889681654e-10  1.0854367475843924e-10  5.477570786276921e-11  2.643016296438852e-11  1.219382751460334e-11  5.379087617089856e-12  2.2688487932349014e-12  9.15020560508041e-13  3.52845445836425e-13  1.300967790111487e-13  4.586452883686641e-14  1.546022082293758e-14  4.982907364630913e-15  1.5356006891758208e-15  4.524828753233029e-16  1.2748361232513906e-16  3.434273974130847e-17  8.845937786138698e-18  2.178618498385847e-18  
3.9499485845660825e-10  2.120754468356932e-10  1.0943463276187527e-10  5.4273099554965873e-11  2.58690161001978e-11  1.1850608290971862e-11  5.2175524233124715e-12  2.2077934747191873e-12  8.978742475889769e-13  3.509441695273319e-13  1.31833564198332e-13  4.759698041984146e-14  1.6515748305298722e-14  5.507855726667413e-15  1.7653560156133935e-15  5.438103811019893e-16  1.610008362625616e-16  4.581146875208777e-17  1.2528115419373186e-17  3.292780049729798e-18  
4.31456509144978e-10  2.337621134634637e-10  1.2107888171006322e-10  5.995423328525531e-11  2.838105151780484e-11  1.2843822258568534e-11  5.556704064282554e-12  2.2982508287158434e-12  9.087297768460486e-13  3.435019991706854e-13  1.241312003909648e-13  4.2883459904907385e-14  1.4163019607766442e-14  4.471766019002914e-15  1.3497690409576527e-15  3.8949064432610524e-16  1.0744637651761501e-16  2.8336336041140696e-17  7.14418661849452e-18  1.7219441574027674e-18  
3.5376700674039184e-10  2.0242688704146655e-10  1.0975655754505266e-10  5.639026934714094e-11  2.7452965985989647e-11  1.266443403213754e-11  5.535969789429709e-12  2.293047483007108e-12  9.000026652691359e-13  3.3472330757403106e-13  1.179612930046808e-13  3.9391680198519633e-14  1.2464673231985982e-14  3.7373924262999025e-15  1.0618616001195118e-15  2.8587655607075266e-16  7.292905372155864e-17  1.7629257714607542e-17  4.03811688693826e-18  8.764661669255529e-19  
3.9211859484922465e-10  2.1192247598835165e-10  1.1047775599887558e-10  5.5553434367907896e-11  2.6945436552940035e-11  1.2606594363486536e-11  5.689165622024307e-12  2.476495929153786e-12  1.0398361294784256e-12  4.211438189389102e-13  1.6452587235400649e-13  6.199779113694588e-14  2.2534943547357383e-14  7.90087108181381e-15  2.671970874204645e-15  8.716190376285781e-16  2.7425840014574145e-16  8.32398736696013e-17  2.4369192009440328e-17  6.881594697362194e-18  
3.5278248273296626e-10  2.047662768027846e-10  1.1219646986229325e-10  5.8032233906605495e-11  2.833535918828263e-11  1.306043052198033e-11  5.682711410281049e-12  2.334119286444686e-12  9.050234454855836e-13  3.3125767591775357e-13  1.1445674956826725e-13  3.733242518605598e-14  1.1494771325924805e-14  3.3410563910662435e-15  9.167198029223513e-16  2.374426647895019e-16  5.805641835769424e-17  1.3400193170364141e-17  2.919720073383307e-18  6.00538299356706e-19  
4.165510435450198e-10  2.2277751322899573e-10  1.1418229273572581e-10  5.608548103523006e-11  2.6401367438791573e-11  1.1910409023972159e-11  5.149335791291713e-12  2.133536283522138e-12  8.471750073048594e-13  3.223818028024298e-13  1.1756882736527104e-13  4.109018872502453e-14  1.3762849722242493e-14  4.417767766233079e-15  1.3590069533935462e-15  4.006496410520444e-16  1.1319627083776469e-16  3.0649526083246423e-17  7.953159460835523e-18  1.9777887356910262e-18  
4.497902125536256e-10  2.310644370600111e-10  1.1512799771411188e-10  5.5635696519013e-11  2.6076592629376847e-11  1.1854217477391231e-11  5.226604928970405e-12  2.2350703221133984e-12  9.270164593814847e-13  3.729137815189768e-13  1.454970396418609e-13  5.505853044533272e-14  2.020783602424904e-14  7.193491550814565e-15  2.4836157288522246e-15  8.316752940535822e-16  2.7011452249930416e-16  8.508770369789087e-17  2.599623219416946e-17  7.703334321917166e-18  
4.1181727667785506e-10  2.1334264259054365e-10  1.073376813312867e-10  5.244790924578068e-11  2.488889311701473e-11  1.1470554597383e-11  5.134104233840883e-12  2.2317542896928115e-12  9.42170509198842e-13  3.862905339080541e-13  1.5381548416055937e-13  5.948226250822063e-14  2.2339648381834562e-14  8.148292650728133e-15  2.886412092759274e-15  9.93005110573581e-16  3.317768376669605e-16  1.0765695068196537e-16  3.392653584383606e-17  1.0383371466565798e-17  
4.342468771677597e-10  2.215746233225872e-10  1.1056085006358134e-10  5.394867124359202e-11  2.5742941486826885e-11  1.2012506077890485e-11  5.481597018444663e-12  2.4461248718584323e-12  1.0674515587058798e-12  4.555287182432863e-13  1.900996781252568e-13  7.757915324814164e-14  3.096041136738458e-14  1.2082768191999498e-14  4.611308720233634e-15  1.720996500724087e-15  6.281072550150271e-16  2.2417421935857935e-16  7.824120963596962e-17  2.670444030282114e-17  
4.239337665243253e-10  2.23461137798601e-10  1.1404737228926351e-10  5.6356996874455546e-11  2.6964333092660595e-11  1.2491391089405329e-11  5.602878564382553e-12  2.4332733260769852e-12  1.0231748641956301e-12  4.1657011606221506e-13  1.6421228399006198e-13  6.267617053931002e-14  2.31621327900498e-14  8.287698096603493e-15  2.8712339397224424e-15  9.631246922574112e-16  3.1280647712886465e-16  9.836673097401623e-17  2.99502203403359e-17  8.829397850735928e-18  
3.4758539951257795e-10  1.967719184925829e-10  1.0596486627834078e-10  5.42822509940527e-11  2.645154131561185e-11  1.2261434923593228e-11  5.406656664957063e-12  2.2678455085014018e-12  9.048890234160434e-13  3.4345856749114876e-13  1.2400824699393984e-13  4.25916006995764e-14  1.3915362880116935e-14  4.3247627737069165e-15  1.2785779897043575e-15  3.595748746357579e-16  9.619414335630102e-17  2.4479644417720576e-17  5.925960587550963e-18  1.364613276634324e-18  
3.840777467057475e-10  2.0613224897017475e-10  1.0701203213642241e-10  5.373770986677045e-11  2.610270831285957e-11  1.2264556822090472e-11  5.57414192442855e-12  2.4505527637767895e-12  1.0421013699772454e-12  4.286627531556958e-13  1.7056165612312704e-13  6.564579811717423e-14  2.4439501011858895e-14  8.80111325174571e-15  3.0657925011764796e-15  1.033017738173237e-15  3.3669190391927684e-16  1.0614937495304849e-16  3.2371444719915455e-17  9.549191357251074e-18  
3.105295431796357e-10  1.8493791781923145e-10  1.0445929226455608e-10  5.595852655720828e-11  2.8430437194886317e-11  1.3699315947783493e-11  6.260547310056071e-12  2.7134623360507196e-12  1.1154070107639239e-12  4.34851545655546e-13  1.6078544887377309e-13  5.638330678012285e-14  1.8752208340186438e-14  5.91496762824793e-15  1.7694993235490152e-15  5.020494618352551e-16  1.3509543900282077e-16  3.447727588604758e-17  8.344941132123829e-18  1.91563025151763e-18  
3.498153966313141e-10  1.964584816849531e-10  1.0499172367737556e-10  5.339391522552731e-11  2.5839308616164983e-11  1.1899327839188066e-11  5.214544648929589e-12  2.174516815248409e-12  8.629021872362324e-13  3.258462961443747e-13  1.170890890642902e-13  4.0038010143249975e-14  1.3028096380210696e-14  4.0340554153670585e-15  1.1886532339951305e-15  3.3328894785673925e-16  8.892811114054769e-17  2.257925679866333e-17  5.455475848530641e-18  1.2543191464155364e-18  
4.1997629217703034e-10  2.2162740264441048e-10  1.1263091683811963e-10  5.512229141609008e-11  2.5979595624560097e-11  1.1791606882889187e-11  5.1540553445704516e-12  2.169504944735184e-12  8.794429903784581e-13  3.4331297708993834e-13  1.290649236658954e-13  4.6726335041282515e-14  1.629111049336482e-14  5.469846521818363e-15  1.768622203287627e-15  5.50719539932108e-16  1.651434600633606e-16  4.76900474155158e-17  1.3262628648627895e-17  3.551950835325284e-18  
4.1036169124626024e-10  2.2434827807667714e-10  1.168896221117668e-10  5.803987296035564e-11  2.746466058146553e-11  1.2385664271914748e-11  5.3230636081092104e-12  2.18022488507971e-12  8.510169563900184e-13  3.1657194096697687e-13  1.1222869398832381e-13  3.7916887813101625e-14  1.2208399787624584e-14  3.746123460105576e-15  1.0954756138764958e-15  3.052956574063336e-16  8.108412302468766e-17  2.0523352547894567e-17  4.950602667858589e-18  1.1380599027158468e-18  
3.484198402932111e-10  1.9917836577276835e-10  1.0806488479172941e-10  5.564551517664868e-11  2.7194362537287315e-11  1.261335854533589e-11  5.552463877975879e-12  2.3197644324315323e-12  9.198249203798839e-13  3.461541959848373e-13  1.236337869072821e-13  4.190905673695435e-14  1.348285124462321e-14  4.116790271557005e-15  1.192995717919456e-15  3.281120420834505e-16  8.564629834740614e-17  2.1217693313513532e-17  4.988740120036159e-18  1.1132347034514906e-18  
3.519799397934537e-10  1.9388486851393132e-10  1.0340902945511193e-10  5.340249518090552e-11  2.670257716319376e-11  1.2928059724707435e-11  6.060410788437684e-12  2.750801910503108e-12  1.2089410202952258e-12  5.144455940372229e-13  2.1196411011614665e-13  8.45617094975545e-14  3.2664327238622996e-14  1.2216933877690702e-14  4.4242460383311616e-15  1.551332388870606e-15  5.266947516822754e-16  1.7314169451023916e-16  5.511031306927908e-17  1.6984494845183698e-17  
3.084804418083394e-10  1.877516538841224e-10  1.0755018897071016e-10  5.798422455918696e-11  2.9422515390741676e-11  1.4051445819376441e-11  6.3158745752359755e-12  2.6718818512178772e-12  1.0638300960256003e-12  3.986562380851532e-13  1.4060349797525775e-13  4.6672918197926334e-14  1.458159580108575e-14  4.287621347978811e-15  1.1865855711337363e-15  3.090672377906271e-16  7.576666088197957e-17  1.7481334953897612e-17  3.796140781054047e-18  7.758563073080983e-19  
3.854877580500148e-10  2.148535691473122e-10  1.1414229630886284e-10  5.7799314698026843e-11  2.7897855723822613e-11  1.2834856270744402e-11  5.6283778638140276e-12  2.3525969731321464e-12  9.373113424648319e-13  3.5595267580058355e-13  1.2884652274175193e-13  4.4455468749095395e-14  1.462007957046806e-14  4.5829627741980465e-15  1.3693516011151481e-15  3.899919738265744e-16  1.058689035826901e-16  2.7393858778837715e-17  6.756317662776265e-18  1.5883234934074784e-18  
3.7306462918122944e-10  2.0020824312276795e-10  1.041860558398142e-10  5.257351361838909e-11  2.5724928218193244e-11  1.2205936413986347e-11  5.615879722504618e-12  2.5054991243854788e-12  1.0839281015567916e-12  4.5471204580473306e-13  1.8497038721992218e-13  7.296216547618176e-14  2.790763199501826e-14  1.0350897854037151e-14  3.722740989714233e-15  1.2983069515252158e-15  4.3905780986423125e-16  1.4397788643077355e-16  4.578251476042969e-17  1.4116702334341528e-17  
3.468791476424858e-10  1.976782296722712e-10  1.0734054392191678e-10  5.553835845154295e-11  2.7380828533777187e-11  1.2862471661668559e-11  5.7574022769546676e-12  2.4555739550977813e-12  9.97938460252292e-13  3.864370886623834e-13  1.425864122688789e-13  5.013047046404389e-14  1.679382866901934e-14  5.360705571283853e-15  1.6304913176820067e-15  4.725408140236933e-16  1.3049217160784348e-16  3.433633132369192e-17  8.608899190337782e-18  2.056674921913072e-18  
3.704405550753213e-10  2.0878644742913299e-10  1.1222528928819351e-10  5.7528601016090305e-11  2.8124288404743583e-11  1.3112452355525152e-11  5.830300697177251e-12  2.4723083483839414e-12  9.998134324810777e-13  3.8560259641192257e-13  1.418291768441584e-13  4.9750318521378754e-14  1.6642968814479688e-14  5.309704886771285e-15  1.6155284795765686e-15  4.687739866747129e-16  1.2972301665103839e-16  3.4235385749844136e-17  8.616642256618622e-18  2.0682619849647904e-18  
3.174162093651037e-10  1.8197007022698683e-10  9.954142205061039e-11  5.195660141215805e-11  2.5876804577289387e-11  1.2297407744549957e-11  5.5763434793172915e-12  2.412784178889461e-12  9.961401675698755e-13  3.924238959508081e-13  1.4751067622934294e-13  5.290838183172171e-14  1.8107501116346337e-14  5.913240987102252e-15  1.8425770294959733e-15  5.478463130986477e-16  1.5542642226503802e-16  4.207498534742138e-17  1.0868162240948129e-17  2.678682675677286e-18  
3.8139673551117123e-10  2.020472153168847e-10  1.0432325167730312e-10  5.2500290861278896e-11  2.5751032797233168e-11  1.2310620478192238e-11  5.736111461184781e-12  2.604999048314516e-12  1.1530546843302664e-12  4.974444481822905e-13  2.091662547640666e-13  8.57217444532192e-14  3.4240707436232274e-14  1.333051124726107e-14  5.058284247440944e-15  1.8707338465496285e-15  6.743310000512108e-16  2.369117468913705e-16  8.11245709689729e-17  2.7075131789263656e-17  
3.822534175421892e-10  2.0868177358814067e-10  1.0956650609591172e-10  5.5326252976687556e-11  2.6868588685899766e-11  1.2549274048172019e-11  5.637058000363316e-12  2.4352668378566313e-12  1.011814171414846e-12  4.0431058583217276e-13  1.5537803272565643e-13  5.74280772727351e-14  2.0413575775665984e-14  6.978692233127316e-15  2.294505791393664e-15  7.255451143081554e-16  2.206479197557229e-16  6.453501334426001e-17  1.8153113482140884e-17  4.910966736780494e-18  
4.0806873989744314e-10  2.1797447622866025e-10  1.1226109845434711e-10  5.574478705608591e-11  2.668889315138825e-11  1.2319928687009906e-11  5.483238717771347e-12  2.3529757007309246e-12  9.73529373195156e-13  3.883577762261353e-13  1.4937099724163891e-13  5.539261705501192e-14  1.9805637070688576e-14  6.82774161763577e-15  2.269429352755273e-15  7.272899502202579e-16  2.2472419532758866e-16  6.694889454011674e-17  1.9230399893993006e-17  5.3257962718406215e-18  
3.649923847273599e-10  1.9635346239628517e-10  1.0192488128529391e-10  5.105152911991628e-11  2.467312649911913e-11  1.1506056597781693e-11  5.177447652786474e-12  2.2479767608431516e-12  9.4179159000295e-13  3.807191206545747e-13  1.4850513108764597e-13  5.589399095101002e-14  2.029904802813066e-14  7.113332541115607e-15  2.405234601343248e-15  7.847451925948543e-16  2.470510902779298e-16  7.504673040082351e-17  2.1997010743189035e-17  6.2213186778384324e-18  
4.066013219722579e-10  2.154733090786117e-10  1.1012672295231348e-10  5.428333115250109e-11  2.580565015103261e-11  1.1831441467899253e-11  5.2316062953235134e-12  2.23103810411027e-12  9.17600119693643e-13  3.6397744764364357e-13  1.3924192821456997e-13  5.137361445087156e-14  1.8280360468623765e-14  6.27341370453492e-15  2.076336034781771e-15  6.627746574335019e-16  2.0403688587470623e-16  6.05795466373378e-17  1.734674087593466e-17  4.790538150903806e-18  
3.499549840498654e-10  2.001725542060601e-10  1.0895355282168732e-10  5.643165409756669e-11  2.7813054195606434e-11  1.3044249643400818e-11  5.821488442977112e-12  2.4722563179970874e-12  9.990735681143985e-13  3.841899155939084e-13  1.405849953803591e-13  4.895268291208074e-14  1.6220287389369182e-14  5.114287151051939e-15  1.5344621861825194e-15  4.3809852451156363e-16  1.1902327842144667e-16  3.07706410758219e-17  7.569822540202085e-18  1.772063867750598e-18  
3.9902263838137185e-10  2.2535632394766333e-10  1.200160755455254e-10  6.027074380146059e-11  2.8541128354951732e-11  1.274480468025803e-11  5.366519199284656e-12  2.1308341511489536e-12  7.978184360242497e-13  2.8167995637948607e-13  9.377893140662842e-14  2.944096714043295e-14  8.715580594787767e-15  2.432977159607582e-15  6.404381559593947e-16  1.5896950530965107e-16  3.720899200245994e-17  8.212576825995489e-18  1.709261235626959e-18  3.3545548652865384e-19  
4.120208097245416e-10  2.2179654887390874e-10  1.1515018068781667e-10  5.765655236153581e-11  2.7842416256683605e-11  1.2966996120559325e-11  5.8243309730908355e-12  2.523056162745341e-12  1.0541004436726834e-12  4.247283796197323e-13  1.6504971238464428e-13  6.185751504207185e-14  2.2358588005307545e-14  7.79418094458081e-15  2.6204193683204566e-15  8.496602953502658e-16  2.657015292119614e-16  8.013403109346532e-17  2.3308489651506013e-17  6.5386107190590385e-18  
3.959779659737697e-10  2.0891529407238275e-10  1.063182160375428e-10  5.218952679256344e-11  2.4711395384490327e-11  1.1286243399471861e-11  4.972099221498404e-12  2.1128486750783567e-12  8.660345778913735e-13  3.424051619405628e-13  1.3058208730538012e-13  4.8035812565312864e-14  1.704452523999839e-14  5.833684104434076e-15  1.925923976042725e-15  6.133009019857347e-16  1.8838499117362225e-16  5.581580940650816e-17  1.5951678460897798e-17  4.397377794488721e-18  
3.3984249471631483e-10  1.8925881948234793e-10  1.0161723381823544e-10  5.2603108437022946e-11  2.6253562652572296e-11  1.2632749434651202e-11  5.860576188022081e-12  2.621292882386426e-12  1.130377692744136e-12  4.6996379988555e-13  1.8838140554207355e-13  7.2802192266023e-14  2.7125870225126437e-14  9.744413396606723e-15  3.3748969672684206e-15  1.1269331007442283e-15  3.6280106231794156e-16  1.1260865280334117e-16  3.369828303438727e-17  9.722469346125176e-18  
3.848402741409235e-10  2.065193629160154e-10  1.0690795173412473e-10  5.3386102033646716e-11  2.571670875192899e-11  1.195009978219349e-11  5.356691652938951e-12  2.3162782812063847e-12  9.661705446563757e-13  3.887638033772656e-13  1.5089916006444708e-13  5.650108575213006e-14  2.0407778672505503e-14  7.11055743341621e-15  2.3899044213536767e-15  7.748656121695682e-16  2.423489897832558e-16  7.311811904916726e-17  2.1280301594216004e-17  5.9744718285085655e-18  
3.740888953591539e-10  2.1482993520396298e-10  1.165701717905749e-10  5.976579952238766e-11  2.8952807914299377e-11  1.325260648764268e-11  5.731714822474584e-12  2.3422891360378076e-12  9.044177810178087e-13  3.299668708066163e-13  1.1374812394111274e-13  3.7050221184269585e-14  1.1402761103630794e-14  3.3159036623403553e-15  9.111008280749368e-16  2.3653947930439605e-16  5.802477829172241e-17  1.3449186040259558e-17  2.9454467166842007e-18  6.095074220819301e-19  
3.85019049194579e-10  2.140802226853439e-10  1.1328024402001664e-10  5.7044673832348075e-11  2.7337533237743793e-11  1.2467714370687379e-11  5.411250784571169e-12  2.235073331783596e-12  8.785554739512515e-13  3.2864717136539873e-13  1.1699677907308685e-13  3.963703956729652e-14  1.2779439668485384e-14  3.9210800732764945e-15  1.1449404732289007e-15  3.1815840571842935e-16  8.413703300907836e-17  2.1174554499487058e-17  5.071362651092631e-18  1.1558949100920247e-18  
3.5598880666868766e-10  2.0396942788526775e-10  1.1116770835996976e-10  5.7633775271508944e-11  2.8422372353885563e-11  1.333301663628345e-11  5.949512174897548e-12  2.5253357941949735e-12  1.0196279966307013e-12  3.9160588454629917e-13  1.4306767089700237e-13  4.971857184567161e-14  1.6435413067412064e-14  5.168058753417871e-15  1.5458206386299048e-15  4.398206344933443e-16  1.1903562056973978e-16  3.064524659580839e-17  7.504713904298037e-18  1.7481955131408264e-18  
3.558929165965422e-10  1.9520515540976707e-10  1.0320486614942933e-10  5.259518888751721e-11  2.583621059944277e-11  1.2233439129119468e-11  5.5834838892777826e-12  2.4563990566756668e-12  1.0416684946679502e-12  4.257915994185453e-13  1.6776509271239242e-13  6.371520226540609e-14  2.3324990935418513e-14  8.23070154139254e-15  2.799556111274803e-15  9.178642435138069e-16  2.9007124542516454e-16  8.836247261356551e-17  2.5945855384756783e-17  7.343533472338028e-18  
3.813319792963109e-10  2.089938204605039e-10  1.1034777195591216e-10  5.612981341537954e-11  2.750575274045088e-11  1.2985341540648113e-11  5.905859697732674e-12  2.5876931739103346e-12  1.0923010249225284e-12  4.4419310032059703e-13  1.740208083755339e-13  6.567959427983719e-14  2.3881392540810406e-14  8.365439049191415e-15  2.823044587916478e-15  9.177970175107993e-16  2.8745869708724567e-16  8.673695461434572e-17  2.5213480067589442e-17  7.0609205092539e-18  
4.096756202691305e-10  2.1267557037950423e-10  1.0766810111577385e-10  5.3155531177602475e-11  2.559185887658219e-11  1.2015647062486944e-11  5.5015422869650655e-12  2.4564826939934966e-12  1.069633320820555e-12  4.542010137585053e-13  1.8808459928222732e-13  7.595394474346465e-14  2.99115827222644e-14  1.148736482924659e-14  4.302227736147728e-15  1.571297207495591e-15  5.596483694034999e-16  1.9438560829636203e-16  6.584229108132108e-17  2.1748921312763434e-17  
4.1984237491538387e-10  2.1717384164334613e-10  1.0941292878228443e-10  5.368706460288263e-11  2.5657276869220115e-11  1.1942392709913428e-11  5.4139223409322835e-12  2.3904110146954717e-12  1.027952451900243e-12  4.30539852982363e-13  1.7562792713437384e-13  6.977722260262608e-14  2.7000615738663305e-14  1.0175916706147633e-14  3.73519521586998e-15  1.3353433619041094e-15  4.649566729529864e-16  1.5767829096533211e-16  5.2080028012066255e-17  1.6753687103395952e-17  
3.627217839367805e-10  2.1029149052596582e-10  1.1531366025717249e-10  5.980683415182968e-11  2.9338092119287e-11  1.3612062039063782e-11  5.973473887265894e-12  2.4793681452942288e-12  9.73343342129795e-13  3.6141161507417056e-13  1.269255771723887e-13  4.216063913290223e-14  1.3245739899068492e-14  3.9360105822702255e-15  1.1062347324632694e-15  2.940690511433802e-16  7.393708910177411e-17  1.7582732725748737e-17  3.9547715235068385e-18  8.413320241659294e-19  
4.167944321766198e-10  2.2538997506432787e-10  1.1687024348363694e-10  5.810720267853293e-11  2.7702097604117868e-11  1.2663449070000657e-11  5.55070347637049e-12  2.332924658713533e-12  9.40177960148139e-13  3.6330894043054393e-13  1.3461664757838715e-13  4.7827548756827747e-14  1.6293490879627943e-14  5.322391625851456e-15  1.6670789929580464e-15  5.006822524016217e-16  1.441865937471228e-16  3.981477205333364e-17  1.0541932998616457e-17  2.676411801237413e-18  
4.155347560312654e-10  2.186973827408752e-10  1.119184189029879e-10  5.569052297535566e-11  2.6945284658023657e-11  1.2676693947026686e-11  5.798971632089029e-12  2.5793941633414462e-12  1.1155940542010662e-12  4.691550751184307e-13  1.9184407733256696e-13  7.627849629485682e-14  2.9490191969748875e-14  1.1085998764440437e-14  4.052227333443449e-15  1.440238867860468e-15  4.977336491754544e-16  1.6725581534649132e-16  5.464962686254032e-17  1.736260658854545e-17  
3.426677765920708e-10  1.9420668753439306e-10  1.0531504035454993e-10  5.464518740404711e-11  2.712993444811317e-11  1.288786186701824e-11  5.857985662149637e-12  2.5477161473547194e-12  1.0602031211153961e-12  4.22145749385039e-13  1.6083148298876256e-13  5.86293414194573e-14  2.0450045029644038e-14  6.82509695153429e-15  2.17950909090091e-15  6.659534117622261e-16  1.9469926636938574e-16  5.4465323249299073e-17  1.4578443546060308e-17  3.733683812129065e-18  
3.631443287261271e-10  2.021029825590896e-10  1.0782279499946666e-10  5.5143312942601403e-11  2.7034573939206073e-11  1.2705466365299945e-11  5.724085317559557e-12  2.4720997570851984e-12  1.0234586284286127e-12  4.0618043251963226e-13  1.5452975280076712e-13  5.635722858861731e-14  1.970296349429656e-14  6.603252178965531e-15  2.1214295803538226e-15  6.533467922750604e-16  1.9288715717150033e-16  5.4589267615228567e-17  1.481001946279381e-17  3.851664022512259e-18  
4.2249498800120046e-10  2.147455220756756e-10  1.0644621412247598e-10  5.145645597971251e-11  2.4257892696339807e-11  1.1152438014387896e-11  5.000231521910777e-12  2.186321155539345e-12  9.32269226634349e-13  3.876790106282005e-13  1.572196322833914e-13  6.217915445161973e-14  2.398205506291851e-14  9.020519042831374e-15  3.3088738309517632e-15  1.1836748922666558e-15  4.129411963280981e-16  1.4049068684545298e-16  4.661335987723322e-17  1.5082621345893262e-17  
3.852786462606108e-10  2.0925689448915306e-10  1.0949448357255763e-10  5.5196600474768406e-11  2.6806495988881877e-11  1.2542248303352212e-11  5.6535126357994355e-12  2.4550987612812455e-12  1.0271342105858488e-12  4.1399304863361575e-13  1.6075575544962835e-13  6.013781429865381e-14  2.1673865596906834e-14  7.525454588572196e-15  2.517310168545579e-15  8.112381165937169e-16  2.518648681447505e-16  7.533459637921349e-17  2.170845749288633e-17  6.0265823100927295e-18  
3.579254289768124e-10  2.011285468197356e-10  1.0856278466980892e-10  5.628780724429841e-11  2.8033271534359235e-11  1.3410943534968526e-11  6.162699356093334e-12  2.720249417948347e-12  1.1533804023430518e-12  4.697453684366206e-13  1.837716619299986e-13  6.90590621463991e-14  2.4928084409263223e-14  8.64337258228021e-15  2.8787480640309755e-15  9.20979961111286e-16  2.8302369716791666e-16  8.354520252355139e-17  2.3688978269076873e-17  6.452042806867934e-18  
4.113264263832613e-10  2.1046522556347494e-10  1.0486745011959695e-10  5.088241191517983e-11  2.404148518119224e-11  1.1061690905726546e-11  4.956194792911526e-12  2.162428903153351e-12  9.187596852081009e-13  3.8012693624433025e-13  1.5315175668880814e-13  6.008719660030615e-14  2.2956650591200337e-14  8.540862463749508e-15  3.0942938547517243e-15  1.0916615236837465e-15  3.750430092134708e-16  1.2547025134651353e-16  4.087587699816903e-17  1.2967612415195383e-17  
3.3398841944864886e-10  1.9034288150250854e-10  1.0361190283188912e-10  5.387042955701454e-11  2.675216944538902e-11  1.2689232459631166e-11  5.748830174724437e-12  2.4876620694081297e-12  1.0281845370676592e-12  4.0589951375806854e-13  1.5305015469732936e-13  5.512096266277952e-14  1.896127747002668e-14  6.229973112234598e-15  1.955116000973165e-15  5.860391999658639e-16  1.6778324227128338e-16  4.588157071994991e-17  1.198383307127083e-17  2.98965451138019e-18  
3.9086750706940165e-10  2.0278511908419014e-10  1.0267046644118778e-10  5.072918997176022e-11  2.4460946626862518e-11  1.1510429575311097e-11  5.2858245506559506e-12  2.36884636678817e-12  1.0360100926709584e-12  4.4217482954494754e-13  1.8417343475339338e-13  7.486225379100239e-14  2.969625936628361e-14  1.1495914821821373e-14  4.342984371733384e-15  1.6011644369534943e-15  5.760849693990194e-16  2.0227401388450147e-16  6.931010881471487e-17  2.3176935302344428e-17  
4.1934274219267747e-10  2.221891925650318e-10  1.1296675044615478e-10  5.5112770985405446e-11  2.580047869545666e-11  1.1589833208189448e-11  4.99574789092998e-12  2.066320797954163e-12  8.20103916318814e-13  3.1233016471740534e-13  1.1413868907453717e-13  4.002448345493456e-14  1.3467670947804062e-14  4.348436810614266e-15  1.3472485837222994e-15  4.0053107247656095e-16  1.1426115160041433e-16  3.1277705471583484e-17  8.215709606715394e-18  2.0707572010125623e-18  
3.571053669356144e-10  2.013163387841407e-10  1.085559801726453e-10  5.599130189061504e-11  2.762354815292292e-11  1.3035582438759259e-11  5.884011362239249e-12  2.540438279249584e-12  1.0491458729787604e-12  4.1443381940835223e-13  1.56590922707633e-13  5.6593957099467386e-14  1.9564358959381374e-14  6.4692400556394934e-15  2.0461289236107333e-15  6.190201772384029e-16  1.7913015397970605e-16  4.9582072533203796e-17  1.3127219182891439e-17  3.324396987726065e-18  
3.974738553676353e-10  2.1308678557215308e-10  1.1049692334850234e-10  5.5422941348513525e-11  2.6889001300690475e-11  1.2618434880178742e-11  5.727723259224784e-12  2.514804790844082e-12  1.0680024491506332e-12  4.3871848681582385e-13  1.743192459942931e-13  6.699624456414777e-14  2.4905845905794084e-14  8.955665236423754e-15  3.1148714110569054e-15  1.047919956605902e-15  3.4100583989752924e-16  1.0733496993258791e-16  3.2678820914360847e-17  9.623592714712556e-18  
3.841112753083783e-10  2.0996653079330335e-10  1.1005911082536434e-10  5.532033958504183e-11  2.666407887338814e-11  1.2323987343312796e-11  5.462089502999701e-12  2.3213963184878317e-12  9.46068713881431e-13  3.697251387197778e-13  1.3855372005031901e-13  4.978979191418121e-14  1.7157157661599756e-14  5.669350185329374e-15  1.7964045029710854e-15  5.458306224546345e-16  1.5903567971506648e-16  4.443387123170097e-17  1.1904650374739539e-17  3.0584546740986438e-18  
4.176067307222191e-10  2.2313878434880075e-10  1.141941141888598e-10  5.59723397449401e-11  2.6276304587022168e-11  1.1814523149029503e-11  5.0877901713702355e-12  2.0984724442874546e-12  8.289692742643735e-13  3.1364233687365186e-13  1.1365590713353608e-13  3.944667740647538e-14  1.3112633676011705e-14  4.1747503813435344e-15  1.273011074458147e-15  3.7178762899436505e-16  1.0399651166664518e-16  2.786144864731729e-17  7.149072470536432e-18  1.7569394305870865e-18  
3.8906015432908706e-10  2.061865190433489e-10  1.0630571216963258e-10  5.3321917486880704e-11  2.6020026729293387e-11  1.235271839296034e-11  5.705190704897224e-12  2.5634840152678487e-12  1.1205826244818654e-12  4.76551649502842e-13  1.9716457764127557e-13  7.935981213360826e-14  3.107600566654796e-14  1.1838660749085573e-14  4.387658130825803e-15  1.5820339915447743e-15  5.549471967451444e-16  1.8938271399404427e-16  6.287555516614115e-17  2.0308420727848934e-17  
3.7861223095850143e-10  2.1023040532924583e-10  1.1163261430693517e-10  5.668672191626043e-11  2.7527468284817655e-11  1.2783385282611584e-11  5.6770166223557314e-12  2.4109551591614717e-12  9.791580082440773e-13  3.802866740831214e-13  1.412420831005958e-13  5.016626879975381e-14  1.7039394874532778e-14  5.534663403778899e-15  1.719186294697878e-15  5.106805842220023e-16  1.4506760217615134e-16  3.940816370768656e-17  1.0237564346765246e-17  2.5433244726092315e-18  
3.6555735449643047e-10  1.9788141353152724e-10  1.0273831556930127e-10  5.116086006565984e-11  2.4435497821821203e-11  1.1193927880030372e-11  4.91837656470405e-12  2.072712216718057e-12  8.377881179092153e-13  3.247935116092607e-13  1.207698290801651e-13  4.307125410534604e-14  1.4733113741091836e-14  4.833698130334191e-15  1.5210464141736451e-15  4.590747085348777e-16  1.328930370019583e-16  3.6897678677073407e-17  9.825933515241732e-18  2.5097274268597226e-18  
3.666836167695088e-10  2.034784887374038e-10  1.0841846183202822e-10  5.546841046465259e-11  2.724870962272347e-11  1.285298208150243e-11  5.8212949492240175e-12  2.5315881124079635e-12  1.0571198602587971e-12  4.238509466451606e-13  1.6317733046557958e-13  6.032040258705358e-14  2.1410478823518243e-14  7.297032315084201e-15  2.3879426929701802e-15  7.503420264408849e-16  2.263874692313602e-16  6.558480601161767e-17  1.8243654255475493e-17  4.8727953153000264e-18  
3.2969491789658085e-10  1.8764959382789373e-10  1.0181117441165912e-10  5.2656950944010994e-11  2.5961418100289472e-11  1.2201509354956348e-11  5.466522569643886e-12  2.334646741862802e-12  9.504814589036936e-13  3.68874441662918e-13  1.364664591767301e-13  4.8126660142531736e-14  1.617923439850911e-14  5.18492707461042e-15  1.5839438443230135e-15  4.612637770599188e-16  1.2804757668505526e-16  3.388486963972904e-17  8.547767819057212e-18  2.0554743294988685e-18  
3.8137452514861255e-10  2.0537730549286785e-10  1.0635044962792796e-10  5.295565155119393e-11  2.535545499255733e-11  1.1673917165389123e-11  5.168302362754533e-12  2.200216039093945e-12  9.006765300557594e-13  3.5453447508818477e-13  1.3419434224612381e-13  4.884229318591855e-14  1.7094011560940688e-14  5.7527837276195275e-15  1.8616507434137443e-15  5.793012635206052e-16  1.733392248951189e-16  4.9874129840596164e-17  1.3798755509792439e-17  3.6710526637245385e-18  
3.638851224240323e-10  1.9881314601704215e-10  1.0516100686119574e-10  5.385093069652199e-11  2.6696881357363623e-11  1.2813172984007953e-11  5.953627891524275e-12  2.678153869357196e-12  1.1663212891877267e-12  4.917334146842839e-13  2.00710493452816e-13  7.931206846723964e-14  3.034151865100908e-14  1.1237357358075735e-14  4.0292100617144865e-15  1.398635243276253e-15  4.700216527294038e-16  1.5291852593723484e-16  4.816495741751666e-17  1.468693248129558e-17  
4.240054528096409e-10  2.22432403338831e-10  1.1313060876375569e-10  5.578502743983291e-11  2.666923972268422e-11  1.2361155690008881e-11  5.554730268209893e-12  2.420038808709739e-12  1.0222029815784494e-12  4.186078935026215e-13  1.6620081172712793e-13  6.397559370473196e-14  2.3875417048037148e-14  8.638594035822168e-15  3.0303348543346755e-15  1.0306082961124127e-15  3.3982247946429133e-16  1.0863406523760154e-16  3.3669403035328366e-17  1.0117198200545897e-17  
3.7780505836764015e-10  2.0545632984030497e-10  1.0711092676607922e-10  5.353163669023019e-11  2.5647778848499697e-11  1.1780168224141089e-11  5.186993670776435e-12  2.189487335223947e-12  8.859957740245472e-13  3.437030270449139e-13  1.2781963037203095e-13  4.5569498721449217e-14  1.5574475819077126e-14  5.102877232287029e-15  1.60279985620465e-15  4.826207200485757e-16  1.3931411658738552e-16  3.85519882657428e-17  1.0227298471124416e-17  2.600983358382342e-18  
