9.880457906973437e-13   9.0010006707043e-14   2.2861307271906783   0.06207338363416467   1.000004825712726   0.0020658482556761364   -1.1638964456878103e-05   0.001961176621122453   1.7335796556293037   nan   4.7441173117464094e-07   nan   
9.880457906973437e-13   9.0010006707043e-14   2.2861307271906783   0.06207338363416467   1.000004825712726   0.0020658482556761364   -1.1638964456878103e-05   0.001961176621122453   1.7335796556293037   nan   4.7441173117464094e-07   nan   
9.03741650148832e-13   8.305791156814966e-14   2.2005494333505053   0.057943100509974546   1.0000283882058814   0.002065637416090168   -7.440323176912428e-05   0.0019608426533249284   1.0800787414109152   0.0540952369136792   2.144373735665609e-06   4.7019352576001586e-07   
9.03741650148832e-13   8.305791156814966e-14   2.2005494333505053   0.057943100509974546   1.0000283882058814   0.002065637416090168   -7.440323176912428e-05   0.0019608426533249284   1.0800787414109152   0.0540952369136792   2.144373735665609e-06   4.7019352576001586e-07   
9.75159972177178e-13   8.869130924435335e-14   2.271607669070809   0.0613251273878699   0.9999982502663364   0.0020658144247337152   -2.9774477661802933e-05   0.001961067502290105   1.066850965182577   0.005295686240321845   1.5108443616392622e-06   8.121808173978753e-07   
9.75159972177178e-13   8.869130924435335e-14   2.271607669070809   0.0613251273878699   0.9999982502663364   0.0020658144247337152   -2.9774477661802933e-05   0.001961067502290105   1.066850965182577   0.005295686240321845   1.5108443616392622e-06   8.121808173978753e-07   
1.0340133364628513e-12   1.0042717757787873e-12   2.3397377069764107   1.0021828571503666   1.0000469032777746   1.000002538519743   7.203124574403243e-05   1.0000023546654326   1.0675981367693825   1.0000009999995   3.3233435633334477e-07   1.0000010966469353   
1.0340133364628513e-12   1.0042717757787873e-12   2.3397377069764107   1.0021828571503666   1.0000469032777746   1.000002538519743   7.203124574403243e-05   1.0000023546654326   1.0675981367693825   1.0000009999995   3.3233435633334477e-07   1.0000010966469353   
1.0795137889349207e-12   1.0727530551457937e-13   2.4008638660051282   0.06473920072561264   1.0000305041098199   0.001966443989837397   6.342520574497448e-05   0.0019167600212617408   1.061642303960266   3.730620004725825e-06   3.696567625560835e-07   3.4890580238762815e-11   
1.0795137889349207e-12   1.0727530551457937e-13   2.4008638660051282   0.06473920072561264   1.0000305041098199   0.001966443989837397   6.342520574497448e-05   0.0019167600212617408   1.061642303960266   3.730620004725825e-06   3.696567625560835e-07   3.4890580238762815e-11   
1.0998533034018432e-12   1.0273684308759872e-13   2.4291760150350443   0.07905557384954175   1.0000329556855987   0.0020769202290060232   4.9527506105774865e-05   0.001989795223288089   1.143629486445572   0.04351806891128297   0.08632301232491214   0.0872978220878975   
1.0998533034018432e-12   1.0273684308759872e-13   2.4291760150350443   0.07905557384954175   1.0000329556855987   0.0020769202290060232   4.9527506105774865e-05   0.001989795223288089   1.143629486445572   0.04351806891128297   0.08632301232491214   0.0872978220878975   
9.388063411037214e-13   8.754425145367867e-14   2.2449524920416644   0.061995549408427796   1.0000710970981317   0.002065582082354272   -2.2592239611001586e-05   0.001960805877246225   0.567551021209771   0.009678375024394139   0.0006873607916468819   3.015907406563434e-05   
9.388063411037214e-13   8.754425145367867e-14   2.2449524920416644   0.061995549408427796   1.0000710970981317   0.002065582082354272   -2.2592239611001586e-05   0.001960805877246225   0.567551021209771   0.009678375024394139   0.0006873607916468819   3.015907406563434e-05   
9.889395116318276e-13   1.0008122798744034e-14   2.29452934478702   0.007796595124829285   1.0000682665019562   0.0003187733381647234   -1.4453808728598196e-06   0.0003030632470078819   0.7714515466364045   0.040683355070427196   0.0007529173994786325   nan   
9.889395116318276e-13   1.0008122798744034e-14   2.29452934478702   0.007796595124829285   1.0000682665019562   0.0003187733381647234   -1.4453808728598196e-06   0.0003030632470078819   0.7714515466364045   0.040683355070427196   0.0007529173994786325   nan   
7.689818734461154e-13   7.696195914814568e-14   2.081388996889021   0.05750952276165441   1.0002401965364154   0.0020650363408344936   -3.8090695821216166e-05   0.0019602027039238522   0.18533799903329673   0.013863359681615159   0.0014087241826228533   0.00023730700833531602   
7.689818734461154e-13   7.696195914814568e-14   2.081388996889021   0.05750952276165441   1.0002401965364154   0.0020650363408344936   -3.8090695821216166e-05   0.0019602027039238522   0.18533799903329673   0.013863359681615159   0.0014087241826228533   0.00023730700833531602   
8.13011076816233e-13   8.118344581847489e-14   2.127485042412257   0.048302405242834336   1.000204961843567   0.002068236642104638   -3.45843871299286e-05   0.0019635467423673976   0.2679316389159063   0.003201198986720919   0.0011344870960773084   3.5475362510148513e-06   
8.13011076816233e-13   8.118344581847489e-14   2.127485042412257   0.048302405242834336   1.000204961843567   0.002068236642104638   -3.45843871299286e-05   0.0019635467423673976   0.2679316389159063   0.003201198986720919   0.0011344870960773084   3.5475362510148513e-06   
8.561136935327315e-13   8.990210439060752e-14   2.172054060609096   0.04947003573308999   1.0001847153436711   0.002145075849138355   -2.1030477141300483e-05   0.002040218044680408   0.28871006814323663   0.008083594670726413   0.0012874074317885014   7.922310080086882e-06   
8.561136935327315e-13   8.990210439060752e-14   2.172054060609096   0.04947003573308999   1.0001847153436711   0.002145075849138355   -2.1030477141300483e-05   0.002040218044680408   0.28871006814323663   0.008083594670726413   0.0012874074317885014   7.922310080086882e-06   
8.971798846384892e-13   8.672151179910481e-14   2.2155584047123686   0.06920386502790135   1.0001781757371873   0.0020099129935734136   4.794565465553649e-06   0.0019101462399723295   0.2915799194150544   0.1280961394978739   0.0013812478207438333   4.322983566517478e-05   
8.971798846384892e-13   8.672151179910481e-14   2.2155584047123686   0.06920386502790135   1.0001781757371873   0.0020099129935734136   4.794565465553649e-06   0.0019101462399723295   0.2915799194150544   0.1280961394978739   0.0013812478207438333   4.322983566517478e-05   
9.417744940980018e-13   1.0165817980576767e-13   2.2611677478639676   0.09768913073977493   1.0001185960720655   0.0020661671352267194   -6.47212718316855e-05   0.0019619547035333684   0.29297515301576443   0.1432405906581369   0.0009257367852499356   0.7000200615364635   
9.417744940980018e-13   1.0165817980576767e-13   2.2611677478639676   0.09768913073977493   1.0001185960720655   0.0020661671352267194   -6.47212718316855e-05   0.0019619547035333684   0.29297515301576443   0.1432405906581369   0.0009257367852499356   0.7000200615364635   
9.70485459733392e-13   9.310705118917044e-14   2.2991206224029987   0.06802428769623049   1.0001667376236245   0.002065393876271756   4.510226211172595e-05   0.0019606536269774137   0.1675899102328904   0.011459833832579201   2.1634873404500182e-05   2.2461566229640046e-06   
9.70485459733392e-13   9.310705118917044e-14   2.2991206224029987   0.06802428769623049   1.0001667376236245   0.002065393876271756   4.510226211172595e-05   0.0019606536269774137   0.1675899102328904   0.011459833832579201   2.1634873404500182e-05   2.2461566229640046e-06   
1.0036439747697025e-12   1.0039602962463615e-12   2.3384414166293093   1.0019206090925858   1.0001767085949043   1.0000031163996133   6.893684389614074e-05   1.0000029541991171   0.1624862469745105   1.0000009999995   0.000554459741866948   1.0000010334339497   
1.0036439747697025e-12   1.0039602962463615e-12   2.3384414166293093   1.0019206090925858   1.0001767085949043   1.0000031163996133   6.893684389614074e-05   1.0000029541991171   0.1624862469745105   1.0000009999995   0.000554459741866948   1.0000010334339497   
1.0340646306195745e-12   7.327753437522055e-14   2.376836275730617   0.04810779955284772   1.0001775035386673   0.0016678014573567458   9.696934542988294e-05   0.001587750717849578   0.5033281555976038   0.007418943565620358   0.002699804211686642   3.069148334411229e-05   
1.0340646306195745e-12   7.327753437522055e-14   2.376836275730617   0.04810779955284772   1.0001775035386673   0.0016678014573567458   9.696934542988294e-05   0.001587750717849578   0.5033281555976038   0.007418943565620358   0.002699804211686642   3.069148334411229e-05   
1.0627000556081102e-12   1.0371477895452486e-13   2.414899008944262   0.07822317554312436   1.0001833175547552   0.0020654563881007146   0.00011649710587274516   0.0019607081741193997   0.27231287987918557   0.0011038284270934605   0.0018190624214293525   1.1327951049071522e-06   
1.0627000556081102e-12   1.0371477895452486e-13   2.414899008944262   0.07822317554312436   1.0001833175547552   0.0020654563881007146   0.00011649710587274516   0.0019607081741193997   0.27231287987918557   0.0011038284270934605   0.0018190624214293525   1.1327951049071522e-06   
1.085437521304902e-12   1.0514798807733626e-13   2.450280913717236   0.07920860419916495   1.0002231256397185   0.00206621216519983   0.0001623462295781675   0.0019613101946778034   0.1961305762720795   0.0019624871893962476   0.00163610691940441   0.00033059351087418937   
1.085437521304902e-12   1.0514798807733626e-13   2.450280913717236   0.07920860419916495   1.0002231256397185   0.00206621216519983   0.0001623462295781675   0.0019613101946778034   0.1961305762720795   0.0019624871893962476   0.00163610691940441   0.00033059351087418937   
1.1140225685216669e-12   1.0462274007949928e-13   2.4864120844623585   0.08133349548930878   1.0001863827808997   0.0020651183315233083   0.00016934955050395555   0.001960358578799051   0.2848112306093926   0.007958017816242058   0.0023274074038863754   2.2804445432235327e-05   
1e-12   0   2.3   0   1.0   0   0.0   0   0.0   0   0.0   0   
1.1140225685216669e-12   1.0462274007949928e-13   2.4864120844623585   0.08133349548930878   1.0001863827808997   0.0020651183315233083   0.00016934955050395555   0.001960358578799051   0.2848112306093926   0.007958017816242058   0.0023274074038863754   2.2804445432235327e-05   
1e-12   0   2.3   0   1.0   0   0.0   0   0.0   0   0.0   0   
1.011370695076541e-12   9.431994924558633e-15   2.312488419170688   0.009323382334671617   0.9999851174616439   0.0019989847257496827   2.5362947974098148e-05   0.0019033606824887606   1.7824401978385247   0.00905218566264009   6.224428981658307e-07   2.0000085742995726   
1.011370695076541e-12   9.431994924558633e-15   2.312488419170688   0.009323382334671617   0.9999851174616439   0.0019989847257496827   2.5362947974098148e-05   0.0019033606824887606   1.7824401978385247   0.00905218566264009   6.224428981658307e-07   2.0000085742995726   
