3.104939971353365e-13   4.224130688801482e-14   1.5363766072513971   0.05112642489629316   1.0007752125636928   0.002073046984820523   -0.00014922329050016015   0.002063974526868582   
3.104939971353365e-13   4.224130688801482e-14   1.5363766072513971   0.05112642489629316   1.0007752125636928   0.002073046984820523   -0.00014922329050016015   0.002063974526868582   
3.304207044991416e-13   4.483158073922418e-14   1.5727631569303626   0.05239652458934842   1.0007519654028372   0.0020633802093459708   -0.00016061073978426455   0.001958324297770449   
3.304207044991416e-13   4.483158073922418e-14   1.5727631569303626   0.05239652458934842   1.0007519654028372   0.0020633802093459708   -0.00016061073978426455   0.001958324297770449   
3.525804226942543e-13   5.007608745511653e-14   1.6062106802056677   0.05594130135290627   1.0007326926651456   0.0018007548069482431   -7.411025885005984e-05   0.0019357186338688126   
3.525804226942543e-13   5.007608745511653e-14   1.6062106802056677   0.05594130135290627   1.0007326926651456   0.0018007548069482431   -7.411025885005984e-05   0.0019357186338688126   
3.7909802139770213e-13   5.186271988834896e-14   1.6437673701874151   0.055017250161792625   1.0007062045543311   0.0018554563686716305   -6.282841161732664e-05   0.0017726550246461572   
3.7909802139770213e-13   5.186271988834896e-14   1.6437673701874151   0.055017250161792625   1.0007062045543311   0.0018554563686716305   -6.282841161732664e-05   0.0017726550246461572   
4.1026035964188057e-13   5.239056527510066e-14   1.6844071034311479   0.053040330228822215   1.0006607682579125   0.002066287365552119   -5.4522518997223376e-05   0.0019589056164963886   
4.1026035964188057e-13   5.239056527510066e-14   1.6844071034311479   0.053040330228822215   1.0006607682579125   0.002066287365552119   -5.4522518997223376e-05   0.0019589056164963886   
4.43994318224445e-13   1.9912460187550324e-15   1.7264243840459752   0.029137352429468636   1.0005927959094623   0.002044587333408141   -6.726589716539947e-05   0.0019604423926565017   
4.43994318224445e-13   1.9912460187550324e-15   1.7264243840459752   0.029137352429468636   1.0005927959094623   0.002044587333408141   -6.726589716539947e-05   0.0019604423926565017   
4.809962677530045e-13   6.693392578015041e-14   1.7701380701523317   0.054749480691292304   1.0005773525356259   0.002072454227068272   -2.2339623087147244e-05   0.0019606624505256343   
4.809962677530045e-13   6.693392578015041e-14   1.7701380701523317   0.054749480691292304   1.0005773525356259   0.002072454227068272   -2.2339623087147244e-05   0.0019606624505256343   
5.18366886457278e-13   5.970142208805302e-14   1.8146650532914514   0.05305388765162159   1.0005007637602619   0.0020642131631461226   -7.016571583002067e-05   0.001959451258751396   
5.18366886457278e-13   5.970142208805302e-14   1.8146650532914514   0.05305388765162159   1.0005007637602619   0.0020642131631461226   -7.016571583002067e-05   0.001959451258751396   
5.582717701609607e-13   6.306893069675331e-14   1.857519801386283   0.053762619033639235   1.0004393308875248   0.002064327480599567   -7.180929936462286e-05   0.0019595688193137085   
5.582717701609607e-13   6.306893069675331e-14   1.857519801386283   0.053762619033639235   1.0004393308875248   0.002064327480599567   -7.180929936462286e-05   0.0019595688193137085   
5.962756269302705e-13   6.609980389218184e-14   1.8993498089812668   0.05463280950762196   1.0003795139605403   0.00206439627821863   -9.88133392122907e-05   0.001959633871331194   
5.962756269302705e-13   6.609980389218184e-14   1.8993498089812668   0.05463280950762196   1.0003795139605403   0.00206439627821863   -9.88133392122907e-05   0.001959633871331194   
6.346042949191323e-13   6.922052536481104e-14   1.939885187349378   0.05563927450989317   1.000346854402821   0.0020644979869510033   -7.7427223831552e-05   0.0019597497752552886   
6.346042949191323e-13   6.922052536481104e-14   1.939885187349378   0.05563927450989317   1.000346854402821   0.0020644979869510033   -7.7427223831552e-05   0.0019597497752552886   
6.720571386234174e-13   7.223734760753534e-14   1.9787752871724136   0.056732038442409816   1.0002913750133373   0.0020645249487007853   -6.24983182135411e-05   0.0019598597206988196   
6.720571386234174e-13   7.223734760753534e-14   1.9787752871724136   0.056732038442409816   1.0002913750133373   0.0020645249487007853   -6.24983182135411e-05   0.0019598597206988196   
7.089178063212617e-13   7.522141789132803e-14   2.0166083077116133   0.057927290545069114   1.0002843788932587   0.0020646819375294517   -6.92308223380845e-05   0.0019599142668290026   
7.089178063212617e-13   7.522141789132803e-14   2.0166083077116133   0.057927290545069114   1.0002843788932587   0.0020646819375294517   -6.92308223380845e-05   0.0019599142668290026   
7.434270745976893e-13   4.453318931504799e-14   2.0536051168907936   0.007802188139152584   1.0002900997636475   0.00108005519864644   -5.1129527897905054e-05   0.001183537662610962   
7.434270745976893e-13   4.453318931504799e-14   2.0536051168907936   0.007802188139152584   1.0002900997636475   0.00108005519864644   -5.1129527897905054e-05   0.001183537662610962   
7.763629673331674e-13   8.936974527639928e-14   2.0897676458302166   0.06634682018769605   1.0002586308499808   0.0018656152664970266   -3.702586016861524e-05   0.001767043020803362   
7.763629673331674e-13   8.936974527639928e-14   2.0897676458302166   0.06634682018769605   1.0002586308499808   0.0018656152664970266   -3.702586016861524e-05   0.001767043020803362   
8.100425078740702e-13   8.332165033555427e-14   2.123136789048295   0.062019483201780544   1.0002381919070373   0.0020648995632230292   -3.197740791051576e-05   0.0019601336243725612   
8.100425078740702e-13   8.332165033555427e-14   2.123136789048295   0.062019483201780544   1.0002381919070373   0.0020648995632230292   -3.197740791051576e-05   0.0019601336243725612   
8.407943669744354e-13   9.270832485230692e-14   2.156085526172593   0.06622388352149791   1.0002388554257684   0.0020484048500436455   -1.6658265144872304e-05   0.002003862518362214   
8.407943669744354e-13   9.270832485230692e-14   2.156085526172593   0.06622388352149791   1.0002388554257684   0.0020484048500436455   -1.6658265144872304e-05   0.002003862518362214   
8.710705246155712e-13   8.822051517014078e-14   2.187756729983373   0.06495620016191539   1.000216362397501   0.002065028546813588   -2.4310211852303044e-05   0.001960234096187948   
8.710705246155712e-13   8.822051517014078e-14   2.187756729983373   0.06495620016191539   1.000216362397501   0.002065028546813588   -2.4310211852303044e-05   0.001960234096187948   
8.979413972624796e-13   9.583429867872717e-14   2.217752260286806   0.06819405014084308   1.0002068376484239   0.0019260751235415034   6.372285166605486e-06   0.0015318645518835597   
1e-12   0   2.3   0   1.0   0   0.0   0   
8.979413972624796e-13   9.583429867872717e-14   2.217752260286806   0.06819405014084308   1.0002068376484239   0.0019260751235415034   6.372285166605486e-06   0.0015318645518835597   
1e-12   0   2.3   0   1.0   0   0.0   0   
2.9677009000648535e-13   4.793044015754394e-14   1.5133563697553947   0.05875431555493748   1.0007959954329253   0.0021452412905091224   -0.0001890333416583449   0.0019971046299315245   
2.9677009000648535e-13   4.793044015754394e-14   1.5133563697553947   0.05875431555493748   1.0007959954329253   0.0021452412905091224   -0.0001890333416583449   0.0019971046299315245   
