0.7200706635126609    -0.13204285013385772    -753564.3838129084
0.06333106468568965    0.014670648918090105    -753580.0903680711
-0.02244738094098668    -0.10709052511426294    -753236.2963606288
0.29749294576361873    -0.010825347961005614    -753573.3021625475
-0.792189622020949    0.0070557517922669975    -753236.2963606288
-0.5189386018347216    0.013785074279441374    -753236.2963606288
0.43262179997127437    0.17518250965651838    -753573.0358134785
-0.08680119635016613    -0.07412755000154735    -753236.2963606288
-1.7879337928007448    -0.012136403138658242    -753236.2963606288
-0.6044860180993185    0.10607571379526748    -753236.2963606288
1.4187346670890286    -0.001887586461434781    -753559.0397785959
-1.502906155645362    0.17452472726721993    -753236.2963606288
-0.12217571924219389    -0.019893292522380483    -753236.2963606288
0.5496701758654112    0.13511343184145874    -753569.9766630377
0.7855879114044625    0.0629843624848484    -753565.5078215846
-0.651025774167543    0.020151085236762914    -753236.2963606288
0.27975196421662185    -0.2083263033520956    -753558.2740637207
-1.7403423555996231    -0.021624874732060602    -753236.2963606288
-0.2747581324243651    -0.3114417626808612    -753236.2963606288
-1.4247564794559533    0.01791289125948881    -753236.2963606288
-1.0889568687560338    -0.05919104335047864    -753236.2963606288
0.9982865357734074    0.08740761592365488    -753562.6086164193
-0.12696336531530833    0.07395455346513592    -753236.2963606288
0.47620677614364954    0.025915478717349217    -753569.865157999
-0.5558562394645897    -0.25512522704398716    -753236.2963606288
0.18623721966162432    -0.18074042618779695    -753563.1049214831
-0.3030084295079104    0.18994679781052626    -753236.2963606288
-0.4480012031778075    0.057407340962332944    -753236.2963606288
-1.0209599049196192    0.11762347042293955    -753236.2963606288
-0.9890958095258804    -0.023256425692632976    -753236.2963606288
0.24874063983689143    -0.026366599131922394    -753574.435773851
-0.03442272102746205    -0.0031691939988552965    -753233.3578242338
-0.5664009543247572    -0.07127971434162576    -753233.3578242338
0.21854023028291963    0.15605657598506475    -753577.0362526649
0.5531307827131405    0.07307389634022274    -753569.3080567499
-0.948350151877593    0.039118409623363964    -753233.3578242338
-0.7364008663627128    0.007873368560053032    -753233.3578242338
-0.46167929817082903    -0.0888059261041247    -753233.3578242338
0.13314596986526953    0.007757731548101392    -753579.5525735735
0.609966745881525    0.12922693974960117    -753568.6618221082
-1.481179144931837    -0.1369227863220493    -753233.3578242338
0.11737288055796365    -0.060574880718058124    -753577.7091228444
0.6115199208533879    0.12076748441437853    -753568.5935603154
0.15313465655128655    0.20782794651048145    -753573.2574449531
-2.1486319490138426    -0.09698177184720384    -753233.3578242338
-1.8613869832775494    -0.007173189538901475    -753233.3578242338
0.48503352246517245    0.0011972477437284155    -753569.0292550827
1.0992728156273317    0.036563090007390046    -753561.684508555
0.11237066501731796    0.02613429677413989    -753579.925743296
1.2742562089581453    -0.18729872013815718    -753560.8089580132
1.5844349489950253    -0.09833797504640722    -753558.3836629532
-0.6744207105142667    0.06072903997074367    -753233.3578242338
0.5002733836268336    0.006069003110898731    -753568.9170785478
0.27464357609158335    0.21169312516449623    -753575.1133231231
0.4519473680548995    0.00596736892609926    -753569.7600224114
-0.8127956371335462    -0.12581141714374514    -753233.3578242338
0.2809441485967174    0.03441295695699448    -753575.8275254137
0.5333113219923306    0.0007827931497931484    -753568.2940269936
0.7658803289845002    0.04169047077178561    -753565.717658118
0.6732543044953974    0.06904742629695838    -753567.2002193119
0.7029741715220827    0.09385105855396726    -753566.8353745842
0.43626606166619397    0.005639846807442894    -753570.0611305078
0.3341393087806528    0.07250992573476302    -753574.9847289014
0.04489470552060535    0.054490478348811704    -753580.0783476823
0.28381554461559866    0.0713921225859091    -753576.6522706168
0.739255322537252    0.0622953545350526    -753566.1662232846
0.6523649854242408    0.08342443809294316    -753567.6336377008
0.6428933829322678    0.005826096776012935    -753566.9959572941
0.7526830614469628    0.06663848964810035    -753565.9838999175
0.07278557546745663    0.04015643753980345    -753580.0459362948
0.7892685370896699    0.09329243672074838    -753565.4736254787
0.3299885103225685    0.08986254105674085    -753575.4549719557
0.32929487297731036    0.07452772767929924    -753575.1911968194
0.29072003122193824    0.08583093506833789    -753576.6494707766
0.4199814793359446    0.09988602641002237    -753572.8555018008
0.5571065550685498    0.030069932495618734    -753568.5532189909
0.42599868450577594    0.08306041431138546    -753572.3909722323
0.4901249229748339    0.03420565005832648    -753569.8015320484
0.15021317527133526    0.04070871424843514    -753579.546240915
0.7021521430251029    0.038947644734892796    -753566.5682036526
0.6432829457067252    0.08410896072038634    -753567.7927769285
0.05611665493527118    0.08979298119561212    -753579.8525089216
0.035792920802563626    0.09985917521587193    -753580.0140904404
0.5660999160948595    0.08208899973127326    -753569.1724234316
0.20856979561405764    0.007427997593491476    -753577.5976739755
0.3678425996039293    0.07008966592912115    -753573.825439223
0.48571526977698015    0.012052116227042765    -753569.3201094426
0.5562724689797678    0.07278605243652955    -753569.2442376545
0.6184165147292062    0.037917562617291733    -753567.7443538473
0.51663464299885    0.05362539888018393    -753569.6988450347
0.4905430365117389    0.04587527054390353    -753570.0593101272
0.2979493381726453    0.046581603962476514    -753575.579343604
0.7212148081694787    0.09469826131679752    -753566.5388242726
0.5089491334945088    0.03914124015542754    -753569.5556748004
0.5171424597965388    0.06390042740824764    -753569.8735127294
0.06149970168959884    0.054004444427681375    -753580.0405306788
0.22842022605013154    0.06787830355138748    -753578.2195502258
0.5663370561237057    0.07352026541672163    -753569.0641802886
0.32799089504538986    0.01988534048062869    -753573.5770635465
0.12014896548862658    0.02941030051377316    -753579.8633241241
0.4588696291064673    0.07493164768053381    -753571.3764498555
0.6774337853779172    0.0656919749054378    -753567.1131233388
0.7651426190972832    0.07409128878473957    -753565.8228023386
0.18304379004844754    0.02237835495593439    -753578.7580839762
0.40973068107857546    0.0927456233516705    -753573.0295006244
0.6891663751998454    0.08169961346457728    -753567.0159320922
0.1859337285976352    0.05027695476126093    -753579.0216806515
0.004532142409709472    0.05255847929285678    -753580.0875449423
0.7119922498394261    0.005970310742442475    -753566.1783702685
0.30592808151554574    0.02109244922271726    -753574.4170657713
0.2097263492415663    0.07031768167181172    -753578.6315838076
0.6530041739605925    0.015612167274002876    -753566.9960851332
0.6560882365039453    0.02381119436603009    -753567.0514302545
0.5081830867235383    0.09933111438615166    -753570.5988559589
0.7613337648168531    0.04513981923126307    -753565.7919343106
0.7350885305166052    0.09981485129722406    -753566.3284265528
0.4092955114804296    0.02451756171998545    -753571.309095271
0.20431579668980682    0.031930990224874244    -753578.3777755772
0.24945843266492584    0.06387078284230038    -753577.6087873714
0.027141363810934127    -0.01441662207218905    -753580.0875506888
0.42531867236835286    -0.05885209446040967    -753567.7275930942
0.5388275125333852    -0.06919987760622336    -753566.3628329213
0.6422137693929164    -0.021459055455342588    -753566.6060401195
0.5125717498060383    -0.0002131193496296424    -753568.5648053718
0.598835793545002    -0.08316665079367104    -753565.6952556383
0.20364741532896036    -0.0498539845206111    -753575.0033318899
0.76957412654179    -0.027600813795516668    -753565.2848263981
0.24123756257067885    -0.09157828276847459    -753570.1819234942
0.22754608820036362    -0.038623005111217495    -753574.6402350216
0.6511528339042822    -0.012959898811441994    -753566.6443789764
0.7869646142055857    -0.08333980461468372    -753564.671042041
0.6457560291386755    -0.09735294252442576    -753565.2088512221
0.6769022477126078    -0.0897163229677121    -753565.229580669
0.08660334832930641    -0.07778008074622393    -753577.8270247731
0.5242847163825276    -0.060221824709867866    -753566.7301552515
0.255551791882628    -0.0317310400350463    -753573.8375096733
0.6763330204635194    -0.025112757460264076    -753566.2192719296
0.5409980827211575    -0.07752178326561016    -753566.1026220018
0.6459027741042765    -0.031556269059414735    -753566.4101997976
0.07930037016289182    -0.03768100790978157    -753579.6851703277
0.25987283515886167    -0.014624927966662954    -753574.6013452858
0.3650995420035056    -0.040562473728286454    -753569.67801962
0.0422977652724244    -0.027420394151246225    -753580.091735231
0.5798851971731145    -0.09601835195864919    -753565.4325389818
0.46271271652134854    -0.007233620170083624    -753569.1415623251
0.03266276392733616    -0.004298070582982788    -753580.0875827837
1.7000054459836198    -0.14143121250416657    -753557.902715387
0.8234269791464737    -0.10612500629416688    -753564.2358600949
1.3162930588940833    -0.17164548314473094    -753560.4676739682
1.0217139098895685    -0.2324817913960034    -753562.434843474
2.1940192832735006    -0.22809939958336556    -753556.1239688407
1.1720796606349635    -0.25681158665998594    -753561.5592026897
1.1482137928386082    -0.20995388889247485    -753561.7270828867
1.670775579331993    -0.29217149075345783    -753558.590529607
2.195711666178952    -0.17131322470140145    -753555.9379778401
1.4284420303452725    -0.11183252279917727    -753559.4608444904
1.0106320239443842    -0.2039364512217704    -753562.5959427013
2.207237798316003    -0.10669587796304955    -753555.687620981
1.1064834574055777    -0.2536881073361816    -753561.9422213925
1.9161598794077237    -0.2655671573500054    -753557.3063237863
2.056601609499195    -0.20748920141785035    -753556.540781211
