1.026570995438479e-12   9.785493867824036e-14   2.3545480522024325   0.07263907411569132   1.0001921809890701   0.002063681525813845   0.00010181954707684743   0.0019200455452696146   
1.004514563034072e-12   9.032300189960151e-14   2.303497803758843   0.061995289873484814   1.0000034883317384   0.00206591539524083   5.747794496060163e-06   0.001961219077259903   
1e-12   nan   2.3   nan   1.002301237475396   nan   -0.0007731440193653819   nan   
9.742678184503167e-13   9.013706081554112e-14   2.2740396936155616   0.06293068457757965   1.0000360885511228   0.000940229757332418   -2.7454423985110013e-05   0.0008966844339957661   
1e-12   nan   2.3   nan   1.002301237475396   nan   -0.0007731440193653819   nan   
1e-12   nan   2.3   nan   1.002301237475396   nan   -0.0007731440193653819   nan   
1.0993908298517747e-12   1.0013177959559161e-13   2.433991981182822   0.07244411954449212   1.000054158723885   0.0020529763666734353   5.641044073695348e-05   0.0019866812723075967   
1e-12   nan   2.3   nan   1.002301237475396   nan   -0.0007731440193653819   nan   
1e-12   nan   2.3   nan   1.002301237475396   nan   -0.0007731440193653819   nan   
1e-12   nan   2.3   nan   1.002301237475396   nan   -0.0007731440193653819   nan   
1.1767512606669895e-12   1.1370205597807935e-13   2.6001889700751772   0.09320417469682285   1.000313379913352   0.0019473872956739364   0.0002699814513246994   0.001920716516830392   
1e-12   nan   2.3   nan   1.002301237475396   nan   -0.0007731440193653819   nan   
1e-12   nan   2.3   nan   1.002301237475396   nan   -0.0007731440193653819   nan   
1.0940278844094369e-12   1.0079177056239416e-13   2.4315371715040786   0.07379113387572073   1.000098726279927   0.002054108263354582   7.644644199140861e-05   0.001970944448376025   
1.114243548397346e-12   1.0514886938533127e-13   2.4720139531842666   0.07963311195352918   1.0001932642314346   0.0020656128089588197   0.00015885615805650923   0.0019609978077813556   
1e-12   nan   2.3   nan   1.002301237475396   nan   -0.0007731440193653819   nan   
