1.02543702194414e-12   1.0012919011920637e-12   2.353807876853693   1.0000009999995   1.0001722763536673   1.0003387053207111   8.195434146276633e-05   1.0003385023056521   4.769025475366669e-12   1.0090136807175347   0.0013445614992262608   1.0003365901590886   
1.0000706302997803e-12   9.016801379016969e-14   2.300119343560425   0.06189755309241691   1.0000008973135048   0.002065898975016508   9.239133171888188e-07   0.0019611893588413858   0.0   0.014670648919056348   0.00019041357378605313   3.219240370275132e-05   
1e-12   nan   2.3   nan   1.002301237475396   nan   -0.0007731440193653819   nan   0.0   nan   0.0   nan   
9.746369773552373e-13   9.045398014252977e-14   2.2741076836815037   0.0632560480204337   1.0000471543088378   0.00206570826488146   -1.4101887367450081e-05   0.001960932245270651   1.756156936099312e-12   0.010825347962115369   0.0017794956505714564   0.2974929965518885   
1e-12   nan   2.3   nan   1.002301237475396   nan   -0.0007731440193653819   nan   0.0   nan   0.0   nan   
1e-12   nan   2.3   nan   1.002301237475396   nan   -0.0007731440193653819   nan   0.0   nan   0.0   nan   
1.1038534684800986e-12   1.0163952256553837e-13   2.43424268326336   0.07376844958473726   1.0002014795139784   0.0020661659687534763   0.00012120410785528941   0.0019612125178422634   0.0   0.17518250962150195   0.001544936584377051   0.4326185891241831   
1e-12   nan   2.3   nan   1.002301237475396   nan   -0.0007731440193653819   nan   0.0   nan   0.0   nan   
1e-12   nan   2.3   nan   1.002301237475396   nan   -0.0007731440193653819   nan   0.0   nan   0.0   nan   
1e-12   nan   2.3   nan   1.002301237475396   nan   -0.0007731440193653819   nan   0.0   nan   0.0   nan   
1.1790520927250238e-12   1.1133218209263194e-13   2.602007285550715   0.09152049594277233   1.0003439437198112   0.002065555595682156   0.0003061280749019708   0.001961063205326894   0.0   0.0018875864616041738   0.0015729294764953992   0.00033223145597703873   
1e-12   nan   2.3   nan   1.002301237475396   nan   -0.0007731440193653819   nan   0.0   nan   0.0   nan   
1e-12   nan   2.3   nan   1.002301237475396   nan   -0.0007731440193653819   nan   0.0   nan   0.0   nan   
1.0905267171691414e-12   1.0191613812737457e-13   2.4289199677077926   0.07493364061865862   1.0001392521334898   0.00206574298393887   0.0001290446847653749   0.0019610991900598316   1.3683077366875144e-10   0.13511343182514785   5.629138498173766e-05   0.5374622345464822   
1.1150468532280513e-12   1.117479827797987e-13   2.472437779501459   0.08089352993287174   1.0001994098601314   0.0020664006901431687   0.0001633209789146393   0.0019666736688402566   -3.2123732236369063e-12   0.0629843624817781   0.001513193845207743   7.797124996445435e-08   
1e-12   nan   2.3   nan   1.002301237475396   nan   -0.0007731440193653819   nan   0.0   nan   0.0   nan   
