|                      Parameters |                       0 |                     1 |   2 |   3 |   4 |                       5 |   6 |   7 |                      8 |                      9 |  10 |
|           Source.spectral.index |    0.004450669327452641 | 4.370551105160424e-15 | 0.0 | 0.0 | 0.0 | -1.3046810369801192e-06 | 0.0 | 0.0 |                    0.0 |                    0.0 | 0.0 |
|       Source.spectral.amplitude |   4.370551105160424e-15 | 8.181978224273792e-27 | 0.0 | 0.0 | 0.0 |   3.817591444186604e-17 | 0.0 | 0.0 |                    0.0 |                    0.0 | 0.0 |
|       Source.spectral.reference |                     0.0 |                   0.0 | 0.0 | 0.0 | 0.0 |                     0.0 | 0.0 | 0.0 |                    0.0 |                    0.0 | 0.0 |
|            Source.spatial.lon_0 |                     0.0 |                   0.0 | 0.0 | 0.0 | 0.0 |                     0.0 | 0.0 | 0.0 |                    0.0 |                    0.0 | 0.0 |
|            Source.spatial.lat_0 |                     0.0 |                   0.0 | 0.0 | 0.0 | 0.0 |                     0.0 | 0.0 | 0.0 |                    0.0 |                    0.0 | 0.0 |
|            Source.spatial.sigma | -1.3046810369801192e-06 | 3.817591444186604e-17 | 0.0 | 0.0 | 0.0 |  0.00012882376567419795 | 0.0 | 0.0 |                    0.0 |                    0.0 | 0.0 |
|                Source.spatial.e |                     0.0 |                   0.0 | 0.0 | 0.0 | 0.0 |                     0.0 | 0.0 | 0.0 |                    0.0 |                    0.0 | 0.0 |
|              Source.spatial.phi |                     0.0 |                   0.0 | 0.0 | 0.0 | 0.0 |                     0.0 | 0.0 | 0.0 |                    0.0 |                    0.0 | 0.0 |
|      tOr2hPeT-bkg.spectral.norm |                     0.0 |                   0.0 | 0.0 | 0.0 | 0.0 |                     0.0 | 0.0 | 0.0 |  3.554387856541945e-06 | 1.7928167070157897e-06 | 0.0 |
|      tOr2hPeT-bkg.spectral.tilt |                     0.0 |                   0.0 | 0.0 | 0.0 | 0.0 |                     0.0 | 0.0 | 0.0 | 1.7928167070157897e-06 |  3.392771638617553e-06 | 0.0 |
| tOr2hPeT-bkg.spectral.reference |                     0.0 |                   0.0 | 0.0 | 0.0 | 0.0 |                     0.0 | 0.0 | 0.0 |                    0.0 |                    0.0 | 0.0 |
