|                            Parameters |                       0 |                      1 |   2 |                      3 |   4 |                       5 |                       6 |   7 |   8 |                     9 |                    10 |  11 |                     12 |                     13 |  14 |
|                Crablog.spectral.index |    0.010803242357832822 | -2.551111155270224e-13 | 0.0 |  -0.004720693540765884 | 0.0 | -1.2532346598705154e-06 | -2.3258825962682774e-06 | 0.0 | 0.0 |                   0.0 |                   0.0 | 0.0 |                    0.0 |                    0.0 | 0.0 |
|            Crablog.spectral.amplitude |  -2.551111155270224e-13 | 2.5754436171179746e-23 | 0.0 |  1.533184898970268e-13 | 0.0 |  1.5972615980577082e-17 |   5.397836989515724e-17 | 0.0 | 0.0 |                   0.0 |                   0.0 | 0.0 |                    0.0 |                    0.0 | 0.0 |
|            Crablog.spectral.reference |                     0.0 |                    0.0 | 0.0 |                    0.0 | 0.0 |                     0.0 |                     0.0 | 0.0 | 0.0 |                   0.0 |                   0.0 | 0.0 |                    0.0 |                    0.0 | 0.0 |
|              Crablog.spectral.lambda_ |   -0.004720693540765884 |  1.533184898970268e-13 | 0.0 |   0.002853819591405358 | 0.0 |  1.1342698488072482e-06 |   8.601896238530901e-07 | 0.0 | 0.0 |                   0.0 |                   0.0 | 0.0 |                    0.0 |                    0.0 | 0.0 |
|                Crablog.spectral.alpha |                     0.0 |                    0.0 | 0.0 |                    0.0 | 0.0 |                     0.0 |                     0.0 | 0.0 | 0.0 |                   0.0 |                   0.0 | 0.0 |                    0.0 |                    0.0 | 0.0 |
|                 Crablog.spatial.lon_0 | -1.2532346598705154e-06 | 1.5972615980577082e-17 | 0.0 | 1.1342698488072482e-06 | 0.0 |   5.988132065431286e-06 |   1.825226160583052e-07 | 0.0 | 0.0 |                   0.0 |                   0.0 | 0.0 |                    0.0 |                    0.0 | 0.0 |
|                 Crablog.spatial.lat_0 | -2.3258825962682774e-06 |  5.397836989515724e-17 | 0.0 |  8.601896238530901e-07 | 0.0 |   1.825226160583052e-07 |   4.126465252137692e-06 | 0.0 | 0.0 |                   0.0 |                   0.0 | 0.0 |                    0.0 |                    0.0 | 0.0 |
|       dataset_N-irf.e_reco_model.bias |                     0.0 |                    0.0 | 0.0 |                    0.0 | 0.0 |                     0.0 |                     0.0 | 0.0 | 0.0 |                   0.0 |                   0.0 | 0.0 |                    0.0 |                    0.0 | 0.0 |
| dataset_N-irf.e_reco_model.resolution |                     0.0 |                    0.0 | 0.0 |                    0.0 | 0.0 |                     0.0 |                     0.0 | 0.0 | 0.0 |                   0.0 |                   0.0 | 0.0 |                    0.0 |                    0.0 | 0.0 |
|           dataset_N-irf.spectral.norm |                     0.0 |                    0.0 | 0.0 |                    0.0 | 0.0 |                     0.0 |                     0.0 | 0.0 | 0.0 |  0.010144599471493418 | 6.972359171687818e-08 | 0.0 |                    0.0 |                    0.0 | 0.0 |
|           dataset_N-irf.spectral.tilt |                     0.0 |                    0.0 | 0.0 |                    0.0 | 0.0 |                     0.0 |                     0.0 | 0.0 | 0.0 | 6.972359171687818e-08 | 0.0003999998157282108 | 0.0 |                    0.0 |                    0.0 | 0.0 |
|      dataset_N-irf.spectral.reference |                     0.0 |                    0.0 | 0.0 |                    0.0 | 0.0 |                     0.0 |                     0.0 | 0.0 | 0.0 |                   0.0 |                   0.0 | 0.0 |                    0.0 |                    0.0 | 0.0 |
|           dataset_N-bkg.spectral.norm |                     0.0 |                    0.0 | 0.0 |                    0.0 | 0.0 |                     0.0 |                     0.0 | 0.0 | 0.0 |                   0.0 |                   0.0 | 0.0 | 0.00011514960523825551 | 1.0851500090438759e-05 | 0.0 |
|           dataset_N-bkg.spectral.tilt |                     0.0 |                    0.0 | 0.0 |                    0.0 | 0.0 |                     0.0 |                     0.0 | 0.0 | 0.0 |                   0.0 |                   0.0 | 0.0 | 1.0851500090438759e-05 | 0.00013211446436328463 | 0.0 |
|      dataset_N-bkg.spectral.reference |                     0.0 |                    0.0 | 0.0 |                    0.0 | 0.0 |                     0.0 |                     0.0 | 0.0 | 0.0 |                   0.0 |                   0.0 | 0.0 |                    0.0 |                    0.0 | 0.0 |
