|                            Parameters |                       0 |                       1 |   2 |                       3 |   4 |                       5 |                       6 |   7 |   8 |                     9 |                     10 |  11 |                     12 |                     13 |  14 |
|                Crablog.spectral.index |     0.00855332404940445 |    -1.5960297668867e-13 | 0.0 |   -0.003126344034791277 | 0.0 | -1.6107805054889775e-06 | -2.3510601423368444e-08 | 0.0 | 0.0 |                   0.0 |                    0.0 | 0.0 |                    0.0 |                    0.0 | 0.0 |
|            Crablog.spectral.amplitude |    -1.5960297668867e-13 |   1.896703576295965e-23 | 0.0 |   8.505217444499343e-14 | 0.0 |  -3.460136518335339e-17 | -2.0392527590578073e-17 | 0.0 | 0.0 |                   0.0 |                    0.0 | 0.0 |                    0.0 |                    0.0 | 0.0 |
|            Crablog.spectral.reference |                     0.0 |                     0.0 | 0.0 |                     0.0 | 0.0 |                     0.0 |                     0.0 | 0.0 | 0.0 |                   0.0 |                    0.0 | 0.0 |                    0.0 |                    0.0 | 0.0 |
|              Crablog.spectral.lambda_ |   -0.003126344034791277 |   8.505217444499343e-14 | 0.0 |   0.0016610240567580682 | 0.0 | -1.3226692810015975e-07 |  -7.912477795247309e-08 | 0.0 | 0.0 |                   0.0 |                    0.0 | 0.0 |                    0.0 |                    0.0 | 0.0 |
|                Crablog.spectral.alpha |                     0.0 |                     0.0 | 0.0 |                     0.0 | 0.0 |                     0.0 |                     0.0 | 0.0 | 0.0 |                   0.0 |                    0.0 | 0.0 |                    0.0 |                    0.0 | 0.0 |
|                 Crablog.spatial.lon_0 | -1.6107805054889775e-06 |  -3.460136518335339e-17 | 0.0 | -1.3226692810015975e-07 | 0.0 |   5.778485444089634e-06 |  -3.161336576305161e-08 | 0.0 | 0.0 |                   0.0 |                    0.0 | 0.0 |                    0.0 |                    0.0 | 0.0 |
|                 Crablog.spatial.lat_0 | -2.3510601423368444e-08 | -2.0392527590578073e-17 | 0.0 |  -7.912477795247309e-08 | 0.0 |  -3.161336576305161e-08 |  4.1836328446805615e-06 | 0.0 | 0.0 |                   0.0 |                    0.0 | 0.0 |                    0.0 |                    0.0 | 0.0 |
|       dataset_N-irf.e_reco_model.bias |                     0.0 |                     0.0 | 0.0 |                     0.0 | 0.0 |                     0.0 |                     0.0 | 0.0 | 0.0 |                   0.0 |                    0.0 | 0.0 |                    0.0 |                    0.0 | 0.0 |
| dataset_N-irf.e_reco_model.resolution |                     0.0 |                     0.0 | 0.0 |                     0.0 | 0.0 |                     0.0 |                     0.0 | 0.0 | 0.0 |                   0.0 |                    0.0 | 0.0 |                    0.0 |                    0.0 | 0.0 |
|           dataset_N-irf.spectral.norm |                     0.0 |                     0.0 | 0.0 |                     0.0 | 0.0 |                     0.0 |                     0.0 | 0.0 | 0.0 |  0.010146879008953951 |  3.764395961437387e-07 | 0.0 |                    0.0 |                    0.0 | 0.0 |
|           dataset_N-irf.spectral.tilt |                     0.0 |                     0.0 | 0.0 |                     0.0 | 0.0 |                     0.0 |                     0.0 | 0.0 | 0.0 | 3.764395961437387e-07 | 0.00040000013540014413 | 0.0 |                    0.0 |                    0.0 | 0.0 |
|      dataset_N-irf.spectral.reference |                     0.0 |                     0.0 | 0.0 |                     0.0 | 0.0 |                     0.0 |                     0.0 | 0.0 | 0.0 |                   0.0 |                    0.0 | 0.0 |                    0.0 |                    0.0 | 0.0 |
|           dataset_N-bkg.spectral.norm |                     0.0 |                     0.0 | 0.0 |                     0.0 | 0.0 |                     0.0 |                     0.0 | 0.0 | 0.0 |                   0.0 |                    0.0 | 0.0 | 0.00011409692825539222 |  8.713119209350725e-06 | 0.0 |
|           dataset_N-bkg.spectral.tilt |                     0.0 |                     0.0 | 0.0 |                     0.0 | 0.0 |                     0.0 |                     0.0 | 0.0 | 0.0 |                   0.0 |                    0.0 | 0.0 |  8.713119209350725e-06 | 0.00013663084785595905 | 0.0 |
|      dataset_N-bkg.spectral.reference |                     0.0 |                     0.0 | 0.0 |                     0.0 | 0.0 |                     0.0 |                     0.0 | 0.0 | 0.0 |                   0.0 |                    0.0 | 0.0 |                    0.0 |                    0.0 | 0.0 |
