|                            Parameters |                       0 |                       1 |   2 |                       3 |   4 |                       5 |                       6 |   7 |   8 |                      9 |                     10 |  11 |                     12 |                     13 |  14 |
|                Crablog.spectral.index |     0.00579339162163245 |  -8.965160102756929e-14 | 0.0 |   -0.001685979584965891 | 0.0 |   5.439809345878964e-07 | -1.8883302321004878e-07 | 0.0 | 0.0 |                    0.0 |                    0.0 | 0.0 |                    0.0 |                    0.0 | 0.0 |
|            Crablog.spectral.amplitude |  -8.965160102756929e-14 |   1.870659507994847e-23 | 0.0 |   4.392128551319527e-14 | 0.0 | -1.1276527009412215e-17 |   7.773025510556092e-18 | 0.0 | 0.0 |                    0.0 |                    0.0 | 0.0 |                    0.0 |                    0.0 | 0.0 |
|            Crablog.spectral.reference |                     0.0 |                     0.0 | 0.0 |                     0.0 | 0.0 |                     0.0 |                     0.0 | 0.0 | 0.0 |                    0.0 |                    0.0 | 0.0 |                    0.0 |                    0.0 | 0.0 |
|              Crablog.spectral.lambda_ |   -0.001685979584965891 |   4.392128551319527e-14 | 0.0 |   0.0007914409838031519 | 0.0 |     3.7713774909791e-09 | -2.3753406416704775e-08 | 0.0 | 0.0 |                    0.0 |                    0.0 | 0.0 |                    0.0 |                    0.0 | 0.0 |
|                Crablog.spectral.alpha |                     0.0 |                     0.0 | 0.0 |                     0.0 | 0.0 |                     0.0 |                     0.0 | 0.0 | 0.0 |                    0.0 |                    0.0 | 0.0 |                    0.0 |                    0.0 | 0.0 |
|                 Crablog.spatial.lon_0 |   5.439809345878964e-07 | -1.1276527009412215e-17 | 0.0 |     3.7713774909791e-09 | 0.0 |   4.967152970257534e-06 |   9.126325887146217e-08 | 0.0 | 0.0 |                    0.0 |                    0.0 | 0.0 |                    0.0 |                    0.0 | 0.0 |
|                 Crablog.spatial.lat_0 | -1.8883302321004878e-07 |   7.773025510556092e-18 | 0.0 | -2.3753406416704775e-08 | 0.0 |   9.126325887146217e-08 |  3.6660718057255096e-06 | 0.0 | 0.0 |                    0.0 |                    0.0 | 0.0 |                    0.0 |                    0.0 | 0.0 |
|       dataset_N-irf.e_reco_model.bias |                     0.0 |                     0.0 | 0.0 |                     0.0 | 0.0 |                     0.0 |                     0.0 | 0.0 | 0.0 |                    0.0 |                    0.0 | 0.0 |                    0.0 |                    0.0 | 0.0 |
| dataset_N-irf.e_reco_model.resolution |                     0.0 |                     0.0 | 0.0 |                     0.0 | 0.0 |                     0.0 |                     0.0 | 0.0 | 0.0 |                    0.0 |                    0.0 | 0.0 |                    0.0 |                    0.0 | 0.0 |
|           dataset_N-irf.spectral.norm |                     0.0 |                     0.0 | 0.0 |                     0.0 | 0.0 |                     0.0 |                     0.0 | 0.0 | 0.0 |    0.01015338985033732 | 1.0118366242819246e-06 | 0.0 |                    0.0 |                    0.0 | 0.0 |
|           dataset_N-irf.spectral.tilt |                     0.0 |                     0.0 | 0.0 |                     0.0 | 0.0 |                     0.0 |                     0.0 | 0.0 | 0.0 | 1.0118366242819246e-06 |  0.0003999997939012614 | 0.0 |                    0.0 |                    0.0 | 0.0 |
|      dataset_N-irf.spectral.reference |                     0.0 |                     0.0 | 0.0 |                     0.0 | 0.0 |                     0.0 |                     0.0 | 0.0 | 0.0 |                    0.0 |                    0.0 | 0.0 |                    0.0 |                    0.0 | 0.0 |
|           dataset_N-bkg.spectral.norm |                     0.0 |                     0.0 | 0.0 |                     0.0 | 0.0 |                     0.0 |                     0.0 | 0.0 | 0.0 |                    0.0 |                    0.0 | 0.0 | 0.00011547166610356035 |  8.805267463350814e-06 | 0.0 |
|           dataset_N-bkg.spectral.tilt |                     0.0 |                     0.0 | 0.0 |                     0.0 | 0.0 |                     0.0 |                     0.0 | 0.0 | 0.0 |                    0.0 |                    0.0 | 0.0 |  8.805267463350814e-06 | 0.00013526606405522135 | 0.0 |
|      dataset_N-bkg.spectral.reference |                     0.0 |                     0.0 | 0.0 |                     0.0 | 0.0 |                     0.0 |                     0.0 | 0.0 | 0.0 |                    0.0 |                    0.0 | 0.0 |                    0.0 |                    0.0 | 0.0 |
