|                            Parameters |                       0 |                       1 |   2 |                       3 |   4 |                       5 |                       6 |   7 |   8 |                     9 |                    10 |  11 |                     12 |                     13 |  14 |
|                Crablog.spectral.index |    0.006556765783043775 | -1.1735768202736928e-13 | 0.0 |   -0.002116916290611324 | 0.0 |  1.2684153425836656e-06 | -2.5330272804550316e-07 | 0.0 | 0.0 |                   0.0 |                   0.0 | 0.0 |                    0.0 |                    0.0 | 0.0 |
|            Crablog.spectral.amplitude | -1.1735768202736928e-13 |  2.0324660521384353e-23 | 0.0 |   5.988669563257489e-14 | 0.0 |  -9.894345624178094e-18 |   1.044468890950154e-17 | 0.0 | 0.0 |                   0.0 |                   0.0 | 0.0 |                    0.0 |                    0.0 | 0.0 |
|            Crablog.spectral.reference |                     0.0 |                     0.0 | 0.0 |                     0.0 | 0.0 |                     0.0 |                     0.0 | 0.0 | 0.0 |                   0.0 |                   0.0 | 0.0 |                    0.0 |                    0.0 | 0.0 |
|              Crablog.spectral.lambda_ |   -0.002116916290611324 |   5.988669563257489e-14 | 0.0 |    0.001068459257409338 | 0.0 | -1.5627588231479255e-07 |   2.879680887589845e-07 | 0.0 | 0.0 |                   0.0 |                   0.0 | 0.0 |                    0.0 |                    0.0 | 0.0 |
|                Crablog.spectral.alpha |                     0.0 |                     0.0 | 0.0 |                     0.0 | 0.0 |                     0.0 |                     0.0 | 0.0 | 0.0 |                   0.0 |                   0.0 | 0.0 |                    0.0 |                    0.0 | 0.0 |
|                 Crablog.spatial.lon_0 |  1.2684153425836656e-06 |  -9.894345624178094e-18 | 0.0 | -1.5627588231479255e-07 | 0.0 |   4.996899385844239e-06 | -1.6775157887578268e-07 | 0.0 | 0.0 |                   0.0 |                   0.0 | 0.0 |                    0.0 |                    0.0 | 0.0 |
|                 Crablog.spatial.lat_0 | -2.5330272804550316e-07 |   1.044468890950154e-17 | 0.0 |   2.879680887589845e-07 | 0.0 | -1.6775157887578268e-07 |   3.880286703268764e-06 | 0.0 | 0.0 |                   0.0 |                   0.0 | 0.0 |                    0.0 |                    0.0 | 0.0 |
|       dataset_N-irf.e_reco_model.bias |                     0.0 |                     0.0 | 0.0 |                     0.0 | 0.0 |                     0.0 |                     0.0 | 0.0 | 0.0 |                   0.0 |                   0.0 | 0.0 |                    0.0 |                    0.0 | 0.0 |
| dataset_N-irf.e_reco_model.resolution |                     0.0 |                     0.0 | 0.0 |                     0.0 | 0.0 |                     0.0 |                     0.0 | 0.0 | 0.0 |                   0.0 |                   0.0 | 0.0 |                    0.0 |                    0.0 | 0.0 |
|           dataset_N-irf.spectral.norm |                     0.0 |                     0.0 | 0.0 |                     0.0 | 0.0 |                     0.0 |                     0.0 | 0.0 | 0.0 |  0.010136223559662306 | 1.277321317310012e-07 | 0.0 |                    0.0 |                    0.0 | 0.0 |
|           dataset_N-irf.spectral.tilt |                     0.0 |                     0.0 | 0.0 |                     0.0 | 0.0 |                     0.0 |                     0.0 | 0.0 | 0.0 | 1.277321317310012e-07 | 0.0003999998637378152 | 0.0 |                    0.0 |                    0.0 | 0.0 |
|      dataset_N-irf.spectral.reference |                     0.0 |                     0.0 | 0.0 |                     0.0 | 0.0 |                     0.0 |                     0.0 | 0.0 | 0.0 |                   0.0 |                   0.0 | 0.0 |                    0.0 |                    0.0 | 0.0 |
|           dataset_N-bkg.spectral.norm |                     0.0 |                     0.0 | 0.0 |                     0.0 | 0.0 |                     0.0 |                     0.0 | 0.0 | 0.0 |                   0.0 |                   0.0 | 0.0 | 0.00011710983907223283 |   8.64425818827266e-06 | 0.0 |
|           dataset_N-bkg.spectral.tilt |                     0.0 |                     0.0 | 0.0 |                     0.0 | 0.0 |                     0.0 |                     0.0 | 0.0 | 0.0 |                   0.0 |                   0.0 | 0.0 |   8.64425818827266e-06 | 0.00013305524944573445 | 0.0 |
|      dataset_N-bkg.spectral.reference |                     0.0 |                     0.0 | 0.0 |                     0.0 | 0.0 |                     0.0 |                     0.0 | 0.0 | 0.0 |                   0.0 |                   0.0 | 0.0 |                    0.0 |                    0.0 | 0.0 |
