|                            Parameters |                       0 |                       1 |   2 |                       3 |   4 |                      5 |                       6 |   7 |   8 |                     9 |                     10 |  11 |                     12 |                     13 |  14 |
|                Crablog.spectral.index |     0.00869606233053832 | -1.9422682458497392e-13 | 0.0 |  -0.0034009568912320336 | 0.0 | -3.182792085089836e-06 |   2.465398090783657e-06 | 0.0 | 0.0 |                   0.0 |                    0.0 | 0.0 |                    0.0 |                    0.0 | 0.0 |
|            Crablog.spectral.amplitude | -1.9422682458497392e-13 |  2.5459069320580737e-23 | 0.0 |  1.0605106971750569e-13 | 0.0 |  8.142786192077447e-17 |   -5.38004486419283e-17 | 0.0 | 0.0 |                   0.0 |                    0.0 | 0.0 |                    0.0 |                    0.0 | 0.0 |
|            Crablog.spectral.reference |                     0.0 |                     0.0 | 0.0 |                     0.0 | 0.0 |                    0.0 |                     0.0 | 0.0 | 0.0 |                   0.0 |                    0.0 | 0.0 |                    0.0 |                    0.0 | 0.0 |
|              Crablog.spectral.lambda_ |  -0.0034009568912320336 |  1.0605106971750569e-13 | 0.0 |   0.0018194379790101689 | 0.0 |  2.091521162369632e-06 | -1.4204888477781972e-06 | 0.0 | 0.0 |                   0.0 |                    0.0 | 0.0 |                    0.0 |                    0.0 | 0.0 |
|                Crablog.spectral.alpha |                     0.0 |                     0.0 | 0.0 |                     0.0 | 0.0 |                    0.0 |                     0.0 | 0.0 | 0.0 |                   0.0 |                    0.0 | 0.0 |                    0.0 |                    0.0 | 0.0 |
|                 Crablog.spatial.lon_0 |  -3.182792085089836e-06 |   8.142786192077447e-17 | 0.0 |   2.091521162369632e-06 | 0.0 |  4.932382307402866e-06 |  -8.319913992651152e-08 | 0.0 | 0.0 |                   0.0 |                    0.0 | 0.0 |                    0.0 |                    0.0 | 0.0 |
|                 Crablog.spatial.lat_0 |   2.465398090783657e-06 |   -5.38004486419283e-17 | 0.0 | -1.4204888477781972e-06 | 0.0 | -8.319913992651152e-08 |   3.796796981119124e-06 | 0.0 | 0.0 |                   0.0 |                    0.0 | 0.0 |                    0.0 |                    0.0 | 0.0 |
|       dataset_N-irf.e_reco_model.bias |                     0.0 |                     0.0 | 0.0 |                     0.0 | 0.0 |                    0.0 |                     0.0 | 0.0 | 0.0 |                   0.0 |                    0.0 | 0.0 |                    0.0 |                    0.0 | 0.0 |
| dataset_N-irf.e_reco_model.resolution |                     0.0 |                     0.0 | 0.0 |                     0.0 | 0.0 |                    0.0 |                     0.0 | 0.0 | 0.0 |                   0.0 |                    0.0 | 0.0 |                    0.0 |                    0.0 | 0.0 |
|           dataset_N-irf.spectral.norm |                     0.0 |                     0.0 | 0.0 |                     0.0 | 0.0 |                    0.0 |                     0.0 | 0.0 | 0.0 |   0.01015660262305851 |  7.530268292325377e-07 | 0.0 |                    0.0 |                    0.0 | 0.0 |
|           dataset_N-irf.spectral.tilt |                     0.0 |                     0.0 | 0.0 |                     0.0 | 0.0 |                    0.0 |                     0.0 | 0.0 | 0.0 | 7.530268292325377e-07 | 0.00040000001382393464 | 0.0 |                    0.0 |                    0.0 | 0.0 |
|      dataset_N-irf.spectral.reference |                     0.0 |                     0.0 | 0.0 |                     0.0 | 0.0 |                    0.0 |                     0.0 | 0.0 | 0.0 |                   0.0 |                    0.0 | 0.0 |                    0.0 |                    0.0 | 0.0 |
|           dataset_N-bkg.spectral.norm |                     0.0 |                     0.0 | 0.0 |                     0.0 | 0.0 |                    0.0 |                     0.0 | 0.0 | 0.0 |                   0.0 |                    0.0 | 0.0 | 0.00011494017756758727 |  9.462963643810039e-06 | 0.0 |
|           dataset_N-bkg.spectral.tilt |                     0.0 |                     0.0 | 0.0 |                     0.0 | 0.0 |                    0.0 |                     0.0 | 0.0 | 0.0 |                   0.0 |                    0.0 | 0.0 |  9.462963643810039e-06 | 0.00013499517242202645 | 0.0 |
|      dataset_N-bkg.spectral.reference |                     0.0 |                     0.0 | 0.0 |                     0.0 | 0.0 |                    0.0 |                     0.0 | 0.0 | 0.0 |                   0.0 |                    0.0 | 0.0 |                    0.0 |                    0.0 | 0.0 |
