|                            Parameters |                      0 |                      1 |   2 |                       3 |   4 |                       5 |                       6 |   7 |   8 |                      9 |                     10 |  11 |                     12 |                     13 |  14 |
|                Crablog.spectral.index |   0.005881762339660668 |  -8.49036247079911e-14 | 0.0 |   -0.001663211658812119 | 0.0 |  -8.009155420140747e-07 |  2.3787325202277136e-07 | 0.0 | 0.0 |                    0.0 |                    0.0 | 0.0 |                    0.0 |                    0.0 | 0.0 |
|            Crablog.spectral.amplitude |  -8.49036247079911e-14 |  1.798372781116884e-23 | 0.0 |   4.117828776504409e-14 | 0.0 |  -3.757522302329231e-18 |   8.892626237661514e-18 | 0.0 | 0.0 |                    0.0 |                    0.0 | 0.0 |                    0.0 |                    0.0 | 0.0 |
|            Crablog.spectral.reference |                    0.0 |                    0.0 | 0.0 |                     0.0 | 0.0 |                     0.0 |                     0.0 | 0.0 | 0.0 |                    0.0 |                    0.0 | 0.0 |                    0.0 |                    0.0 | 0.0 |
|              Crablog.spectral.lambda_ |  -0.001663211658812119 |  4.117828776504409e-14 | 0.0 |   0.0007576369450558093 | 0.0 |   5.154117189202445e-07 | -1.1374554362602297e-07 | 0.0 | 0.0 |                    0.0 |                    0.0 | 0.0 |                    0.0 |                    0.0 | 0.0 |
|                Crablog.spectral.alpha |                    0.0 |                    0.0 | 0.0 |                     0.0 | 0.0 |                     0.0 |                     0.0 | 0.0 | 0.0 |                    0.0 |                    0.0 | 0.0 |                    0.0 |                    0.0 | 0.0 |
|                 Crablog.spatial.lon_0 | -8.009155420140747e-07 | -3.757522302329231e-18 | 0.0 |   5.154117189202445e-07 | 0.0 |   4.877148725420458e-06 | -2.5660870760792002e-08 | 0.0 | 0.0 |                    0.0 |                    0.0 | 0.0 |                    0.0 |                    0.0 | 0.0 |
|                 Crablog.spatial.lat_0 | 2.3787325202277136e-07 |  8.892626237661514e-18 | 0.0 | -1.1374554362602297e-07 | 0.0 | -2.5660870760792002e-08 |  3.6343159076688785e-06 | 0.0 | 0.0 |                    0.0 |                    0.0 | 0.0 |                    0.0 |                    0.0 | 0.0 |
|       dataset_N-irf.e_reco_model.bias |                    0.0 |                    0.0 | 0.0 |                     0.0 | 0.0 |                     0.0 |                     0.0 | 0.0 | 0.0 |                    0.0 |                    0.0 | 0.0 |                    0.0 |                    0.0 | 0.0 |
| dataset_N-irf.e_reco_model.resolution |                    0.0 |                    0.0 | 0.0 |                     0.0 | 0.0 |                     0.0 |                     0.0 | 0.0 | 0.0 |                    0.0 |                    0.0 | 0.0 |                    0.0 |                    0.0 | 0.0 |
|           dataset_N-irf.spectral.norm |                    0.0 |                    0.0 | 0.0 |                     0.0 | 0.0 |                     0.0 |                     0.0 | 0.0 | 0.0 |   0.010156613689658311 | 1.2768431320767759e-06 | 0.0 |                    0.0 |                    0.0 | 0.0 |
|           dataset_N-irf.spectral.tilt |                    0.0 |                    0.0 | 0.0 |                     0.0 | 0.0 |                     0.0 |                     0.0 | 0.0 | 0.0 | 1.2768431320767759e-06 |   0.000400000170769743 | 0.0 |                    0.0 |                    0.0 | 0.0 |
|      dataset_N-irf.spectral.reference |                    0.0 |                    0.0 | 0.0 |                     0.0 | 0.0 |                     0.0 |                     0.0 | 0.0 | 0.0 |                    0.0 |                    0.0 | 0.0 |                    0.0 |                    0.0 | 0.0 |
|           dataset_N-bkg.spectral.norm |                    0.0 |                    0.0 | 0.0 |                     0.0 | 0.0 |                     0.0 |                     0.0 | 0.0 | 0.0 |                    0.0 |                    0.0 | 0.0 | 0.00011782370270612284 |  8.219271618707336e-06 | 0.0 |
|           dataset_N-bkg.spectral.tilt |                    0.0 |                    0.0 | 0.0 |                     0.0 | 0.0 |                     0.0 |                     0.0 | 0.0 | 0.0 |                    0.0 |                    0.0 | 0.0 |  8.219271618707336e-06 | 0.00013303272178730904 | 0.0 |
|      dataset_N-bkg.spectral.reference |                    0.0 |                    0.0 | 0.0 |                     0.0 | 0.0 |                     0.0 |                     0.0 | 0.0 | 0.0 |                    0.0 |                    0.0 | 0.0 |                    0.0 |                    0.0 | 0.0 |
