|                            Parameters |                      0 |                       1 |   2 |                       3 |   4 |                       5 |                       6 |   7 |   8 |                    9 |                    10 |  11 |                     12 |                     13 |  14 |
|                Crablog.spectral.index |   0.005762989067341939 |  -6.985181907838376e-14 | 0.0 |  -0.0014844949123689792 | 0.0 |  -9.156592258534458e-07 |   7.759397669476953e-07 | 0.0 | 0.0 |                  0.0 |                   0.0 | 0.0 |                    0.0 |                    0.0 | 0.0 |
|            Crablog.spectral.amplitude | -6.985181907838376e-14 |   1.433551961458614e-23 | 0.0 |   3.247709061655877e-14 | 0.0 | -1.0816508872439389e-17 |  1.5013573557956965e-17 | 0.0 | 0.0 |                  0.0 |                   0.0 | 0.0 |                    0.0 |                    0.0 | 0.0 |
|            Crablog.spectral.reference |                    0.0 |                     0.0 | 0.0 |                     0.0 | 0.0 |                     0.0 |                     0.0 | 0.0 | 0.0 |                  0.0 |                   0.0 | 0.0 |                    0.0 |                    0.0 | 0.0 |
|              Crablog.spectral.lambda_ | -0.0014844949123689792 |   3.247709061655877e-14 | 0.0 |   0.0006544929703223356 | 0.0 |   2.948736972428079e-07 | -1.7175640245524037e-07 | 0.0 | 0.0 |                  0.0 |                   0.0 | 0.0 |                    0.0 |                    0.0 | 0.0 |
|                Crablog.spectral.alpha |                    0.0 |                     0.0 | 0.0 |                     0.0 | 0.0 |                     0.0 |                     0.0 | 0.0 | 0.0 |                  0.0 |                   0.0 | 0.0 |                    0.0 |                    0.0 | 0.0 |
|                 Crablog.spatial.lon_0 | -9.156592258534458e-07 | -1.0816508872439389e-17 | 0.0 |   2.948736972428079e-07 | 0.0 |   5.511418281294975e-06 |   3.520270815566622e-09 | 0.0 | 0.0 |                  0.0 |                   0.0 | 0.0 |                    0.0 |                    0.0 | 0.0 |
|                 Crablog.spatial.lat_0 |  7.759397669476953e-07 |  1.5013573557956965e-17 | 0.0 | -1.7175640245524037e-07 | 0.0 |   3.520270815566622e-09 |   4.333545687032449e-06 | 0.0 | 0.0 |                  0.0 |                   0.0 | 0.0 |                    0.0 |                    0.0 | 0.0 |
|       dataset_N-irf.e_reco_model.bias |                    0.0 |                     0.0 | 0.0 |                     0.0 | 0.0 |                     0.0 |                     0.0 | 0.0 | 0.0 |                  0.0 |                   0.0 | 0.0 |                    0.0 |                    0.0 | 0.0 |
| dataset_N-irf.e_reco_model.resolution |                    0.0 |                     0.0 | 0.0 |                     0.0 | 0.0 |                     0.0 |                     0.0 | 0.0 | 0.0 |                  0.0 |                   0.0 | 0.0 |                    0.0 |                    0.0 | 0.0 |
|           dataset_N-irf.spectral.norm |                    0.0 |                     0.0 | 0.0 |                     0.0 | 0.0 |                     0.0 |                     0.0 | 0.0 | 0.0 | 0.010146872939645338 |   8.4091492385937e-07 | 0.0 |                    0.0 |                    0.0 | 0.0 |
|           dataset_N-irf.spectral.tilt |                    0.0 |                     0.0 | 0.0 |                     0.0 | 0.0 |                     0.0 |                     0.0 | 0.0 | 0.0 |  8.4091492385937e-07 | 0.0004000000610923398 | 0.0 |                    0.0 |                    0.0 | 0.0 |
|      dataset_N-irf.spectral.reference |                    0.0 |                     0.0 | 0.0 |                     0.0 | 0.0 |                     0.0 |                     0.0 | 0.0 | 0.0 |                  0.0 |                   0.0 | 0.0 |                    0.0 |                    0.0 | 0.0 |
|           dataset_N-bkg.spectral.norm |                    0.0 |                     0.0 | 0.0 |                     0.0 | 0.0 |                     0.0 |                     0.0 | 0.0 | 0.0 |                  0.0 |                   0.0 | 0.0 | 0.00011447774469530258 |    9.1788982641559e-06 | 0.0 |
|           dataset_N-bkg.spectral.tilt |                    0.0 |                     0.0 | 0.0 |                     0.0 | 0.0 |                     0.0 |                     0.0 | 0.0 | 0.0 |                  0.0 |                   0.0 | 0.0 |    9.1788982641559e-06 | 0.00013545922504504756 | 0.0 |
|      dataset_N-bkg.spectral.reference |                    0.0 |                     0.0 | 0.0 |                     0.0 | 0.0 |                     0.0 |                     0.0 | 0.0 | 0.0 |                  0.0 |                   0.0 | 0.0 |                    0.0 |                    0.0 | 0.0 |
