|                            Parameters |                      0 |                       1 |   2 |                      3 |   4 |                      5 |                       6 |   7 |   8 |                     9 |                     10 |  11 |                     12 |                    13 |  14 |
|                Crablog.spectral.index |   0.008433521677132875 |  -1.875692654885592e-13 | 0.0 |  -0.003294897931447645 | 0.0 | 1.2619300684470487e-06 |   1.053973545957155e-06 | 0.0 | 0.0 |                   0.0 |                    0.0 | 0.0 |                    0.0 |                   0.0 | 0.0 |
|            Crablog.spectral.amplitude | -1.875692654885592e-13 |  2.5630332250406306e-23 | 0.0 | 1.0625115230915602e-13 | 0.0 | -7.276348812699579e-17 | -3.2383320001542255e-18 | 0.0 | 0.0 |                   0.0 |                    0.0 | 0.0 |                    0.0 |                   0.0 | 0.0 |
|            Crablog.spectral.reference |                    0.0 |                     0.0 | 0.0 |                    0.0 | 0.0 |                    0.0 |                     0.0 | 0.0 | 0.0 |                   0.0 |                    0.0 | 0.0 |                    0.0 |                   0.0 | 0.0 |
|              Crablog.spectral.lambda_ |  -0.003294897931447645 |  1.0625115230915602e-13 | 0.0 |  0.0018411394638227602 | 0.0 | -5.162042465835085e-07 |  -3.069139288414992e-07 | 0.0 | 0.0 |                   0.0 |                    0.0 | 0.0 |                    0.0 |                   0.0 | 0.0 |
|                Crablog.spectral.alpha |                    0.0 |                     0.0 | 0.0 |                    0.0 | 0.0 |                    0.0 |                     0.0 | 0.0 | 0.0 |                   0.0 |                    0.0 | 0.0 |                    0.0 |                   0.0 | 0.0 |
|                 Crablog.spatial.lon_0 | 1.2619300684470487e-06 |  -7.276348812699579e-17 | 0.0 | -5.162042465835085e-07 | 0.0 | 4.8518494411353296e-06 |   1.987823111258454e-08 | 0.0 | 0.0 |                   0.0 |                    0.0 | 0.0 |                    0.0 |                   0.0 | 0.0 |
|                 Crablog.spatial.lat_0 |  1.053973545957155e-06 | -3.2383320001542255e-18 | 0.0 | -3.069139288414992e-07 | 0.0 |  1.987823111258454e-08 |  3.7904749477635916e-06 | 0.0 | 0.0 |                   0.0 |                    0.0 | 0.0 |                    0.0 |                   0.0 | 0.0 |
|       dataset_N-irf.e_reco_model.bias |                    0.0 |                     0.0 | 0.0 |                    0.0 | 0.0 |                    0.0 |                     0.0 | 0.0 | 0.0 |                   0.0 |                    0.0 | 0.0 |                    0.0 |                   0.0 | 0.0 |
| dataset_N-irf.e_reco_model.resolution |                    0.0 |                     0.0 | 0.0 |                    0.0 | 0.0 |                    0.0 |                     0.0 | 0.0 | 0.0 |                   0.0 |                    0.0 | 0.0 |                    0.0 |                   0.0 | 0.0 |
|           dataset_N-irf.spectral.norm |                    0.0 |                     0.0 | 0.0 |                    0.0 | 0.0 |                    0.0 |                     0.0 | 0.0 | 0.0 |  0.010129933304737894 |  2.496228429766441e-07 | 0.0 |                    0.0 |                   0.0 | 0.0 |
|           dataset_N-irf.spectral.tilt |                    0.0 |                     0.0 | 0.0 |                    0.0 | 0.0 |                    0.0 |                     0.0 | 0.0 | 0.0 | 2.496228429766441e-07 | 0.00039999993849115117 | 0.0 |                    0.0 |                   0.0 | 0.0 |
|      dataset_N-irf.spectral.reference |                    0.0 |                     0.0 | 0.0 |                    0.0 | 0.0 |                    0.0 |                     0.0 | 0.0 | 0.0 |                   0.0 |                    0.0 | 0.0 |                    0.0 |                   0.0 | 0.0 |
|           dataset_N-bkg.spectral.norm |                    0.0 |                     0.0 | 0.0 |                    0.0 | 0.0 |                    0.0 |                     0.0 | 0.0 | 0.0 |                   0.0 |                    0.0 | 0.0 | 0.00011456104793913735 | 7.210874464467542e-06 | 0.0 |
|           dataset_N-bkg.spectral.tilt |                    0.0 |                     0.0 | 0.0 |                    0.0 | 0.0 |                    0.0 |                     0.0 | 0.0 | 0.0 |                   0.0 |                    0.0 | 0.0 |  7.210874464467542e-06 | 0.0001381398943467288 | 0.0 |
|      dataset_N-bkg.spectral.reference |                    0.0 |                     0.0 | 0.0 |                    0.0 | 0.0 |                    0.0 |                     0.0 | 0.0 | 0.0 |                   0.0 |                    0.0 | 0.0 |                    0.0 |                   0.0 | 0.0 |
