|                            Parameters |                      0 |                      1 |   2 |                      3 |   4 |                       5 |                       6 |   7 |   8 |                       9 |                      10 |  11 |                     12 |                     13 |  14 |
|                Crablog.spectral.index |   0.010924224433156072 | -2.681206701413639e-13 | 0.0 |  -0.004795640533246799 | 0.0 |  2.4751848334528462e-06 |  -2.568098450392406e-07 | 0.0 | 0.0 |                     0.0 |                     0.0 | 0.0 |                    0.0 |                    0.0 | 0.0 |
|            Crablog.spectral.amplitude | -2.681206701413639e-13 |  2.784625309667524e-23 | 0.0 |  1.615898085365672e-13 | 0.0 |  -8.281130539743124e-17 |   2.753159595876601e-18 | 0.0 | 0.0 |                     0.0 |                     0.0 | 0.0 |                    0.0 |                    0.0 | 0.0 |
|            Crablog.spectral.reference |                    0.0 |                    0.0 | 0.0 |                    0.0 | 0.0 |                     0.0 |                     0.0 | 0.0 | 0.0 |                     0.0 |                     0.0 | 0.0 |                    0.0 |                    0.0 | 0.0 |
|              Crablog.spectral.lambda_ |  -0.004795640533246799 |  1.615898085365672e-13 | 0.0 |  0.0029077734367294957 | 0.0 |  -7.830456022926763e-07 |   2.910560494241448e-07 | 0.0 | 0.0 |                     0.0 |                     0.0 | 0.0 |                    0.0 |                    0.0 | 0.0 |
|                Crablog.spectral.alpha |                    0.0 |                    0.0 | 0.0 |                    0.0 | 0.0 |                     0.0 |                     0.0 | 0.0 | 0.0 |                     0.0 |                     0.0 | 0.0 |                    0.0 |                    0.0 | 0.0 |
|                 Crablog.spatial.lon_0 | 2.4751848334528462e-06 | -8.281130539743124e-17 | 0.0 | -7.830456022926763e-07 | 0.0 |  5.7565159539362895e-06 | -3.2668949355040345e-08 | 0.0 | 0.0 |                     0.0 |                     0.0 | 0.0 |                    0.0 |                    0.0 | 0.0 |
|                 Crablog.spatial.lat_0 | -2.568098450392406e-07 |  2.753159595876601e-18 | 0.0 |  2.910560494241448e-07 | 0.0 | -3.2668949355040345e-08 |   4.190679301482368e-06 | 0.0 | 0.0 |                     0.0 |                     0.0 | 0.0 |                    0.0 |                    0.0 | 0.0 |
|       dataset_N-irf.e_reco_model.bias |                    0.0 |                    0.0 | 0.0 |                    0.0 | 0.0 |                     0.0 |                     0.0 | 0.0 | 0.0 |                     0.0 |                     0.0 | 0.0 |                    0.0 |                    0.0 | 0.0 |
| dataset_N-irf.e_reco_model.resolution |                    0.0 |                    0.0 | 0.0 |                    0.0 | 0.0 |                     0.0 |                     0.0 | 0.0 | 0.0 |                     0.0 |                     0.0 | 0.0 |                    0.0 |                    0.0 | 0.0 |
|           dataset_N-irf.spectral.norm |                    0.0 |                    0.0 | 0.0 |                    0.0 | 0.0 |                     0.0 |                     0.0 | 0.0 | 0.0 |     0.01014759080921977 | -1.8610030304381484e-08 | 0.0 |                    0.0 |                    0.0 | 0.0 |
|           dataset_N-irf.spectral.tilt |                    0.0 |                    0.0 | 0.0 |                    0.0 | 0.0 |                     0.0 |                     0.0 | 0.0 | 0.0 | -1.8610030304381484e-08 |   0.0004000000265458596 | 0.0 |                    0.0 |                    0.0 | 0.0 |
|      dataset_N-irf.spectral.reference |                    0.0 |                    0.0 | 0.0 |                    0.0 | 0.0 |                     0.0 |                     0.0 | 0.0 | 0.0 |                     0.0 |                     0.0 | 0.0 |                    0.0 |                    0.0 | 0.0 |
|           dataset_N-bkg.spectral.norm |                    0.0 |                    0.0 | 0.0 |                    0.0 | 0.0 |                     0.0 |                     0.0 | 0.0 | 0.0 |                     0.0 |                     0.0 | 0.0 |  0.0001173729367892307 | 1.0524703060316451e-05 | 0.0 |
|           dataset_N-bkg.spectral.tilt |                    0.0 |                    0.0 | 0.0 |                    0.0 | 0.0 |                     0.0 |                     0.0 | 0.0 | 0.0 |                     0.0 |                     0.0 | 0.0 | 1.0524703060316451e-05 | 0.00012995955317661294 | 0.0 |
|      dataset_N-bkg.spectral.reference |                    0.0 |                    0.0 | 0.0 |                    0.0 | 0.0 |                     0.0 |                     0.0 | 0.0 | 0.0 |                     0.0 |                     0.0 | 0.0 |                    0.0 |                    0.0 | 0.0 |
