|                            Parameters |                       0 |                       1 |   2 |                       3 |   4 |                       5 |                      6 |   7 |   8 |                     9 |                    10 |  11 |                     12 |                     13 |  14 |
|                Crablog.spectral.index |    0.009787423329206277 | -2.3974924560300305e-13 | 0.0 |   -0.004141822909791494 | 0.0 |   7.420096660696362e-07 | -8.920374983342474e-07 | 0.0 | 0.0 |                   0.0 |                   0.0 | 0.0 |                    0.0 |                    0.0 | 0.0 |
|            Crablog.spectral.amplitude | -2.3974924560300305e-13 |  2.8686876752632923e-23 | 0.0 |   1.420921559729591e-13 | 0.0 |  -3.356906165478384e-17 | 4.5257204440025803e-17 | 0.0 | 0.0 |                   0.0 |                   0.0 | 0.0 |                    0.0 |                    0.0 | 0.0 |
|            Crablog.spectral.reference |                     0.0 |                     0.0 | 0.0 |                     0.0 | 0.0 |                     0.0 |                    0.0 | 0.0 | 0.0 |                   0.0 |                   0.0 | 0.0 |                    0.0 |                    0.0 | 0.0 |
|              Crablog.spectral.lambda_ |   -0.004141822909791494 |   1.420921559729591e-13 | 0.0 |   0.0024459078880188384 | 0.0 | -2.0675862290068265e-07 |  5.154523616413078e-07 | 0.0 | 0.0 |                   0.0 |                   0.0 | 0.0 |                    0.0 |                    0.0 | 0.0 |
|                Crablog.spectral.alpha |                     0.0 |                     0.0 | 0.0 |                     0.0 | 0.0 |                     0.0 |                    0.0 | 0.0 | 0.0 |                   0.0 |                   0.0 | 0.0 |                    0.0 |                    0.0 | 0.0 |
|                 Crablog.spatial.lon_0 |   7.420096660696362e-07 |  -3.356906165478384e-17 | 0.0 | -2.0675862290068265e-07 | 0.0 |   5.197254908832612e-06 | -3.712154762355945e-08 | 0.0 | 0.0 |                   0.0 |                   0.0 | 0.0 |                    0.0 |                    0.0 | 0.0 |
|                 Crablog.spatial.lat_0 |  -8.920374983342474e-07 |  4.5257204440025803e-17 | 0.0 |   5.154523616413078e-07 | 0.0 |  -3.712154762355945e-08 |  3.975556172780175e-06 | 0.0 | 0.0 |                   0.0 |                   0.0 | 0.0 |                    0.0 |                    0.0 | 0.0 |
|       dataset_N-irf.e_reco_model.bias |                     0.0 |                     0.0 | 0.0 |                     0.0 | 0.0 |                     0.0 |                    0.0 | 0.0 | 0.0 |                   0.0 |                   0.0 | 0.0 |                    0.0 |                    0.0 | 0.0 |
| dataset_N-irf.e_reco_model.resolution |                     0.0 |                     0.0 | 0.0 |                     0.0 | 0.0 |                     0.0 |                    0.0 | 0.0 | 0.0 |                   0.0 |                   0.0 | 0.0 |                    0.0 |                    0.0 | 0.0 |
|           dataset_N-irf.spectral.norm |                     0.0 |                     0.0 | 0.0 |                     0.0 | 0.0 |                     0.0 |                    0.0 | 0.0 | 0.0 |  0.010115690235373358 | 5.307175536883593e-07 | 0.0 |                    0.0 |                    0.0 | 0.0 |
|           dataset_N-irf.spectral.tilt |                     0.0 |                     0.0 | 0.0 |                     0.0 | 0.0 |                     0.0 |                    0.0 | 0.0 | 0.0 | 5.307175536883593e-07 | 0.0004000001593327307 | 0.0 |                    0.0 |                    0.0 | 0.0 |
|      dataset_N-irf.spectral.reference |                     0.0 |                     0.0 | 0.0 |                     0.0 | 0.0 |                     0.0 |                    0.0 | 0.0 | 0.0 |                   0.0 |                   0.0 | 0.0 |                    0.0 |                    0.0 | 0.0 |
|           dataset_N-bkg.spectral.norm |                     0.0 |                     0.0 | 0.0 |                     0.0 | 0.0 |                     0.0 |                    0.0 | 0.0 | 0.0 |                   0.0 |                   0.0 | 0.0 | 0.00011487657607392102 |  7.221677694285998e-06 | 0.0 |
|           dataset_N-bkg.spectral.tilt |                     0.0 |                     0.0 | 0.0 |                     0.0 | 0.0 |                     0.0 |                    0.0 | 0.0 | 0.0 |                   0.0 |                   0.0 | 0.0 |  7.221677694285998e-06 | 0.00013755892569273628 | 0.0 |
|      dataset_N-bkg.spectral.reference |                     0.0 |                     0.0 | 0.0 |                     0.0 | 0.0 |                     0.0 |                    0.0 | 0.0 | 0.0 |                   0.0 |                   0.0 | 0.0 |                    0.0 |                    0.0 | 0.0 |
