|                            Parameters |                       0 |                       1 |   2 |                      3 |   4 |                       5 |                       6 |   7 |   8 |                      9 |                     10 |  11 |                     12 |                     13 |  14 |
|                Crablog.spectral.index |    0.008518297749091203 |  -1.745572018335997e-13 | 0.0 | -0.0032094404112764925 | 0.0 |   4.653635130829331e-07 | -1.1852302135949747e-06 | 0.0 | 0.0 |                    0.0 |                    0.0 | 0.0 |                    0.0 |                    0.0 | 0.0 |
|            Crablog.spectral.amplitude |  -1.745572018335997e-13 |  2.3646550176514708e-23 | 0.0 |  9.599027956153935e-14 | 0.0 | -2.4634647379203805e-18 |  2.8727027678984995e-17 | 0.0 | 0.0 |                    0.0 |                    0.0 | 0.0 |                    0.0 |                    0.0 | 0.0 |
|            Crablog.spectral.reference |                     0.0 |                     0.0 | 0.0 |                    0.0 | 0.0 |                     0.0 |                     0.0 | 0.0 | 0.0 |                    0.0 |                    0.0 | 0.0 |                    0.0 |                    0.0 | 0.0 |
|              Crablog.spectral.lambda_ |  -0.0032094404112764925 |   9.599027956153935e-14 | 0.0 |  0.0017130718679041678 | 0.0 |  3.2360105770079354e-07 |   3.900262896749733e-07 | 0.0 | 0.0 |                    0.0 |                    0.0 | 0.0 |                    0.0 |                    0.0 | 0.0 |
|                Crablog.spectral.alpha |                     0.0 |                     0.0 | 0.0 |                    0.0 | 0.0 |                     0.0 |                     0.0 | 0.0 | 0.0 |                    0.0 |                    0.0 | 0.0 |                    0.0 |                    0.0 | 0.0 |
|                 Crablog.spatial.lon_0 |   4.653635130829331e-07 | -2.4634647379203805e-18 | 0.0 | 3.2360105770079354e-07 | 0.0 |   5.035854768649103e-06 |   1.264988696592853e-07 | 0.0 | 0.0 |                    0.0 |                    0.0 | 0.0 |                    0.0 |                    0.0 | 0.0 |
|                 Crablog.spatial.lat_0 | -1.1852302135949747e-06 |  2.8727027678984995e-17 | 0.0 |  3.900262896749733e-07 | 0.0 |   1.264988696592853e-07 |   3.947976186131368e-06 | 0.0 | 0.0 |                    0.0 |                    0.0 | 0.0 |                    0.0 |                    0.0 | 0.0 |
|       dataset_N-irf.e_reco_model.bias |                     0.0 |                     0.0 | 0.0 |                    0.0 | 0.0 |                     0.0 |                     0.0 | 0.0 | 0.0 |                    0.0 |                    0.0 | 0.0 |                    0.0 |                    0.0 | 0.0 |
| dataset_N-irf.e_reco_model.resolution |                     0.0 |                     0.0 | 0.0 |                    0.0 | 0.0 |                     0.0 |                     0.0 | 0.0 | 0.0 |                    0.0 |                    0.0 | 0.0 |                    0.0 |                    0.0 | 0.0 |
|           dataset_N-irf.spectral.norm |                     0.0 |                     0.0 | 0.0 |                    0.0 | 0.0 |                     0.0 |                     0.0 | 0.0 | 0.0 |    0.01012695418662325 | 1.1459694380175848e-06 | 0.0 |                    0.0 |                    0.0 | 0.0 |
|           dataset_N-irf.spectral.tilt |                     0.0 |                     0.0 | 0.0 |                    0.0 | 0.0 |                     0.0 |                     0.0 | 0.0 | 0.0 | 1.1459694380175848e-06 | 0.00040000017998376847 | 0.0 |                    0.0 |                    0.0 | 0.0 |
|      dataset_N-irf.spectral.reference |                     0.0 |                     0.0 | 0.0 |                    0.0 | 0.0 |                     0.0 |                     0.0 | 0.0 | 0.0 |                    0.0 |                    0.0 | 0.0 |                    0.0 |                    0.0 | 0.0 |
|           dataset_N-bkg.spectral.norm |                     0.0 |                     0.0 | 0.0 |                    0.0 | 0.0 |                     0.0 |                     0.0 | 0.0 | 0.0 |                    0.0 |                    0.0 | 0.0 | 0.00011458122862181128 |  8.437962750177976e-06 | 0.0 |
|           dataset_N-bkg.spectral.tilt |                     0.0 |                     0.0 | 0.0 |                    0.0 | 0.0 |                     0.0 |                     0.0 | 0.0 | 0.0 |                    0.0 |                    0.0 | 0.0 |  8.437962750177976e-06 | 0.00013639377388676327 | 0.0 |
|      dataset_N-bkg.spectral.reference |                     0.0 |                     0.0 | 0.0 |                    0.0 | 0.0 |                     0.0 |                     0.0 | 0.0 | 0.0 |                    0.0 |                    0.0 | 0.0 |                    0.0 |                    0.0 | 0.0 |
