|                            Parameters |                      0 |                       1 |   2 |                       3 |   4 |                       5 |                       6 |   7 |   8 |                      9 |                     10 |  11 |                     12 |                    13 |  14 |
|                Crablog.spectral.index |   0.006627031829130471 |  -8.895412837544502e-14 | 0.0 |  -0.0019448290147581534 | 0.0 |   8.945401325688058e-07 |  -5.340885608792969e-08 | 0.0 | 0.0 |                    0.0 |                    0.0 | 0.0 |                    0.0 |                   0.0 | 0.0 |
|            Crablog.spectral.amplitude | -8.895412837544502e-14 |  1.5853911439908905e-23 | 0.0 |  4.4479774769883897e-14 | 0.0 | -2.3039090750363557e-17 | -1.9270649967024825e-17 | 0.0 | 0.0 |                    0.0 |                    0.0 | 0.0 |                    0.0 |                   0.0 | 0.0 |
|            Crablog.spectral.reference |                    0.0 |                     0.0 | 0.0 |                     0.0 | 0.0 |                     0.0 |                     0.0 | 0.0 | 0.0 |                    0.0 |                    0.0 | 0.0 |                    0.0 |                   0.0 | 0.0 |
|              Crablog.spectral.lambda_ | -0.0019448290147581534 |  4.4479774769883897e-14 | 0.0 |   0.0008957638806221269 | 0.0 | -2.3698630286284556e-07 | -1.3294736401956572e-07 | 0.0 | 0.0 |                    0.0 |                    0.0 | 0.0 |                    0.0 |                   0.0 | 0.0 |
|                Crablog.spectral.alpha |                    0.0 |                     0.0 | 0.0 |                     0.0 | 0.0 |                     0.0 |                     0.0 | 0.0 | 0.0 |                    0.0 |                    0.0 | 0.0 |                    0.0 |                   0.0 | 0.0 |
|                 Crablog.spatial.lon_0 |  8.945401325688058e-07 | -2.3039090750363557e-17 | 0.0 | -2.3698630286284556e-07 | 0.0 |   5.422371310552984e-06 |    1.43005561178718e-07 | 0.0 | 0.0 |                    0.0 |                    0.0 | 0.0 |                    0.0 |                   0.0 | 0.0 |
|                 Crablog.spatial.lat_0 | -5.340885608792969e-08 | -1.9270649967024825e-17 | 0.0 | -1.3294736401956572e-07 | 0.0 |    1.43005561178718e-07 |   4.130818257669044e-06 | 0.0 | 0.0 |                    0.0 |                    0.0 | 0.0 |                    0.0 |                   0.0 | 0.0 |
|       dataset_N-irf.e_reco_model.bias |                    0.0 |                     0.0 | 0.0 |                     0.0 | 0.0 |                     0.0 |                     0.0 | 0.0 | 0.0 |                    0.0 |                    0.0 | 0.0 |                    0.0 |                   0.0 | 0.0 |
| dataset_N-irf.e_reco_model.resolution |                    0.0 |                     0.0 | 0.0 |                     0.0 | 0.0 |                     0.0 |                     0.0 | 0.0 | 0.0 |                    0.0 |                    0.0 | 0.0 |                    0.0 |                   0.0 | 0.0 |
|           dataset_N-irf.spectral.norm |                    0.0 |                     0.0 | 0.0 |                     0.0 | 0.0 |                     0.0 |                     0.0 | 0.0 | 0.0 |   0.010125405789624665 | 1.6215186664045931e-06 | 0.0 |                    0.0 |                   0.0 | 0.0 |
|           dataset_N-irf.spectral.tilt |                    0.0 |                     0.0 | 0.0 |                     0.0 | 0.0 |                     0.0 |                     0.0 | 0.0 | 0.0 | 1.6215186664045931e-06 |  0.0004000004811196498 | 0.0 |                    0.0 |                   0.0 | 0.0 |
|      dataset_N-irf.spectral.reference |                    0.0 |                     0.0 | 0.0 |                     0.0 | 0.0 |                     0.0 |                     0.0 | 0.0 | 0.0 |                    0.0 |                    0.0 | 0.0 |                    0.0 |                   0.0 | 0.0 |
|           dataset_N-bkg.spectral.norm |                    0.0 |                     0.0 | 0.0 |                     0.0 | 0.0 |                     0.0 |                     0.0 | 0.0 | 0.0 |                    0.0 |                    0.0 | 0.0 | 0.00011777476554659819 | 9.227105483430394e-06 | 0.0 |
|           dataset_N-bkg.spectral.tilt |                    0.0 |                     0.0 | 0.0 |                     0.0 | 0.0 |                     0.0 |                     0.0 | 0.0 | 0.0 |                    0.0 |                    0.0 | 0.0 |  9.227105483430394e-06 | 0.0001314571327822667 | 0.0 |
|      dataset_N-bkg.spectral.reference |                    0.0 |                     0.0 | 0.0 |                     0.0 | 0.0 |                     0.0 |                     0.0 | 0.0 | 0.0 |                    0.0 |                    0.0 | 0.0 |                    0.0 |                   0.0 | 0.0 |
