|                            Parameters |                      0 |                       1 |   2 |                       3 |   4 |                       5 |                       6 |   7 |   8 |                     9 |                     10 |  11 |                     12 |                    13 |  14 |
|                Crablog.spectral.index |   0.006425994548172365 |  -1.083204260299063e-13 | 0.0 |  -0.0020225610124460763 | 0.0 |  -5.741106125361295e-07 |   5.730171988262949e-07 | 0.0 | 0.0 |                   0.0 |                    0.0 | 0.0 |                    0.0 |                   0.0 | 0.0 |
|            Crablog.spectral.amplitude | -1.083204260299063e-13 |  1.9827229790286586e-23 | 0.0 |   5.473163237656426e-14 | 0.0 |  -3.181896645684743e-17 | -1.6215684195871637e-17 | 0.0 | 0.0 |                   0.0 |                    0.0 | 0.0 |                    0.0 |                   0.0 | 0.0 |
|            Crablog.spectral.reference |                    0.0 |                     0.0 | 0.0 |                     0.0 | 0.0 |                     0.0 |                     0.0 | 0.0 | 0.0 |                   0.0 |                    0.0 | 0.0 |                    0.0 |                   0.0 | 0.0 |
|              Crablog.spectral.lambda_ | -0.0020225610124460763 |   5.473163237656426e-14 | 0.0 |   0.0009833399032661498 | 0.0 |  1.0054798283285115e-07 | -1.4222014126190885e-07 | 0.0 | 0.0 |                   0.0 |                    0.0 | 0.0 |                    0.0 |                   0.0 | 0.0 |
|                Crablog.spectral.alpha |                    0.0 |                     0.0 | 0.0 |                     0.0 | 0.0 |                     0.0 |                     0.0 | 0.0 | 0.0 |                   0.0 |                    0.0 | 0.0 |                    0.0 |                   0.0 | 0.0 |
|                 Crablog.spatial.lon_0 | -5.741106125361295e-07 |  -3.181896645684743e-17 | 0.0 |  1.0054798283285115e-07 | 0.0 |   5.312884935478463e-06 | -1.4002476837240108e-08 | 0.0 | 0.0 |                   0.0 |                    0.0 | 0.0 |                    0.0 |                   0.0 | 0.0 |
|                 Crablog.spatial.lat_0 |  5.730171988262949e-07 | -1.6215684195871637e-17 | 0.0 | -1.4222014126190885e-07 | 0.0 | -1.4002476837240108e-08 |  3.7162549316809467e-06 | 0.0 | 0.0 |                   0.0 |                    0.0 | 0.0 |                    0.0 |                   0.0 | 0.0 |
|       dataset_N-irf.e_reco_model.bias |                    0.0 |                     0.0 | 0.0 |                     0.0 | 0.0 |                     0.0 |                     0.0 | 0.0 | 0.0 |                   0.0 |                    0.0 | 0.0 |                    0.0 |                   0.0 | 0.0 |
| dataset_N-irf.e_reco_model.resolution |                    0.0 |                     0.0 | 0.0 |                     0.0 | 0.0 |                     0.0 |                     0.0 | 0.0 | 0.0 |                   0.0 |                    0.0 | 0.0 |                    0.0 |                   0.0 | 0.0 |
|           dataset_N-irf.spectral.norm |                    0.0 |                     0.0 | 0.0 |                     0.0 | 0.0 |                     0.0 |                     0.0 | 0.0 | 0.0 |  0.010153502168176865 |  7.581480159714113e-07 | 0.0 |                    0.0 |                   0.0 | 0.0 |
|           dataset_N-irf.spectral.tilt |                    0.0 |                     0.0 | 0.0 |                     0.0 | 0.0 |                     0.0 |                     0.0 | 0.0 | 0.0 | 7.581480159714113e-07 | 0.00040000024771656245 | 0.0 |                    0.0 |                   0.0 | 0.0 |
|      dataset_N-irf.spectral.reference |                    0.0 |                     0.0 | 0.0 |                     0.0 | 0.0 |                     0.0 |                     0.0 | 0.0 | 0.0 |                   0.0 |                    0.0 | 0.0 |                    0.0 |                   0.0 | 0.0 |
|           dataset_N-bkg.spectral.norm |                    0.0 |                     0.0 | 0.0 |                     0.0 | 0.0 |                     0.0 |                     0.0 | 0.0 | 0.0 |                   0.0 |                    0.0 | 0.0 | 0.00011366015067871589 |  9.75968961575822e-06 | 0.0 |
|           dataset_N-bkg.spectral.tilt |                    0.0 |                     0.0 | 0.0 |                     0.0 | 0.0 |                     0.0 |                     0.0 | 0.0 | 0.0 |                   0.0 |                    0.0 | 0.0 |   9.75968961575822e-06 | 0.0001356742990298222 | 0.0 |
|      dataset_N-bkg.spectral.reference |                    0.0 |                     0.0 | 0.0 |                     0.0 | 0.0 |                     0.0 |                     0.0 | 0.0 | 0.0 |                   0.0 |                    0.0 | 0.0 |                    0.0 |                   0.0 | 0.0 |
