|                            Parameters |                       0 |                      1 |   2 |                       3 |   4 |                       5 |                       6 |   7 |   8 |                     9 |                    10 |  11 |                     12 |                     13 |  14 |
|                Crablog.spectral.index |     0.01196356538131915 | -2.873913595508209e-13 | 0.0 |   -0.005297333180355589 | 0.0 |  1.7093212158277812e-06 | -1.5056279409785079e-06 | 0.0 | 0.0 |                   0.0 |                   0.0 | 0.0 |                    0.0 |                    0.0 | 0.0 |
|            Crablog.spectral.amplitude |  -2.873913595508209e-13 | 2.8717271754203384e-23 | 0.0 |  1.7302516901357068e-13 | 0.0 |  -9.614225244625982e-17 |   4.307146046807012e-17 | 0.0 | 0.0 |                   0.0 |                   0.0 | 0.0 |                    0.0 |                    0.0 | 0.0 |
|            Crablog.spectral.reference |                     0.0 |                    0.0 | 0.0 |                     0.0 | 0.0 |                     0.0 |                     0.0 | 0.0 | 0.0 |                   0.0 |                   0.0 | 0.0 |                    0.0 |                    0.0 | 0.0 |
|              Crablog.spectral.lambda_ |   -0.005297333180355589 | 1.7302516901357068e-13 | 0.0 |    0.003130999007140454 | 0.0 | -1.5084645642659262e-06 |    7.27423265102569e-07 | 0.0 | 0.0 |                   0.0 |                   0.0 | 0.0 |                    0.0 |                    0.0 | 0.0 |
|                Crablog.spectral.alpha |                     0.0 |                    0.0 | 0.0 |                     0.0 | 0.0 |                     0.0 |                     0.0 | 0.0 | 0.0 |                   0.0 |                   0.0 | 0.0 |                    0.0 |                    0.0 | 0.0 |
|                 Crablog.spatial.lon_0 |  1.7093212158277812e-06 | -9.614225244625982e-17 | 0.0 | -1.5084645642659262e-06 | 0.0 |   5.859969306738192e-06 |  -8.332861835278845e-08 | 0.0 | 0.0 |                   0.0 |                   0.0 | 0.0 |                    0.0 |                    0.0 | 0.0 |
|                 Crablog.spatial.lat_0 | -1.5056279409785079e-06 |  4.307146046807012e-17 | 0.0 |    7.27423265102569e-07 | 0.0 |  -8.332861835278845e-08 |   4.093307838758751e-06 | 0.0 | 0.0 |                   0.0 |                   0.0 | 0.0 |                    0.0 |                    0.0 | 0.0 |
|       dataset_N-irf.e_reco_model.bias |                     0.0 |                    0.0 | 0.0 |                     0.0 | 0.0 |                     0.0 |                     0.0 | 0.0 | 0.0 |                   0.0 |                   0.0 | 0.0 |                    0.0 |                    0.0 | 0.0 |
| dataset_N-irf.e_reco_model.resolution |                     0.0 |                    0.0 | 0.0 |                     0.0 | 0.0 |                     0.0 |                     0.0 | 0.0 | 0.0 |                   0.0 |                   0.0 | 0.0 |                    0.0 |                    0.0 | 0.0 |
|           dataset_N-irf.spectral.norm |                     0.0 |                    0.0 | 0.0 |                     0.0 | 0.0 |                     0.0 |                     0.0 | 0.0 | 0.0 |  0.010154936607851165 | 7.880431939746116e-07 | 0.0 |                    0.0 |                    0.0 | 0.0 |
|           dataset_N-irf.spectral.tilt |                     0.0 |                    0.0 | 0.0 |                     0.0 | 0.0 |                     0.0 |                     0.0 | 0.0 | 0.0 | 7.880431939746116e-07 | 0.0003999999513807649 | 0.0 |                    0.0 |                    0.0 | 0.0 |
|      dataset_N-irf.spectral.reference |                     0.0 |                    0.0 | 0.0 |                     0.0 | 0.0 |                     0.0 |                     0.0 | 0.0 | 0.0 |                   0.0 |                   0.0 | 0.0 |                    0.0 |                    0.0 | 0.0 |
|           dataset_N-bkg.spectral.norm |                     0.0 |                    0.0 | 0.0 |                     0.0 | 0.0 |                     0.0 |                     0.0 | 0.0 | 0.0 |                   0.0 |                   0.0 | 0.0 | 0.00011609660179299424 | 1.0361147098041961e-05 | 0.0 |
|           dataset_N-bkg.spectral.tilt |                     0.0 |                    0.0 | 0.0 |                     0.0 | 0.0 |                     0.0 |                     0.0 | 0.0 | 0.0 |                   0.0 |                   0.0 | 0.0 | 1.0361147098041961e-05 | 0.00013175595735015895 | 0.0 |
|      dataset_N-bkg.spectral.reference |                     0.0 |                    0.0 | 0.0 |                     0.0 | 0.0 |                     0.0 |                     0.0 | 0.0 | 0.0 |                   0.0 |                   0.0 | 0.0 |                    0.0 |                    0.0 | 0.0 |
