|                            Parameters |                       0 |                       1 |   2 |                       3 |   4 |                       5 |                      6 |                      7 |   8 |                     9 |                     10 |  11 |                     12 |                     13 |  14 |
|                Crablog.spectral.index |     0.01572116746320842 | -2.2743039849856515e-13 | 0.0 |  -0.0041030199726492045 | 0.0 |   1.095672006944212e-05 | 2.1536431618741602e-06 |                    0.0 | 0.0 |                   0.0 |                    0.0 | 0.0 |                    0.0 |                    0.0 | 0.0 |
|            Crablog.spectral.amplitude | -2.2743039849856515e-13 |   2.665706066216282e-23 | 0.0 |   9.791858333201488e-14 | 0.0 | -1.2791227910069433e-16 | 6.0173398837143915e-18 |                    0.0 | 0.0 |                   0.0 |                    0.0 | 0.0 |                    0.0 |                    0.0 | 0.0 |
|            Crablog.spectral.reference |                     0.0 |                     0.0 | 0.0 |                     0.0 | 0.0 |                     0.0 |                    0.0 |                    0.0 | 0.0 |                   0.0 |                    0.0 | 0.0 |                    0.0 |                    0.0 | 0.0 |
|              Crablog.spectral.lambda_ |  -0.0041030199726492045 |   9.791858333201488e-14 | 0.0 |   0.0016746070408503282 | 0.0 | -1.6784389341395261e-06 | -7.113160987304414e-08 |                    0.0 | 0.0 |                   0.0 |                    0.0 | 0.0 |                    0.0 |                    0.0 | 0.0 |
|                Crablog.spectral.alpha |                     0.0 |                     0.0 | 0.0 |                     0.0 | 0.0 |                     0.0 |                    0.0 |                    0.0 | 0.0 |                   0.0 |                    0.0 | 0.0 |                    0.0 |                    0.0 | 0.0 |
|                 Crablog.spatial.lon_0 |   1.095672006944212e-05 | -1.2791227910069433e-16 | 0.0 | -1.6784389341395261e-06 | 0.0 |    4.65382677367421e-06 | 1.1806318169502215e-07 |                    0.0 | 0.0 |                   0.0 |                    0.0 | 0.0 |                    0.0 |                    0.0 | 0.0 |
|                 Crablog.spatial.lat_0 |  2.1536431618741602e-06 |  6.0173398837143915e-18 | 0.0 |  -7.113160987304414e-08 | 0.0 |  1.1806318169502215e-07 | 3.5689998823781264e-06 |                    0.0 | 0.0 |                   0.0 |                    0.0 | 0.0 |                    0.0 |                    0.0 | 0.0 |
|       dataset_N-irf.e_reco_model.bias |                     0.0 |                     0.0 | 0.0 |                     0.0 | 0.0 |                     0.0 |                    0.0 |  0.0018358233784555068 | 0.0 | 5.834741837170394e-06 | 1.4640957401800088e-09 | 0.0 |                    0.0 |                    0.0 | 0.0 |
| dataset_N-irf.e_reco_model.resolution |                     0.0 |                     0.0 | 0.0 |                     0.0 | 0.0 |                     0.0 |                    0.0 |                    0.0 | 0.0 |                   0.0 |                    0.0 | 0.0 |                    0.0 |                    0.0 | 0.0 |
|           dataset_N-irf.spectral.norm |                     0.0 |                     0.0 | 0.0 |                     0.0 | 0.0 |                     0.0 |                    0.0 |  5.834741837170394e-06 | 0.0 |   0.01015276647234364 |  2.243396631889057e-06 | 0.0 |                    0.0 |                    0.0 | 0.0 |
|           dataset_N-irf.spectral.tilt |                     0.0 |                     0.0 | 0.0 |                     0.0 | 0.0 |                     0.0 |                    0.0 | 1.4640957401800088e-09 | 0.0 | 2.243396631889057e-06 |  0.0004000004648310613 | 0.0 |                    0.0 |                    0.0 | 0.0 |
|      dataset_N-irf.spectral.reference |                     0.0 |                     0.0 | 0.0 |                     0.0 | 0.0 |                     0.0 |                    0.0 |                    0.0 | 0.0 |                   0.0 |                    0.0 | 0.0 |                    0.0 |                    0.0 | 0.0 |
|           dataset_N-bkg.spectral.norm |                     0.0 |                     0.0 | 0.0 |                     0.0 | 0.0 |                     0.0 |                    0.0 |                    0.0 | 0.0 |                   0.0 |                    0.0 | 0.0 | 0.00011612084307942238 |  7.512680213705257e-06 | 0.0 |
|           dataset_N-bkg.spectral.tilt |                     0.0 |                     0.0 | 0.0 |                     0.0 | 0.0 |                     0.0 |                    0.0 |                    0.0 | 0.0 |                   0.0 |                    0.0 | 0.0 |  7.512680213705257e-06 | 0.00013577684117510624 | 0.0 |
|      dataset_N-bkg.spectral.reference |                     0.0 |                     0.0 | 0.0 |                     0.0 | 0.0 |                     0.0 |                    0.0 |                    0.0 | 0.0 |                   0.0 |                    0.0 | 0.0 |                    0.0 |                    0.0 | 0.0 |
