|                            Parameters |                       0 |                      1 |   2 |                      3 |   4 |                       5 |                       6 |                     7 |   8 |                     9 |                    10 |  11 |                     12 |                     13 |  14 |
|                Crablog.spectral.index |    0.017580454693555774 | -3.144388604019683e-13 | 0.0 |  -0.005158590462569563 | 0.0 |  4.8256395593716984e-06 | -1.2174684153120549e-06 |                   0.0 | 0.0 |                   0.0 |                   0.0 | 0.0 |                    0.0 |                    0.0 | 0.0 |
|            Crablog.spectral.amplitude |  -3.144388604019683e-13 |  2.627079162063319e-23 | 0.0 | 1.3540221143142421e-13 | 0.0 |   -8.83454959443159e-17 |   3.584862732758757e-17 |                   0.0 | 0.0 |                   0.0 |                   0.0 | 0.0 |                    0.0 |                    0.0 | 0.0 |
|            Crablog.spectral.reference |                     0.0 |                    0.0 | 0.0 |                    0.0 | 0.0 |                     0.0 |                     0.0 |                   0.0 | 0.0 |                   0.0 |                   0.0 | 0.0 |                    0.0 |                    0.0 | 0.0 |
|              Crablog.spectral.lambda_ |   -0.005158590462569563 | 1.3540221143142421e-13 | 0.0 |  0.0023460629740539108 | 0.0 |  -5.431235131666785e-07 |  1.9151340438203741e-07 |                   0.0 | 0.0 |                   0.0 |                   0.0 | 0.0 |                    0.0 |                    0.0 | 0.0 |
|                Crablog.spectral.alpha |                     0.0 |                    0.0 | 0.0 |                    0.0 | 0.0 |                     0.0 |                     0.0 |                   0.0 | 0.0 |                   0.0 |                   0.0 | 0.0 |                    0.0 |                    0.0 | 0.0 |
|                 Crablog.spatial.lon_0 |  4.8256395593716984e-06 |  -8.83454959443159e-17 | 0.0 | -5.431235131666785e-07 | 0.0 |   5.270968794355018e-06 | -3.4000519246763935e-08 |                   0.0 | 0.0 |                   0.0 |                   0.0 | 0.0 |                    0.0 |                    0.0 | 0.0 |
|                 Crablog.spatial.lat_0 | -1.2174684153120549e-06 |  3.584862732758757e-17 | 0.0 | 1.9151340438203741e-07 | 0.0 | -3.4000519246763935e-08 |   4.067963631579174e-06 |                   0.0 | 0.0 |                   0.0 |                   0.0 | 0.0 |                    0.0 |                    0.0 | 0.0 |
|       dataset_N-irf.e_reco_model.bias |                     0.0 |                    0.0 | 0.0 |                    0.0 | 0.0 |                     0.0 |                     0.0 | 0.0017340909496367167 | 0.0 |  3.86677557401307e-06 | 1.924156996282302e-09 | 0.0 |                    0.0 |                    0.0 | 0.0 |
| dataset_N-irf.e_reco_model.resolution |                     0.0 |                    0.0 | 0.0 |                    0.0 | 0.0 |                     0.0 |                     0.0 |                   0.0 | 0.0 |                   0.0 |                   0.0 | 0.0 |                    0.0 |                    0.0 | 0.0 |
|           dataset_N-irf.spectral.norm |                     0.0 |                    0.0 | 0.0 |                    0.0 | 0.0 |                     0.0 |                     0.0 |  3.86677557401307e-06 | 0.0 |   0.01006099125264292 | 5.886575799077119e-07 | 0.0 |                    0.0 |                    0.0 | 0.0 |
|           dataset_N-irf.spectral.tilt |                     0.0 |                    0.0 | 0.0 |                    0.0 | 0.0 |                     0.0 |                     0.0 | 1.924156996282302e-09 | 0.0 | 5.886575799077119e-07 | 0.0004000008030639722 | 0.0 |                    0.0 |                    0.0 | 0.0 |
|      dataset_N-irf.spectral.reference |                     0.0 |                    0.0 | 0.0 |                    0.0 | 0.0 |                     0.0 |                     0.0 |                   0.0 | 0.0 |                   0.0 |                   0.0 | 0.0 |                    0.0 |                    0.0 | 0.0 |
|           dataset_N-bkg.spectral.norm |                     0.0 |                    0.0 | 0.0 |                    0.0 | 0.0 |                     0.0 |                     0.0 |                   0.0 | 0.0 |                   0.0 |                   0.0 | 0.0 | 0.00011676809642935876 | 1.1542635170764837e-05 | 0.0 |
|           dataset_N-bkg.spectral.tilt |                     0.0 |                    0.0 | 0.0 |                    0.0 | 0.0 |                     0.0 |                     0.0 |                   0.0 | 0.0 |                   0.0 |                   0.0 | 0.0 | 1.1542635170764837e-05 | 0.00012980972030547593 | 0.0 |
|      dataset_N-bkg.spectral.reference |                     0.0 |                    0.0 | 0.0 |                    0.0 | 0.0 |                     0.0 |                     0.0 |                   0.0 | 0.0 |                   0.0 |                   0.0 | 0.0 |                    0.0 |                    0.0 | 0.0 |
