|                            Parameters |                       0 |                       1 |   2 |                       3 |   4 |                       5 |                       6 |                     7 |   8 |                       9 |                      10 |  11 |                     12 |                     13 |  14 |
|                Crablog.spectral.index |    0.021543690934612086 | -3.6582635479118544e-13 | 0.0 |   -0.005953310422154283 | 0.0 |  1.3252491210108685e-06 |  -2.894905546919276e-06 |                   0.0 | 0.0 |                     0.0 |                     0.0 | 0.0 |                    0.0 |                    0.0 | 0.0 |
|            Crablog.spectral.amplitude | -3.6582635479118544e-13 |    2.84000769904063e-23 | 0.0 |  1.5694507621830584e-13 | 0.0 |  -4.631302089089497e-17 |   2.650799812876689e-17 |                   0.0 | 0.0 |                     0.0 |                     0.0 | 0.0 |                    0.0 |                    0.0 | 0.0 |
|            Crablog.spectral.reference |                     0.0 |                     0.0 | 0.0 |                     0.0 | 0.0 |                     0.0 |                     0.0 |                   0.0 | 0.0 |                     0.0 |                     0.0 | 0.0 |                    0.0 |                    0.0 | 0.0 |
|              Crablog.spectral.lambda_ |   -0.005953310422154283 |  1.5694507621830584e-13 | 0.0 |   0.0026826894335215032 | 0.0 | -3.3063480254360975e-07 |  2.5656089430581794e-07 |                   0.0 | 0.0 |                     0.0 |                     0.0 | 0.0 |                    0.0 |                    0.0 | 0.0 |
|                Crablog.spectral.alpha |                     0.0 |                     0.0 | 0.0 |                     0.0 | 0.0 |                     0.0 |                     0.0 |                   0.0 | 0.0 |                     0.0 |                     0.0 | 0.0 |                    0.0 |                    0.0 | 0.0 |
|                 Crablog.spatial.lon_0 |  1.3252491210108685e-06 |  -4.631302089089497e-17 | 0.0 | -3.3063480254360975e-07 | 0.0 |   5.156818734077271e-06 | -1.7799252481971337e-07 |                   0.0 | 0.0 |                     0.0 |                     0.0 | 0.0 |                    0.0 |                    0.0 | 0.0 |
|                 Crablog.spatial.lat_0 |  -2.894905546919276e-06 |   2.650799812876689e-17 | 0.0 |  2.5656089430581794e-07 | 0.0 | -1.7799252481971337e-07 |   4.287180630737337e-06 |                   0.0 | 0.0 |                     0.0 |                     0.0 | 0.0 |                    0.0 |                    0.0 | 0.0 |
|       dataset_N-irf.e_reco_model.bias |                     0.0 |                     0.0 | 0.0 |                     0.0 | 0.0 |                     0.0 |                     0.0 | 0.0015949276912862317 | 0.0 |    9.50477146147339e-06 |   6.149853719290477e-11 | 0.0 |                    0.0 |                    0.0 | 0.0 |
| dataset_N-irf.e_reco_model.resolution |                     0.0 |                     0.0 | 0.0 |                     0.0 | 0.0 |                     0.0 |                     0.0 |                   0.0 | 0.0 |                     0.0 |                     0.0 | 0.0 |                    0.0 |                    0.0 | 0.0 |
|           dataset_N-irf.spectral.norm |                     0.0 |                     0.0 | 0.0 |                     0.0 | 0.0 |                     0.0 |                     0.0 |  9.50477146147339e-06 | 0.0 |    0.010158726937701847 | -1.4338076352185914e-08 | 0.0 |                    0.0 |                    0.0 | 0.0 |
|           dataset_N-irf.spectral.tilt |                     0.0 |                     0.0 | 0.0 |                     0.0 | 0.0 |                     0.0 |                     0.0 | 6.149853719290477e-11 | 0.0 | -1.4338076352185914e-08 |  0.00039999998355495596 | 0.0 |                    0.0 |                    0.0 | 0.0 |
|      dataset_N-irf.spectral.reference |                     0.0 |                     0.0 | 0.0 |                     0.0 | 0.0 |                     0.0 |                     0.0 |                   0.0 | 0.0 |                     0.0 |                     0.0 | 0.0 |                    0.0 |                    0.0 | 0.0 |
|           dataset_N-bkg.spectral.norm |                     0.0 |                     0.0 | 0.0 |                     0.0 | 0.0 |                     0.0 |                     0.0 |                   0.0 | 0.0 |                     0.0 |                     0.0 | 0.0 | 0.00011544922228154106 | 1.0624029733385647e-05 | 0.0 |
|           dataset_N-bkg.spectral.tilt |                     0.0 |                     0.0 | 0.0 |                     0.0 | 0.0 |                     0.0 |                     0.0 |                   0.0 | 0.0 |                     0.0 |                     0.0 | 0.0 | 1.0624029733385647e-05 | 0.00013257439758715257 | 0.0 |
|      dataset_N-bkg.spectral.reference |                     0.0 |                     0.0 | 0.0 |                     0.0 | 0.0 |                     0.0 |                     0.0 |                   0.0 | 0.0 |                     0.0 |                     0.0 | 0.0 |                    0.0 |                    0.0 | 0.0 |
