|                            Parameters |                      0 |                      1 |   2 |                      3 |   4 |                      5 |                      6 |                      7 |   8 |                       9 |                      10 |  11 |                     12 |                     13 |  14 |
|                Crablog.spectral.index |   0.012724944717593535 | -1.543000265634704e-13 | 0.0 |  -0.002641671393781608 | 0.0 |  6.096661220900993e-06 | -1.962936036467216e-06 |                    0.0 | 0.0 |                     0.0 |                     0.0 | 0.0 |                    0.0 |                    0.0 | 0.0 |
|            Crablog.spectral.amplitude | -1.543000265634704e-13 | 1.7396097944585446e-23 | 0.0 | 5.3328986367717254e-14 | 0.0 | -8.879443002930628e-17 | 1.8670323634704623e-17 |                    0.0 | 0.0 |                     0.0 |                     0.0 | 0.0 |                    0.0 |                    0.0 | 0.0 |
|            Crablog.spectral.reference |                    0.0 |                    0.0 | 0.0 |                    0.0 | 0.0 |                    0.0 |                    0.0 |                    0.0 | 0.0 |                     0.0 |                     0.0 | 0.0 |                    0.0 |                    0.0 | 0.0 |
|              Crablog.spectral.lambda_ |  -0.002641671393781608 | 5.3328986367717254e-14 | 0.0 |  0.0009696014346331736 | 0.0 | -6.757636010983206e-07 |  2.124339143049533e-07 |                    0.0 | 0.0 |                     0.0 |                     0.0 | 0.0 |                    0.0 |                    0.0 | 0.0 |
|                Crablog.spectral.alpha |                    0.0 |                    0.0 | 0.0 |                    0.0 | 0.0 |                    0.0 |                    0.0 |                    0.0 | 0.0 |                     0.0 |                     0.0 | 0.0 |                    0.0 |                    0.0 | 0.0 |
|                 Crablog.spatial.lon_0 |  6.096661220900993e-06 | -8.879443002930628e-17 | 0.0 | -6.757636010983206e-07 | 0.0 | 5.0451252452668435e-06 | -7.089922547798998e-08 |                    0.0 | 0.0 |                     0.0 |                     0.0 | 0.0 |                    0.0 |                    0.0 | 0.0 |
|                 Crablog.spatial.lat_0 | -1.962936036467216e-06 | 1.8670323634704623e-17 | 0.0 |  2.124339143049533e-07 | 0.0 | -7.089922547798998e-08 |  4.092969283610643e-06 |                    0.0 | 0.0 |                     0.0 |                     0.0 | 0.0 |                    0.0 |                    0.0 | 0.0 |
|       dataset_N-irf.e_reco_model.bias |                    0.0 |                    0.0 | 0.0 |                    0.0 | 0.0 |                    0.0 |                    0.0 |   0.001163858721458968 | 0.0 |    5.56348257342842e-06 |  3.0731637249630804e-10 | 0.0 |                    0.0 |                    0.0 | 0.0 |
| dataset_N-irf.e_reco_model.resolution |                    0.0 |                    0.0 | 0.0 |                    0.0 | 0.0 |                    0.0 |                    0.0 |                    0.0 | 0.0 |                     0.0 |                     0.0 | 0.0 |                    0.0 |                    0.0 | 0.0 |
|           dataset_N-irf.spectral.norm |                    0.0 |                    0.0 | 0.0 |                    0.0 | 0.0 |                    0.0 |                    0.0 |   5.56348257342842e-06 | 0.0 |     0.01016372407931311 | -1.0703191473222815e-07 | 0.0 |                    0.0 |                    0.0 | 0.0 |
|           dataset_N-irf.spectral.tilt |                    0.0 |                    0.0 | 0.0 |                    0.0 | 0.0 |                    0.0 |                    0.0 | 3.0731637249630804e-10 | 0.0 | -1.0703191473222815e-07 |   0.0003999998591237383 | 0.0 |                    0.0 |                    0.0 | 0.0 |
|      dataset_N-irf.spectral.reference |                    0.0 |                    0.0 | 0.0 |                    0.0 | 0.0 |                    0.0 |                    0.0 |                    0.0 | 0.0 |                     0.0 |                     0.0 | 0.0 |                    0.0 |                    0.0 | 0.0 |
|           dataset_N-bkg.spectral.norm |                    0.0 |                    0.0 | 0.0 |                    0.0 | 0.0 |                    0.0 |                    0.0 |                    0.0 | 0.0 |                     0.0 |                     0.0 | 0.0 | 0.00011564564962944686 |  8.857014344289718e-06 | 0.0 |
|           dataset_N-bkg.spectral.tilt |                    0.0 |                    0.0 | 0.0 |                    0.0 | 0.0 |                    0.0 |                    0.0 |                    0.0 | 0.0 |                     0.0 |                     0.0 | 0.0 |  8.857014344289718e-06 | 0.00013456479768194404 | 0.0 |
|      dataset_N-bkg.spectral.reference |                    0.0 |                    0.0 | 0.0 |                    0.0 | 0.0 |                    0.0 |                    0.0 |                    0.0 | 0.0 |                     0.0 |                     0.0 | 0.0 |                    0.0 |                    0.0 | 0.0 |
