-0.07171512219239055    0.0032196468686808634    0.0    0.0    89285.15122889062
0.04156874154050991    -0.011181209897797108    0.0    0.0    88410.91075421967
0.11145162243487522    0.004125493387377579    0.0    0.0    88528.8570581359
-0.0689407376576021    0.0008799330148588896    0.0    0.0    89378.97606876114
0.07119808494518692    0.046119827922022065    0.0    0.0    89318.16149166305
-0.11580222829158343    -0.046574403080742004    0.0    0.0    88826.8917013
0.09541201424034709    -0.012969383559379656    0.0    0.0    87948.9946436583
-0.03464986542693746    0.017474229036847685    0.0    0.0    89933.03703285813
0.07525827810982594    0.015112478551578063    0.0    0.0    87982.49558087367
0.013370947246042745    0.012700866584363717    0.0    0.0    90225.0264301109
0.002061307393926086    0.051461911219209004    0.0    0.0    89035.2009883323
-0.010668352142382188    0.018275194467443683    0.0    0.0    88378.25775976402
0.10234976139997427    0.02270457991540265    0.0    0.0    89309.08539669575
-0.04071091733440916    0.025421409552044003    0.0    0.0    89198.27675687941
0.10651221957287615    0.00957761160172523    0.0    0.0    89493.40588605253
0.005092266987584991    -0.037756204062953914    0.0    0.0    89975.1083630306
0.2207669270638815    -0.02740801788497496    0.0    0.0    89467.68551486912
0.02519145506303277    0.006572943768795801    0.0    0.0    89066.28751344641
0.13521478984423968    0.024745631204543612    0.0    0.0    89413.43326927145
-0.03013596559713638    -0.008773875628366372    0.0    0.0    89478.4668087636
0.023181717853018716    0.006379616135435339    0.0    0.0    89603.46311963686
0.05067364065496341    -0.018544697880519115    0.0    0.0    90434.20963417405
0.06316590745612476    0.021105273190994315    0.0    0.0    90132.75057979715
-0.033455970092790936    0.02194894582604762    0.0    0.0    88875.46643214527
0.0045778540462039835    0.038328544350048906    0.0    0.0    90604.72088614646
0.09491889305230615    0.01456663180327761    0.0    0.0    89265.41120057544
0.1500211183734792    -0.003520823996499945    0.0    0.0    89100.7239186517
0.15797184272395312    0.034811811119244564    0.0    0.0    90557.97654528623
-0.0635052820570908    0.023921959652733766    0.0    0.0    89158.85571844105
0.02778818243322277    -0.0026423607059685517    0.0    0.0    89709.59627243997
0.15304455243331697    0.0030097289740575106    0.0    0.0    88788.63762520341
0.061394023615632655    0.003723557188982923    0.0    0.0    89281.38053455358
-0.07455491066533103    -0.009380436616920094    0.0    0.0    88989.50953316294
-0.19377981718868212    0.015293643525637229    0.0    0.0    88644.84320233042
0.020998622744743643    -0.007837734537626729    0.0    0.0    89804.71858180982
-0.01062912541437861    0.018713195586099195    0.0    0.0    89348.28344715615
-0.13877091996963    -0.009237095889971757    0.0    0.0    87203.58964331652
-0.06836415388202775    -0.02816219042263879    0.0    0.0    89697.41767998438
-0.10204121201160675    -0.0006269102440671444    0.0    0.0    88283.38024353515
-0.28604859344199624    -0.06608122822196899    0.0    0.0    88692.6179086782
0.0270107624644889    -0.011149833497676906    0.0    0.0    89330.70336003372
0.19892464655402614    -0.01743429827288191    0.0    0.0    88554.48704457242
-0.05865456537880862    -0.012384330621820682    0.0    0.0    89446.28712708924
-0.01266632377998053    -0.024271164713370996    0.0    0.0    88104.43592641817
-0.060951657645878    0.0004897985555483474    0.0    0.0    89798.70316921867
0.11928669106152855    -0.0029420254811391654    0.0    0.0    90154.31034451102
-0.34995263171032687    -0.00482441791404689    0.0    0.0    88730.79811787709
0.11987027294797573    0.014378119701884696    0.0    0.0    89335.49498926013
0.024633593024414608    -0.039435957341976524    0.0    0.0    88169.53022576976
0.2487468086547307    0.01412588482417055    0.0    0.0    89617.1058749716
0.07281640293509073    0.009994974030295103    0.0    0.0    89262.41967890828
0.1463342962879319    0.006023074725169067    0.0    0.0    89522.097364585
0.04842777797717205    -0.007392873393236815    0.0    0.0    90043.88212464293
-0.12122860133969589    -0.019897342786503007    0.0    0.0    89443.8512106358
-0.048112149571354235    -0.03611521761232416    0.0    0.0    89030.23557259177
-0.1335370061809696    -0.004437856128889652    0.0    0.0    89180.89652001999
-0.028311886681782368    0.02859724512508604    0.0    0.0    88116.01318564407
-0.05443273366394246    0.04477876081334186    0.0    0.0    89034.53911882862
-0.01891126238131391    0.017573403543519474    0.0    0.0    88732.07982656854
0.2606063070092413    -0.023988873459746162    0.0    0.0    90550.44594089888
-0.09059391690567595    0.0022202433922460076    0.0    0.0    89019.01283343846
0.05087416011432248    -0.002572866165658117    0.0    0.0    88664.5811872357
0.050547626812173375    0.007951651355965436    0.0    0.0    89456.12194283352
-0.07103525602823893    -0.01830776354174837    0.0    0.0    89248.82998184109
0.14833080409564073    -0.000999897543755054    0.0    0.0    90936.16564441056
0.21986285079479828    0.006486026671265979    0.0    0.0    88983.81246409536
-0.028009112080251294    -0.006622119466837994    0.0    0.0    89793.84275642279
0.10531591366726152    -0.01107105671667863    0.0    0.0    89713.20045516806
-0.04189378756751892    0.0190261169530266    0.0    0.0    90025.77021913396
-0.02411570120476599    0.014486319817638553    0.0    0.0    90107.26899776535
0.023385381063198058    -0.002140541978520762    0.0    0.0    87090.78262753694
-0.06904038156842923    -0.0055641742892640934    0.0    0.0    89007.63184911231
0.05780105914227121    0.010000790797875744    0.0    0.0    90311.85388462027
-0.14894641374856576    -0.009943935054240224    0.0    0.0    89558.95274872688
0.22588646614476737    0.008811163150425901    0.0    0.0    89144.76147094855
0.030925364856825906    -0.0030967419961483913    0.0    0.0    89171.19713372026
-0.12926019802884123    -0.014759894467026118    0.0    0.0    88701.59690031313
-0.052175673868556455    0.016246043049985597    0.0    0.0    89050.2861227969
0.022402914907838686    0.036894678673750604    0.0    0.0    90355.31302733101
0.2577258921537248    -0.013608404886709304    0.0    0.0    89857.66413902977
-0.20832682366564295    0.05613584525621864    0.0    0.0    89241.80634837414
0.009677270101872292    -0.015148591380741833    0.0    0.0    88437.18341861803
0.024963178291375166    -0.005632759278350171    0.0    0.0    89251.48603554453
-0.1834538153930334    -0.019838490850641727    0.0    0.0    89730.45014536726
0.06368811814504394    0.025268529632263875    0.0    0.0    88892.2392789113
0.009037872142139584    0.0019698122399204343    0.0    0.0    88634.67190959773
0.23536084578515287    -0.016636670202945125    0.0    0.0    89821.15696285664
-0.056697617981166175    -0.014986106491175339    0.0    0.0    88986.10836919586
0.10110989029708828    0.016921129430249003    0.0    0.0    89662.10427639628
-0.1737575097961182    -0.003771214753294131    0.0    0.0    88130.2594063093
0.0674674529039661    0.0050296487618351005    0.0    0.0    90353.13504272967
-0.03175646741125603    0.016830211728417296    0.0    0.0    89328.72019470144
-0.11215798677503318    0.006734046908262604    0.0    0.0    90052.23678561042
0.23739136822488477    0.025523744198031387    0.0    0.0    89643.82938576864
0.21607282314435491    0.01417023256895328    0.0    0.0    89618.56421948987
0.13988432256948247    -0.009247424323268064    0.0    0.0    88390.62256928517
-0.07368499850552315    -0.0013662613800041823    0.0    0.0    89210.61541573901
-0.02338791760938881    -0.0008009357880902426    0.0    0.0    90645.16047470442
0.021712532719326803    -0.05542616214897521    0.0    0.0    89048.43825727151
0.16321213024584713    0.020560136839419388    0.0    0.0    88247.76964933518
0.012920917636876167    0.01589530038775048    0.0    0.0    89564.47871541888
0.04389290844074716    0.015298339240958235    0.0    0.0    89650.74150878875
-0.06346514098750056    0.017515481034204583    0.0    0.0    89708.2494245431
-0.07512155384049557    -0.0016601469715655703    0.0    0.0    89697.08425868223
-0.01011327335019347    -0.026995188042871394    0.0    0.0    88590.95006389647
0.13590909638961485    0.0016732500852024122    0.0    0.0    90783.52861708241
-0.08098290725480418    -0.02435690172209986    0.0    0.0    89847.6525124173
0.027539919664082542    0.004951484054664626    0.0    0.0    90193.98136315332
0.03488001399532541    0.013512835046205787    0.0    0.0    89373.78296970413
0.04021029874136531    -0.007258945508431418    0.0    0.0    88774.2354091361
0.004846989006736381    0.024984673591957742    0.0    0.0    90225.65388595007
0.054524031133390584    -0.008979605773408051    0.0    0.0    88398.82692453351
0.17436813516500635    -0.021310164241809006    0.0    0.0    88981.22253235918
-0.09138419272246663    0.016574349434024    0.0    0.0    89051.52668607756
0.05364243167711411    0.02255865999632813    0.0    0.0    89662.01078547073
-0.033608356909323456    -0.019417960461345137    0.0    0.0    88481.23772889795
0.0010273924672612167    0.01039254554322167    0.0    0.0    89588.36989701653
-0.023082507344436277    -0.004849555801250848    0.0    0.0    87793.31602964677
-0.04478593795826578    -0.00010002929558079354    0.0    0.0    88393.13379789317
0.2622578300987203    0.0028540665678034077    0.0    0.0    88985.18909282259
-0.01052944261197197    0.006106439480278589    0.0    0.0    89261.56301776144
0.05165247425795519    0.0059124937802285385    0.0    0.0    91101.02677429267
0.15463311986714984    -0.045402114318709004    0.0    0.0    88898.3334925046
-0.07528707626215658    -0.008413677992288345    0.0    0.0    88156.3386316262
-0.015094669398848515    0.0008743169093578583    0.0    0.0    89850.41326414872
0.1622886646265192    0.0021702704002661073    0.0    0.0    88311.82344017885
0.016013447171080077    -0.023431119209587882    0.0    0.0    88179.42488761974
0.0661900116917001    0.003761555982693986    0.0    0.0    90726.36724717324
-0.10536004092530137    0.012084623778987834    0.0    0.0    88406.40546073909
0.04069513246710591    -0.014701512855573784    0.0    0.0    89953.70998651959
-0.03051204161631372    0.011715158672402087    0.0    0.0    88916.50659652364
0.08914390882614236    0.02797162027503809    0.0    0.0    90501.70968020298
-0.10944056617892656    -0.05084559722397824    0.0    0.0    88733.3806046418
0.09518360483191997    0.005794985561469705    0.0    0.0    88480.56477779293
0.05628942948883467    -0.012388608475102194    0.0    0.0    88386.29652069564
0.12543309625982507    0.0008394732006474519    0.0    0.0    89481.55664154694
-0.12833537903347658    -0.005442885309666444    0.0    0.0    89160.29325211895
-0.024290057409025227    0.014778852227194876    0.0    0.0    90044.14216852789
-0.05089851190498033    0.005704852055553964    0.0    0.0    88743.33439485403
0.06748404211522942    0.026114499813373732    0.0    0.0    90546.42100038302
0.020110558004795706    0.024961848683544684    0.0    0.0    90001.54166709517
0.03430670250961317    -0.014653683869187688    0.0    0.0    89932.34073985532
-0.05699767377012876    0.01478105922858661    0.0    0.0    88549.60275554165
-0.18934730857099746    0.017026386990962816    0.0    0.0    88764.67964974651
