9.865502666973043    0.03256533163948916    -3.430420474614948e-05    2.4536969957698602    0.03845827501208987    0.001054902299074456    
0.15974662877852097    0.8350645835744217    2.7910073301172815    0.03737454417569097    0.8164017569215503    2.85357257220312    
2.934883535694098    0.581654777386575    0.2977190284145763    1.1442528664774727    0.5319101979257539    0.2779961529595312    
33.90514770177833    0.12630226439796388    0.3172307732893387    8.144118430485833    0.10318265660316683    0.2905380662850803    
2.8165704790735617    0.06022109094192274    0.006283617680310272    1.108773636384285    0.06734010145009961    0.0035665079922182485    
4.905794398146099    0.3245787709020078    0.014733354677446187    1.9229638249089476    0.2916633380082203    0.01055447016551625    
22.755624578072457    1.2559380521561252    1.5092726073489757    6.349597952634213    1.1460080846154597    1.4545463528047549    
1.632574165443657    0.026664603225071914    0.46422878753219265    0.7033274450368481    0.021106762476847507    0.4401756840379676    
3.119365157574066    0.275438256241614    0.06472463374666404    0.8005633288121317    0.2824330718285637    0.07636710727820173    
16.40731476667861    0.6120788456319133    0.05177077637927141    6.45612665876979    0.5899502368120011    0.058837228163611144    
0.39975483795569744    0.0008074342331383377    0.0029572462517535314    0.10965329929604195    -0.00015535461716353893    0.0009999289031838998    
12.496908525790786    0.09144900385581423    0.5515359762357548    4.418803927284898    0.07867718972556759    0.5748497956228675    
14.264161344064632    0.0839396993687842    0.41873008279071655    5.690722709638067    0.09021612131618895    0.44021214585518464    
3.7586145772220334    0.1555377088370733    1.9905937697185436    1.4734674078790704    0.13208852666139137    1.9258823707641568    
34.72877913687262    0.7747723707288969    0.22551192095852457    7.132073310422129    0.7713969115284272    0.25018510421796236    
5.995828878876637    0.0720006213960005    0.22505994132370688    1.7516082701622508    0.08153851129463874    0.20490052514651325    
2.4404007503180765    0.005525536718778312    0.002022878543357365    0.8607243592850864    0.007895033792010508    0.003749904819414951    
13.09774593252223    3.82783394533908    7.598064180376241    2.8743629644304747    3.901401630617329    7.701832125894725    
3.8956350208609365    1.6808464393689064    0.21311339817475528    1.6458710510050878    1.5709245807811385    0.19636883288330864    
18.84833217765845    0.5844115969084669    0.9569590934115695    5.13538629161485    0.5195550596690737    0.9112383636093    
2.580898503685603    0.5041503952234052    0.02797918822034262    0.9454379074013559    0.46283932229562197    0.022456402541138232    
0.6498024492611876    2.6197221749898745    3.835068508502445    0.27884844013897236    2.4695230463548796    3.758146214313456    
27.215137857783702    0.2568276740203146    0.48279347171774134    6.781513411740889    0.22195956915675197    0.4531172649440123    
2.0068722045398317    5.103479022931424    1.0637398883118294    0.6181844273814932    4.985260464658495    1.104473031082307    
2.2939404899661895    0.2351711908413563    0.7163557527092053    0.5818858152051689    0.20660348181263544    0.7465511811897159    
5.374287622733391    0.20107578678289428    0.47081523448287044    1.6769684496102855    0.17341508620302193    0.44130568878608756    
0.3218908736598678    2.524616733120638    1.6517542340734508    0.07047617647913285    2.4478811901644804    1.7020589614257915    
0.17529717143042944    0.03769923732033931    0.294764197213226    0.05021642702922691    0.03083271584182512    0.3153850659437012    
1.5167161623976426    0.043948959253611974    0.71531654818682    0.4447570751508465    0.048185335559537634    0.7419368237169692    
0.11174548968847375    3.181247228611028    6.294825362987467    0.018713052588282153    3.0400526100274874    6.389965856287745    
41.66050300421193    3.11696553613001    1.726572210143786    10.237501616109512    2.859348335172399    1.668842073981068    
9.497074250553851    0.017383189595420845    0.8559938910912024    2.959679637104273    0.011070291395299137    0.8135547958372626    
0.5274375702574616    1.7906609476485755    1.2717843765276484    0.21359672951803077    1.6790212633204646    1.2339619534468511    
0.958692041458562    0.7148644623230211    0.3159853511315305    0.24344227174879052    0.7157295429060468    0.3406832418113481    
2.339777068220428    0.5334386132017244    0.21847194101428613    0.6651368343009381    0.4796459385397611    0.2008592725615017    
8.174580594699364    3.558064895114512    2.7582954654062632    2.654819211718859    3.479805019363994    2.6912559808260994    
0.4788703045633156    0.983833206249983    1.2690030553058023    0.16439179476583377    0.9050398359249812    1.2241560319671407    
0.8246678427822189    0.4083794534235494    0.4121478886663681    0.19880512839881703    0.4113526843575528    0.438973434997024    
6.9328586927586    0.03357900604896713    0.007311631532502361    1.7680879285471747    0.039498796715633944    0.011415360888349824    
0.2515583322820021    0.12614193282206543    0.4041585581871914    0.06818355816358235    0.10827605552913155    0.4267743219388649    
1.3563799783878494    3.8039986989897443    4.1778668571059825    0.5316870942042442    3.586458611098351    4.09896395765827    
0.04171478438365739    2.676335098556592    1.3227599425736116    0.01817695770296268    2.5053607286390616    1.2812932389497291    
0.01566788216587156    1.4531845899182372    1.332667935421341    0.007817073084879667    1.356142912307405    1.292546379903797    
0.5046483594778692    0.980040237904177    0.3870807205676101    0.15655049240740482    0.9725193741032854    0.4118182590173092    
0.9787406882242067    2.146895795536693    2.4161751911742613    0.35999225806153845    2.0072339300822932    2.3541561300080502    
3.5013989010767546    0.11434569716220722    1.7319364200811833    0.9052274501300417    0.11895128054311499    1.7768885618716013    
3.3352514173602685    2.290329314491828    0.005353665052098222    1.0061041924054734    2.1273623911110917    0.008590740340878256    
8.088773738360032    0.0994392308202805    0.004482528587686829    3.3829561484599253    0.08674407888611313    0.0026288876542821527    
33.92208670124819    0.07034167414531112    0.0982629489590181    7.695001213942305    0.05579413291707169    0.08581455587409437    
21.185333938119584    0.2990123309282353    0.02232927907607518    4.780116496593109    0.25916176551254466    0.016313490399625152    
16.70836445657187    0.31067063548834994    0.2882743857335299    4.266282639044221    0.2702791448973585    0.2650689088914078    
1.7283508450345835    0.1456518452905584    0.08038460634998046    0.5212515290622832    0.1562665564706549    0.06877404573606327    
16.40103515080409    0.03706154071551282    1.1415222713840194    5.369384005971369    0.027035034538130276    1.0883437087468337    
0.10957636004604865    0.6344863574049668    2.073267182597192    0.06490711607330013    0.5857519752171356    2.0174775849009166    
0.5074846496427199    0.7042704677587608    0.010826925368746743    0.1775142929982394    0.709960856998805    0.015227904077619314    
9.180531529476866    0.451239628760959    0.4739557999273529    4.520480937862885    0.41626464342698455    0.4528397856047377    
14.269019060360733    2.3723751406068914    1.0526773392193718    3.8051515298866434    2.184326036571292    1.0130518680234673    
0.21628286757913884    1.715351936101797    1.6697572425327962    0.058690233490779065    1.6768316725210752    1.7215678893553559    
14.471726896023029    0.0048389362200396135    0.09937366323720198    6.641930307116127    0.0029639957356266677    0.11015246305032633    
1.0268873636232456    2.608440897325636    0.6376217343495227    0.37741258477035444    2.4445437546091853    0.6103709773451556    
12.679019401111873    5.054918657624512    1.0554562703327974    3.271302130262484    4.665100582176819    1.012649028431042    
4.156343917507911    0.279588872945169    0.016330602928064764    1.006766670732759    0.24438527779420838    0.02182983716193121    
0.06780611669819336    1.080154749637586    3.3698193483869545    0.04000898629601579    1.010963502631057    3.3005887269682717    
4.291140195477055    0.014948031748645008    0.22820458773639984    1.0009222268708982    0.01958911861584056    0.2487668583926279    
27.08144936618919    1.9579581642028643    1.9286126555962255    7.363063988377689    1.797101582371397    1.8691854913340649    
59.60277240986761    3.323102783615468    2.339570879979874    10.282039649799117    3.1771856255072635    2.41160716455488    
7.6313422318780795    0.599523993791081    0.9399562896724092    1.6002812436345266    0.5944243096746504    0.9808288257045206    
7.055234615429072    0.18538016272941604    0.4374513506045332    2.134383596596308    0.1972829169826582    0.4101882641843986    
2.0895452794793528    0.003105104507994838    0.09753762929176446    0.6248963500984246    0.005910821113502607    0.08444571199652273    
0.023031446893583052    -0.00010633224155753851    0.012792825407814234    0.008671687042806298    -0.0002940595441032201    0.009618729251087643    
2.19049849678413    0.012510053828009404    0.00021820550318807364    0.578831132632331    0.007685708871576935    0.0018125686910934746    
0.0540519403439248    0.010044415859738365    2.503935251617804    0.009573273331625387    0.013066335901385173    2.563284244708484    
7.155727225908777    0.47116275687585585    0.474402495790855    2.0373646336520324    0.42190767017018516    0.4471333502442576    
19.031709152492112    0.007642494034371339    2.027871747224708    5.39625306079688    0.010459921570145525    2.0719072118517943    
0.6402501273551024    2.025370188523084    2.028701349932817    0.2245789766748203    1.8888281502295285    1.9737571941222996    
1.5837796703563072    0.47691501810913906    2.374413017387269    1.0381285114854109    0.437061737611657    2.312705286050914    
21.4219725610601    0.0087401847995352    0.6281232892506523    5.9381113032141    0.014067417694604956    0.5909217047010316    
26.202978997665923    0.6174330822395859    1.9646560847904766    7.395551332941977    0.5507040845404845    1.8982543674501358    
0.38151787835522555    0.15171051713696215    0.020000081436592154    0.11014515470014885    0.1295526939939009    0.014661580338724889    
16.161958523036446    0.6356307329115225    1.3565763703372795    4.61950694922416    0.569389324329677    1.3044162308069644    
0.09467205889814068    0.3329793255252298    0.04666532183182426    0.026463285626959987    0.2983512731443625    0.03933004442660604    
0.48247907582845073    1.1308470970543567    1.0813128281151876    0.1321173074975377    1.111179604922654    1.1201892871176824    
0.47623050906986464    3.6542675351229263    2.4379919960192638    0.21510520319861826    3.4604571601958014    2.3874227165797492    
0.017051839153282344    2.810121978051029    1.0128667770331958    0.006132877970230766    2.7574184882250847    1.0539826559106587    
1.492960993622546    0.42182004266942386    0.020889300270937383    0.555418442687369    0.38208546764508355    0.01601005757402163    
0.7808155952225206    0.12275058118393645    0.0006566498195752501    0.2694668670446845    0.10518081362533849    2.6808265829458833e-06    
0.003037299116840586    0.2290190738858655    0.19652105918794405    0.0004720773140434176    0.20147882349556312    0.1791581457509892    
2.005211711715674    0.0006454450340243056    0.40040003131434787    0.6320538527215831    5.229827365837991e-05    0.3743798644572962    
1.0089007202768698    0.9381351895426633    0.7275335438171169    0.3018496229778975    0.9298821694537764    0.7594151445227908    
0.04469117082771845    0.6468376976117725    0.591286318958737    0.018975390194100328    0.5899271158123156    0.5624671818077331    
12.026758403066196    0.10014576590037905    0.06271341130195651    3.190322089692927    0.11045802764419932    0.05194752162788063    
0.06833551822637673    0.6115509309893241    0.3295243854081491    0.019356758159119636    0.5565272600215394    0.30802943369781133    
0.0005471026379382238    0.6902462505240692    0.1139047815813683    0.0006845749157946557    0.7003481849678792    0.13007138046668842    
1.595172451081453    1.612229308244423    0.40171517326962203    0.6100515947036911    1.5001482813677285    0.3781502919009654    
1.512825720361434    0.004355044206022285    0.24582467194704805    0.455637553226552    0.0020103451242903247    0.2259105714474572    
4.477448357705725    0.7515758458903292    0.5416344127588673    2.083985427598236    0.6981423976831138    0.517507448545075    
28.074286248200224    1.3899381378869293    1.1039753004151862    7.221745694856509    1.2645521801605355    1.0579370147606824    
0.8487597171915695    2.6618936454178765    3.2447095602110494    0.34487971013004426    2.5076129876688356    3.1760753340349765    
4.358327488778741    0.07566654508991633    0.003231045004213229    1.2686261424969416    0.08753624011296779    0.0069708702503703535    
1.0500079631892731    2.1504843867151067    1.2335008107329486    0.4308194583863951    2.0190916262363316    1.1950377065513749    
1.0088585784105817    0.27592723608540837    0.20373523778107483    0.2830720561905764    0.24413221098075155    0.2205090740317246    
7.1657704242825275    4.174669157524477    5.249436096040881    1.9255061867734184    4.073866285776603    5.347741756326286    
23.715246387422667    0.019243410424678586    0.864409396177507    6.4234875479887705    0.012237792354426347    0.8203504076518584    
0.6002476701250998    0.06669257662724704    0.20931690331781283    0.2305360225000186    0.053242565161781386    0.184747245410108    
0.03117940845550038    12.319382617963129    7.871165031785495    0.012849595455918461    11.815347936717444    7.77731012487493    
1.5393868220126024    0.15249148933799006    0.025726283492986113    0.5597853793296963    0.1327972316648811    0.020296389615396038    
0.1261490558827063    0.23080106603447348    0.3259199678286677    0.03005770905292593    0.23700250395631883    0.34843494110100437    
18.36508945246169    1.6216079749137862    3.2507138525834307    5.887138870486524    1.489796191410278    3.1660302912059706    
0.06771150580607355    1.073081798182102    0.7551183568139095    0.019377303804503754    0.9875578262726776    0.7220453459594864    
3.837715923524229    0.04352804968948476    0.003584404432331212    1.0304898630420212    0.050388000629027374    0.001210663205711171    
0.18894184718374163    1.2320718275586842    0.5463773498631781    0.04972454137168825    1.1202770861855242    0.5742699340335093    
0.09773708278953563    1.5494485255912878    1.4166934073291486    0.020959432004019618    1.5132279009267222    1.4600939291558461    
10.733841077118996    0.18949575595615897    0.0018376246734987944    2.701745168917114    0.1986433992133243    0.0004512706946115941    
0.3812219079263741    0.0006803782162023708    0.14948740444378927    0.1212799593777163    3.316883521620184e-05    0.16443780140252784    
0.19204862069454975    7.580154000519542    3.5212580657535    0.048746926346211694    7.325257326592691    3.6003898010822013    
1.2461492198490305    3.3355334783700528    1.2728889656427782    0.2900427829299588    3.251027208127198    1.3156556794419885    
2.7256613893259782    0.1387506246974226    0.003238487581256777    0.9476163763320073    0.1215934634237783    0.005345567216863856    
3.945708172148443    3.566990438674111    0.9125890544964932    1.125153459914145    3.314053442227305    0.8774829664180288    
2.274743607500568    1.6931267740001203    1.40514341967355    0.49246582634805236    1.6499643836141331    1.4572881869098637    
2.7733975796436425    0.1261929969623452    0.1229991949221585    0.8323463413253194    0.1378718629857758    0.1074984446313465    
0.20782222364505287    0.0015391996130347252    0.0011366255057509989    0.07118892496509943    0.003024377685505897    0.002530000638216734    
1.4439580106554786    0.6687118446425302    0.06000172288622707    0.4968571780627826    0.6115294779010583    0.05156551723484881    
0.8656919175846269    0.22426804903079756    0.022595805203309283    0.21751057507935911    0.19663164499797858    0.02833321648358833    
1.0001116057828767    1.9732780797348823    0.20426476685679518    0.3402591944759479    1.9537287763814675    0.22287011654407252    
0.6527678412094247    0.16151454811915755    0.8303110461420147    0.14450950679020025    0.16686957389174495    0.8662401228066301    
3.707264474782278    12.185702557806508    8.122716995872906    1.6386400123155909    11.608399405318778    8.024392714170972    
0.32244940343662165    0.09488341546966694    0.030070828172028996    0.11314487486379221    0.08062116127985064    0.02470212867774535    
12.764740758488188    4.2872208325134125    2.2901450203789864    2.491654715195182    4.12151116928726    2.3589450008730637    
0.5182390669069719    0.4502155367517844    0.009229461269569583    0.1748684200720163    0.4062940400617663    0.013190207639127038    
0.6673027274082415    0.2409551602177089    0.1820067589287646    0.2852672688604798    0.2546441336598946    0.16544903628528118    
10.190647634706693    0.028737341286614537    0.1066094855486881    2.331731701269746    0.03450444538611919    0.12114586583629716    
0.3047881203092402    1.1966137008857913    0.13810028706211597    0.08448910278093535    1.1933200808562106    0.1540978283737786    
1.1373543250083458    0.008838525274768472    0.007713539671385661    0.3273746240447508    0.012603607247001491    0.005758473664172925    
0.017445264689740725    0.01689231382624712    0.0401827237510588    0.005843623395776376    0.011094858098658733    0.04684655634628143    
3.0367083760065725    0.045801624495652504    0.13865260004240554    1.2147275160969002    0.03731157198490109    0.1262079507141607    
3.071974682956352    4.975777733765426    0.28107757891120855    1.0112490748724667    4.659773130828398    0.2630104810814373    
24.521173979650484    0.5026963196432916    2.6956525985733606    7.457741002115654    0.4453362710919464    2.6153363232442643    
1.2832536077330587    0.3418212667456828    0.5106027720612474    0.3929048827121733    0.3466238615801558    0.537086661788635    
1.9482909692887915    0.30135929489915725    0.008073171062278561    0.5569603102485416    0.3115696515305899    0.012541355696157552    
1.6143096657615388    0.222360468324041    0.0003249040892114863    0.42139469309768174    0.19366410141810775    8.362694643437862e-06    
4.640326449618442    1.0861641657102155    1.411474580570939    1.4753404164948734    0.9976003568444867    1.3640148814738495    
0.7899153067846783    0.18162979889893904    0.4601731959701283    0.255237209436018    0.15797688080056105    0.4341337133955676    
13.656071157733095    0.1736007451545447    0.35562546383880544    3.6351224288373487    0.14754754296154715    0.3304833077272633    
2.5688178147538565    0.3185085386794526    0.31353517281240784    0.8310585772560444    0.3243166207248578    0.3348290570866084    
9.927529934473569    6.3431079113070155    0.7070229244272923    2.3264086152485106    6.212275398662314    0.7464377090509515    
10.999746231682366    0.9975180393957999    0.6459145574626746    4.0340302209951915    0.9957744559651474    0.6753432768164203    
4.362851740545011    1.7066329418885289    1.5468945790926227    1.3953916696336819    1.5775615131860832    1.4954196980397683    
10.592858015239472    0.6328045029949863    2.488558106619166    2.82022205911926    0.6252000879467232    2.5443622085731477    
0.12122561899013817    1.3665831452817656    0.5022661064576823    0.038329593357048    1.3512826438818593    0.5310843415354611    
2.8150922892964445    1.0016995920741465    0.2436819873546483    0.972506902704481    0.9985268991731573    0.2619369323074352    
7.432307039023726    1.115698748777504    1.1337487369019073    2.6646219054528046    1.1070114789617946    1.1694797535892576    
0.44626737394719385    0.6276041975797853    1.2516991166048683    0.09851113922195509    0.6211715412937338    1.2935571060806978    
0.4707175238872878    1.1003139416861814    0.1697231778234709    0.15531504756654613    1.097278202592861    0.18709379056235775    
0.04378601652570069    0.02917895672726445    0.0005031522450735793    0.010900650508119725    0.023014310907456093    0.0016862571355886757    
0.0006266791606321931    1.2197494008869398    1.0597015927050961    0.0007535824843216687    1.1277944800676778    1.0191867477697087    
4.3942520118143875    0.08376455651887227    1.1181586832681205    0.9151989044767106    0.08967848049360327    1.16218751265842    
1.779210471373517    0.30676527725881897    0.009449929493712261    0.47804028569953516    0.2705266666453099    0.005987471740809269    
0.6409782375703799    1.5043195178441238    0.12900403972889762    0.18463080606306903    1.498696644892334    0.14306376778404228    
3.6651319993979996    0.8086669349431759    0.7410370706784306    1.6105242221383378    0.7499229683162412    0.7112377453013323    
6.539315761969192    2.3331166089483304    1.6896912515949225    2.049349979221006    2.1625390412664274    1.636891485803062    
1.4474549265869427    0.07400940207298845    0.024272364767966792    0.5104603150830371    0.0614983772393316    0.030413553613470867    
8.317158536505303    0.1280406899168156    0.061285527277505025    3.153993561762036    0.14045968328719027    0.06996939025702886    
0.0017280580796068534    0.12942362896865234    0.15691936625808012    0.00010961529915221035    0.14367939563817345    0.13904866827942897    
0.8686880344030214    0.7479651447501965    0.1269048608810408    0.24945435496920254    0.6779180551238824    0.1124846153834369    
0.7034843130386434    0.07949012843891978    0.01649167825235054    0.19567380704393145    0.06478500535013154    0.012050337536493316    
0.15910828737833072    0.0020303638448240235    0.5245487618230982    0.05958981500589289    0.004719363991171122    0.49122801203338895    
5.4628606307232985    1.2717413001664681    0.4587684468278894    1.2941579713951796    1.2616765694256173    0.48690466134576127    
0.02071598870679736    0.11773625797650311    0.06427717770566233    0.0037820918223587796    0.09834736863558646    0.05268603374133818    
1.0564467418880668    0.1974389570823405    0.3994927214225754    0.3290029833005974    0.17188181726669427    0.3744571902498137    
2.061906619259389    0.4608485666103661    0.5762372411700198    0.6047522102016956    0.4625441246316768    0.6044144121842692    
