|                      Parameters |   0 |                     1 |                      2 |   3 |   4 |                       5 |                       6 |                      7 |                      8 |                      9 |  10 |
|       Crabbreak.spectral.index1 | 0.0 |                   0.0 |                    0.0 | 0.0 | 0.0 |                     0.0 |                     0.0 |                    0.0 |                    0.0 |                    0.0 | 0.0 |
|       Crabbreak.spectral.index2 | 0.0 | 0.0005225233621828919 |  7.870165338485392e-13 | 0.0 | 0.0 |    0.003254172777719103 |    8.84805505164606e-09 |  9.647808745334168e-09 |                    0.0 |                    0.0 | 0.0 |
|    Crabbreak.spectral.amplitude | 0.0 | 7.870165338485392e-13 | 1.2795337260183402e-21 | 0.0 | 0.0 |       5.36483894427e-12 |  -6.395629961484481e-18 | 6.7714506689422974e-18 |                    0.0 |                    0.0 | 0.0 |
|       Crabbreak.spectral.ebreak | 0.0 |                   0.0 |                    0.0 | 0.0 | 0.0 |                     0.0 |                     0.0 |                    0.0 |                    0.0 |                    0.0 | 0.0 |
|    Crabbreak.spectral.reference | 0.0 |                   0.0 |                    0.0 | 0.0 | 0.0 |                     0.0 |                     0.0 |                    0.0 |                    0.0 |                    0.0 | 0.0 |
|         Crabbreak.spectral.beta | 0.0 |  0.003254172777719103 |      5.36483894427e-12 | 0.0 | 0.0 |    0.022614936469860698 | -2.0826778204511867e-08 |  1.745586752902293e-08 |                    0.0 |                    0.0 | 0.0 |
|         Crabbreak.spatial.lon_0 | 0.0 |  8.84805505164606e-09 | -6.395629961484481e-18 | 0.0 | 0.0 | -2.0826778204511867e-08 |    9.74988743702588e-08 | 1.7896849230027676e-10 |                    0.0 |                    0.0 | 0.0 |
|         Crabbreak.spatial.lat_0 | 0.0 | 9.647808745334168e-09 | 6.7714506689422974e-18 | 0.0 | 0.0 |   1.745586752902293e-08 |  1.7896849230027676e-10 |  7.293596422191455e-08 |                    0.0 |                    0.0 | 0.0 |
|      35s7DxTP-bkg.spectral.norm | 0.0 |                   0.0 |                    0.0 | 0.0 | 0.0 |                     0.0 |                     0.0 |                    0.0 | 2.4879654040314266e-06 | 2.0073791420953945e-07 | 0.0 |
|      35s7DxTP-bkg.spectral.tilt | 0.0 |                   0.0 |                    0.0 | 0.0 | 0.0 |                     0.0 |                     0.0 |                    0.0 | 2.0073791420953945e-07 | 2.8927495973033683e-06 | 0.0 |
| 35s7DxTP-bkg.spectral.reference | 0.0 |                   0.0 |                    0.0 | 0.0 | 0.0 |                     0.0 |                     0.0 |                    0.0 |                    0.0 |                    0.0 | 0.0 |
