|                           Parameters |   0 |                       1 |                      2 |   3 |   4 |                       5 |                      6 |                       7 |                     8 |                      9 |  10 |  11 |  12 |                     13 |                     14 |  15 |
|            Crabbreak.spectral.index1 | 0.0 |                     0.0 |                    0.0 | 0.0 | 0.0 |                     0.0 |                    0.0 |                     0.0 |                   0.0 |                    0.0 | 0.0 | 0.0 | 0.0 |                    0.0 |                    0.0 | 0.0 |
|            Crabbreak.spectral.index2 | 0.0 |    0.002983044107328152 |   4.79448188783126e-12 | 0.0 | 0.0 |    0.018546660035368815 |  2.667307019444001e-08 | -1.9971894477873735e-08 |                   0.0 |                    0.0 | 0.0 | 0.0 | 0.0 |                    0.0 |                    0.0 | 0.0 |
|         Crabbreak.spectral.amplitude | 0.0 |    4.79448188783126e-12 |  9.463041875905531e-21 | 0.0 | 0.0 |   3.207024176585579e-11 | 3.5592165990568307e-19 |    -5.9254772922291e-17 |                   0.0 |                    0.0 | 0.0 | 0.0 | 0.0 |                    0.0 |                    0.0 | 0.0 |
|            Crabbreak.spectral.ebreak | 0.0 |                     0.0 |                    0.0 | 0.0 | 0.0 |                     0.0 |                    0.0 |                     0.0 |                   0.0 |                    0.0 | 0.0 | 0.0 | 0.0 |                    0.0 |                    0.0 | 0.0 |
|         Crabbreak.spectral.reference | 0.0 |                     0.0 |                    0.0 | 0.0 | 0.0 |                     0.0 |                    0.0 |                     0.0 |                   0.0 |                    0.0 | 0.0 | 0.0 | 0.0 |                    0.0 |                    0.0 | 0.0 |
|              Crabbreak.spectral.beta | 0.0 |    0.018546660035368815 |  3.207024176585579e-11 | 0.0 | 0.0 |      0.1260329036070382 |   6.39904395275853e-08 | -1.1844971078857228e-07 |                   0.0 |                    0.0 | 0.0 | 0.0 | 0.0 |                    0.0 |                    0.0 | 0.0 |
|              Crabbreak.spatial.lon_0 | 0.0 |   2.667307019444001e-08 | 3.5592165990568307e-19 | 0.0 | 0.0 |    6.39904395275853e-08 |   4.55061026928677e-07 |  -4.629213325571401e-11 |                   0.0 |                    0.0 | 0.0 | 0.0 | 0.0 |                    0.0 |                    0.0 | 0.0 |
|              Crabbreak.spatial.lat_0 | 0.0 | -1.9971894477873735e-08 |   -5.9254772922291e-17 | 0.0 | 0.0 | -1.1844971078857228e-07 | -4.629213325571401e-11 |  3.4109869286788163e-07 |                   0.0 |                    0.0 | 0.0 | 0.0 | 0.0 |                    0.0 |                    0.0 | 0.0 |
|           vM0eMKDN-bkg.spectral.norm | 0.0 |                     0.0 |                    0.0 | 0.0 | 0.0 |                     0.0 |                    0.0 |                     0.0 | 1.155061800684247e-05 |  9.466924187874119e-07 | 0.0 | 0.0 | 0.0 |                    0.0 |                    0.0 | 0.0 |
|           vM0eMKDN-bkg.spectral.tilt | 0.0 |                     0.0 |                    0.0 | 0.0 | 0.0 |                     0.0 |                    0.0 |                     0.0 | 9.466924187874119e-07 | 1.3429624930951344e-05 | 0.0 | 0.0 | 0.0 |                    0.0 |                    0.0 | 0.0 |
|      vM0eMKDN-bkg.spectral.reference | 0.0 |                     0.0 |                    0.0 | 0.0 | 0.0 |                     0.0 |                    0.0 |                     0.0 |                   0.0 |                    0.0 | 0.0 | 0.0 | 0.0 |                    0.0 |                    0.0 | 0.0 |
|       vM0eMKDN-irf.e_reco_model.bias | 0.0 |                     0.0 |                    0.0 | 0.0 | 0.0 |                     0.0 |                    0.0 |                     0.0 |                   0.0 |                    0.0 | 0.0 | 0.0 | 0.0 |                    0.0 |                    0.0 | 0.0 |
| vM0eMKDN-irf.e_reco_model.resolution | 0.0 |                     0.0 |                    0.0 | 0.0 | 0.0 |                     0.0 |                    0.0 |                     0.0 |                   0.0 |                    0.0 | 0.0 | 0.0 | 0.0 |                    0.0 |                    0.0 | 0.0 |
|           vM0eMKDN-irf.spectral.norm | 0.0 |                     0.0 |                    0.0 | 0.0 | 0.0 |                     0.0 |                    0.0 |                     0.0 |                   0.0 |                    0.0 | 0.0 | 0.0 | 0.0 |   0.011545026728975222 | 1.6254729812511119e-06 | 0.0 |
|           vM0eMKDN-irf.spectral.tilt | 0.0 |                     0.0 |                    0.0 | 0.0 | 0.0 |                     0.0 |                    0.0 |                     0.0 |                   0.0 |                    0.0 | 0.0 | 0.0 | 0.0 | 1.6254729812511119e-06 | 0.00040000128090012795 | 0.0 |
|      vM0eMKDN-irf.spectral.reference | 0.0 |                     0.0 |                    0.0 | 0.0 | 0.0 |                     0.0 |                    0.0 |                     0.0 |                   0.0 |                    0.0 | 0.0 | 0.0 | 0.0 |                    0.0 |                    0.0 | 0.0 |
