|                           Parameters |   0 |                      1 |                      2 |   3 |   4 |                      5 |                       6 |                       7 |                     8 |                     9 |  10 |  11 |  12 |                    13 |                     14 |  15 |
|            Crabbreak.spectral.index1 | 0.0 |                    0.0 |                    0.0 | 0.0 | 0.0 |                    0.0 |                     0.0 |                     0.0 |                   0.0 |                   0.0 | 0.0 | 0.0 | 0.0 |                   0.0 |                    0.0 | 0.0 |
|            Crabbreak.spectral.index2 | 0.0 |    0.17997960489790038 | 2.5863984792413034e-10 | 0.0 | 0.0 |     1.0524203704144353 |  3.1579550256236952e-06 |  -8.235331453221817e-07 |                   0.0 |                   0.0 | 0.0 | 0.0 | 0.0 |                   0.0 |                    0.0 | 0.0 |
|         Crabbreak.spectral.amplitude | 0.0 | 2.5863984792413034e-10 | 4.1351493110547244e-19 | 0.0 | 0.0 | 1.7113778952473142e-09 |   6.960222100114272e-16 |  -5.905365794039311e-16 |                   0.0 |                   0.0 | 0.0 | 0.0 | 0.0 |                   0.0 |                    0.0 | 0.0 |
|            Crabbreak.spectral.ebreak | 0.0 |                    0.0 |                    0.0 | 0.0 | 0.0 |                    0.0 |                     0.0 |                     0.0 |                   0.0 |                   0.0 | 0.0 | 0.0 | 0.0 |                   0.0 |                    0.0 | 0.0 |
|         Crabbreak.spectral.reference | 0.0 |                    0.0 |                    0.0 | 0.0 | 0.0 |                    0.0 |                     0.0 |                     0.0 |                   0.0 |                   0.0 | 0.0 | 0.0 | 0.0 |                   0.0 |                    0.0 | 0.0 |
|              Crabbreak.spectral.beta | 0.0 |     1.0524203704144353 | 1.7113778952473142e-09 | 0.0 | 0.0 |      7.157939855091732 |   9.185019120446314e-06 |  -4.291815202373033e-06 |                   0.0 |                   0.0 | 0.0 | 0.0 | 0.0 |                   0.0 |                    0.0 | 0.0 |
|              Crabbreak.spatial.lon_0 | 0.0 | 3.1579550256236952e-06 |  6.960222100114272e-16 | 0.0 | 0.0 |  9.185019120446314e-06 |   4.550467773643288e-05 | -3.5326851588934826e-09 |                   0.0 |                   0.0 | 0.0 | 0.0 | 0.0 |                   0.0 |                    0.0 | 0.0 |
|              Crabbreak.spatial.lat_0 | 0.0 | -8.235331453221817e-07 | -5.905365794039311e-16 | 0.0 | 0.0 | -4.291815202373033e-06 | -3.5326851588934826e-09 |   3.410850589351091e-05 |                   0.0 |                   0.0 | 0.0 | 0.0 | 0.0 |                   0.0 |                    0.0 | 0.0 |
|           4M7oX5qo-bkg.spectral.norm | 0.0 |                    0.0 |                    0.0 | 0.0 | 0.0 |                    0.0 |                     0.0 |                     0.0 | 0.0011549413297904042 | 9.401462555765622e-05 | 0.0 | 0.0 | 0.0 |                   0.0 |                    0.0 | 0.0 |
|           4M7oX5qo-bkg.spectral.tilt | 0.0 |                    0.0 |                    0.0 | 0.0 | 0.0 |                    0.0 |                     0.0 |                     0.0 | 9.401462555765622e-05 | 0.0013430293054008976 | 0.0 | 0.0 | 0.0 |                   0.0 |                    0.0 | 0.0 |
|      4M7oX5qo-bkg.spectral.reference | 0.0 |                    0.0 |                    0.0 | 0.0 | 0.0 |                    0.0 |                     0.0 |                     0.0 |                   0.0 |                   0.0 | 0.0 | 0.0 | 0.0 |                   0.0 |                    0.0 | 0.0 |
|       4M7oX5qo-irf.e_reco_model.bias | 0.0 |                    0.0 |                    0.0 | 0.0 | 0.0 |                    0.0 |                     0.0 |                     0.0 |                   0.0 |                   0.0 | 0.0 | 0.0 | 0.0 |                   0.0 |                    0.0 | 0.0 |
| 4M7oX5qo-irf.e_reco_model.resolution | 0.0 |                    0.0 |                    0.0 | 0.0 | 0.0 |                    0.0 |                     0.0 |                     0.0 |                   0.0 |                   0.0 | 0.0 | 0.0 | 0.0 |                   0.0 |                    0.0 | 0.0 |
|           4M7oX5qo-irf.spectral.norm | 0.0 |                    0.0 |                    0.0 | 0.0 | 0.0 |                    0.0 |                     0.0 |                     0.0 |                   0.0 |                   0.0 | 0.0 | 0.0 | 0.0 |  0.010020060527307896 |  4.737262344865304e-08 | 0.0 |
|           4M7oX5qo-irf.spectral.tilt | 0.0 |                    0.0 |                    0.0 | 0.0 | 0.0 |                    0.0 |                     0.0 |                     0.0 |                   0.0 |                   0.0 | 0.0 | 0.0 | 0.0 | 4.737262344865304e-08 | 0.00040000001200879144 | 0.0 |
|      4M7oX5qo-irf.spectral.reference | 0.0 |                    0.0 |                    0.0 | 0.0 | 0.0 |                    0.0 |                     0.0 |                     0.0 |                   0.0 |                   0.0 | 0.0 | 0.0 | 0.0 |                   0.0 |                    0.0 | 0.0 |
