|                           Parameters |   0 |                      1 |                       2 |   3 |   4 |                       5 |                       6 |                       7 |                     8 |                     9 |  10 |  11 |  12 |                    13 |                     14 |  15 |
|            Crabbreak.spectral.index1 | 0.0 |                    0.0 |                     0.0 | 0.0 | 0.0 |                     0.0 |                     0.0 |                     0.0 |                   0.0 |                   0.0 | 0.0 | 0.0 | 0.0 |                   0.0 |                    0.0 | 0.0 |
|            Crabbreak.spectral.index2 | 0.0 |    0.08715069080341728 |  1.2605920347277876e-10 | 0.0 | 0.0 |      0.5130936130011317 |  1.4257066728647747e-06 |  -3.902403914263956e-07 |                   0.0 |                   0.0 | 0.0 | 0.0 | 0.0 |                   0.0 |                    0.0 | 0.0 |
|         Crabbreak.spectral.amplitude | 0.0 | 1.2605920347277876e-10 |  2.0254169144980678e-19 | 0.0 | 0.0 |   8.353380488185557e-10 |  2.6842027541437427e-16 | -2.9634676478421515e-16 |                   0.0 |                   0.0 | 0.0 | 0.0 | 0.0 |                   0.0 |                    0.0 | 0.0 |
|            Crabbreak.spectral.ebreak | 0.0 |                    0.0 |                     0.0 | 0.0 | 0.0 |                     0.0 |                     0.0 |                     0.0 |                   0.0 |                   0.0 | 0.0 | 0.0 | 0.0 |                   0.0 |                    0.0 | 0.0 |
|         Crabbreak.spectral.reference | 0.0 |                    0.0 |                     0.0 | 0.0 | 0.0 |                     0.0 |                     0.0 |                     0.0 |                   0.0 |                   0.0 | 0.0 | 0.0 | 0.0 |                   0.0 |                    0.0 | 0.0 |
|              Crabbreak.spectral.beta | 0.0 |     0.5130936130011317 |   8.353380488185557e-10 | 0.0 | 0.0 |      3.4904036363798556 |   4.029060254384765e-06 | -2.0211732394916554e-06 |                   0.0 |                   0.0 | 0.0 | 0.0 | 0.0 |                   0.0 |                    0.0 | 0.0 |
|              Crabbreak.spatial.lon_0 | 0.0 | 1.4257066728647747e-06 |  2.6842027541437427e-16 | 0.0 | 0.0 |   4.029060254384765e-06 |   2.112152305929145e-05 | -1.6704887172359193e-09 |                   0.0 |                   0.0 | 0.0 | 0.0 | 0.0 |                   0.0 |                    0.0 | 0.0 |
|              Crabbreak.spatial.lat_0 | 0.0 | -3.902403914263956e-07 | -2.9634676478421515e-16 | 0.0 | 0.0 | -2.0211732394916554e-06 | -1.6704887172359193e-09 |  1.5831897447409347e-05 |                   0.0 |                   0.0 | 0.0 | 0.0 | 0.0 |                   0.0 |                    0.0 | 0.0 |
|           Yr7oVmVj-bkg.spectral.norm | 0.0 |                    0.0 |                     0.0 | 0.0 | 0.0 |                     0.0 |                     0.0 |                     0.0 | 0.0005360886445782941 | 4.367434715884242e-05 | 0.0 | 0.0 | 0.0 |                   0.0 |                    0.0 | 0.0 |
|           Yr7oVmVj-bkg.spectral.tilt | 0.0 |                    0.0 |                     0.0 | 0.0 | 0.0 |                     0.0 |                     0.0 |                     0.0 | 4.367434715884242e-05 | 0.0006233777302096777 | 0.0 | 0.0 | 0.0 |                   0.0 |                    0.0 | 0.0 |
|      Yr7oVmVj-bkg.spectral.reference | 0.0 |                    0.0 |                     0.0 | 0.0 | 0.0 |                     0.0 |                     0.0 |                     0.0 |                   0.0 |                   0.0 | 0.0 | 0.0 | 0.0 |                   0.0 |                    0.0 | 0.0 |
|       Yr7oVmVj-irf.e_reco_model.bias | 0.0 |                    0.0 |                     0.0 | 0.0 | 0.0 |                     0.0 |                     0.0 |                     0.0 |                   0.0 |                   0.0 | 0.0 | 0.0 | 0.0 |                   0.0 |                    0.0 | 0.0 |
| Yr7oVmVj-irf.e_reco_model.resolution | 0.0 |                    0.0 |                     0.0 | 0.0 | 0.0 |                     0.0 |                     0.0 |                     0.0 |                   0.0 |                   0.0 | 0.0 | 0.0 | 0.0 |                   0.0 |                    0.0 | 0.0 |
|           Yr7oVmVj-irf.spectral.norm | 0.0 |                    0.0 |                     0.0 | 0.0 | 0.0 |                     0.0 |                     0.0 |                     0.0 |                   0.0 |                   0.0 | 0.0 | 0.0 | 0.0 |   0.01004196308393765 |  9.539919708889905e-08 | 0.0 |
|           Yr7oVmVj-irf.spectral.tilt | 0.0 |                    0.0 |                     0.0 | 0.0 | 0.0 |                     0.0 |                     0.0 |                     0.0 |                   0.0 |                   0.0 | 0.0 | 0.0 | 0.0 | 9.539919708889905e-08 | 0.00039999998652643954 | 0.0 |
|      Yr7oVmVj-irf.spectral.reference | 0.0 |                    0.0 |                     0.0 | 0.0 | 0.0 |                     0.0 |                     0.0 |                     0.0 |                   0.0 |                   0.0 | 0.0 | 0.0 | 0.0 |                   0.0 |                    0.0 | 0.0 |
