|                      Parameters |   0 |                       1 |                       2 |   3 |   4 |                      5 |                      6 |                       7 |                     8 |                     9 |  10 |
|       Crabbreak.spectral.index1 | 0.0 |                     0.0 |                     0.0 | 0.0 | 0.0 |                    0.0 |                    0.0 |                     0.0 |                   0.0 |                   0.0 | 0.0 |
|       Crabbreak.spectral.index2 | 0.0 |       2.652195926251043 |   3.587026428641763e-09 | 0.0 | 0.0 |     14.425357187796195 |  7.049952282421871e-05 | -1.0579982561140331e-05 |                   0.0 |                   0.0 | 0.0 |
|    Crabbreak.spectral.amplitude | 0.0 |   3.587026428641763e-09 |   5.661482495542196e-18 | 0.0 | 0.0 | 2.3469882597008213e-08 | 1.8747283214706395e-14 | -1.8269687970806344e-15 |                   0.0 |                   0.0 | 0.0 |
|       Crabbreak.spectral.ebreak | 0.0 |                     0.0 |                     0.0 | 0.0 | 0.0 |                    0.0 |                    0.0 |                     0.0 |                   0.0 |                   0.0 | 0.0 |
|    Crabbreak.spectral.reference | 0.0 |                     0.0 |                     0.0 | 0.0 | 0.0 |                    0.0 |                    0.0 |                     0.0 |                   0.0 |                   0.0 | 0.0 |
|         Crabbreak.spectral.beta | 0.0 |      14.425357187796195 |  2.3469882597008213e-08 | 0.0 | 0.0 |      98.48924679202781 | 0.00021616118293116837 |  -4.895849347438918e-05 |                   0.0 |                   0.0 | 0.0 |
|         Crabbreak.spatial.lon_0 | 0.0 |   7.049952282421871e-05 |  1.8747283214706395e-14 | 0.0 | 0.0 | 0.00021616118293116837 |  0.0009799281923047352 |   -6.54992545805872e-08 |                   0.0 |                   0.0 | 0.0 |
|         Crabbreak.spatial.lat_0 | 0.0 | -1.0579982561140331e-05 | -1.8269687970806344e-15 | 0.0 | 0.0 | -4.895849347438918e-05 |  -6.54992545805872e-08 |   0.0007345229028854273 |                   0.0 |                   0.0 | 0.0 |
|      Ukf9BcxV-bkg.spectral.norm | 0.0 |                     0.0 |                     0.0 | 0.0 | 0.0 |                    0.0 |                    0.0 |                     0.0 |  0.024882516318087446 | 0.0020221516199829025 | 0.0 |
|      Ukf9BcxV-bkg.spectral.tilt | 0.0 |                     0.0 |                     0.0 | 0.0 | 0.0 |                    0.0 |                    0.0 |                     0.0 | 0.0020221516199829025 |  0.028929783677443546 | 0.0 |
| Ukf9BcxV-bkg.spectral.reference | 0.0 |                     0.0 |                     0.0 | 0.0 | 0.0 |                    0.0 |                    0.0 |                     0.0 |                   0.0 |                   0.0 | 0.0 |
