5.986348579315485e-11  5.417186385017145e-11  4.81454353190742e-11  4.206146675401336e-11  3.616255002483952e-11  3.063801631754275e-11  2.5616464866318743e-11  2.116801118819765e-11  1.7313163550300284e-11  1.4034878569500887e-11  1.1290945586952202e-11  9.024858227808293e-12  7.174313750083369e-12  5.6772093996503294e-12  4.475432369688174e-12  3.5169197302088453e-12  2.7564825759506974e-12  2.1558220929822667e-12  1.6830685832620242e-12  1.3120790147776495e-12  
6.022997885775547e-11  5.4123240313869165e-11  4.7841915569900934e-11  4.162411592888366e-11  3.5672960028024964e-11  3.014436095244653e-11  2.5142564358283602e-11  2.0722470452985628e-11  1.689675594850696e-11  1.3645513625076461e-11  1.0926398932234237e-11  8.683852999646752e-12  6.856611636812963e-12  5.383246998777105e-12  4.205854394675708e-12  3.2721934266750355e-12  2.536658845397614e-12  1.9604398300692326e-12  1.5111679014770668e-12  1.162282128512694e-12  
6.13437119527505e-11  5.52674226963792e-11  4.890461840358309e-11  4.253732378893617e-11  3.640849811497152e-11  3.07045940925174e-11  2.5549220261694388e-11  2.1006345557224795e-11  1.7089909330017462e-11  1.377640555577697e-11  1.1017626476357602e-11  8.751756783894918e-12  6.911985610722756e-12  5.432529117044133e-12  4.252382972550676e-12  3.317302794347352e-12  2.580526066977745e-12  2.0026787364783033e-12  1.5512086096844103e-12  1.1995880132116562e-12  
6.08741672825495e-11  5.4708264603115845e-11  4.8293471960361715e-11  4.190663823975278e-11  3.578413518572484e-11  3.010562516007838e-11  2.498855035753906e-11  2.0491753808181572e-11  1.6625186260873777e-11  1.3362396652431674e-11  1.0653101682255747e-11  8.434095475911997e-12  6.637699347357571e-12  5.1976532102648804e-12  4.052765319223295e-12  3.148812529368393e-12  2.439199229742252e-12  1.8848142912991282e-12  1.453425615880444e-12  1.1188529866276723e-12  
6.199609241823918e-11  5.574585301806161e-11  4.9167587483894583e-11  4.258008173694481e-11  3.625547067256656e-11  3.0398333300711915e-11  2.5139255747025176e-11  2.054030891166471e-11  1.6607934870276326e-11  1.3308671509026785e-11  1.0584261751766283e-11  8.364171494732423e-12  6.574815738762269e-12  5.145636655230277e-12  4.0126003163999335e-12  3.119797677592115e-12  2.41978064413053e-12  1.873136016750489e-12  1.4476602088714164e-12  1.1173759044854015e-12  
6.329637360979935e-11  5.6716291722326206e-11  4.94107791445139e-11  4.201170210038853e-11  3.5013103358854827e-11  2.872359512719132e-11  2.3281948989754324e-11  1.8703025424093712e-11  1.4926818612974863e-11  1.185716890452877e-11  9.387290945029037e-12  7.414310793013124e-12  5.846249387907584e-12  4.604433982704929e-12  3.6234319041699123e-12  2.8498109640669245e-12  2.2404699676030626e-12  1.760928611872493e-12  1.3837591309161107e-12  1.0872286039333343e-12  
4.076998821548334e-11  3.9113190745597606e-11  3.740519436259347e-11  3.565904868651365e-11  3.388763262639125e-11  3.210348051407336e-11  3.0318622587992276e-11  2.8544442809828377e-11  2.6791556358312587e-11  2.5069708462528634e-11  2.3387695541012733e-11  2.175330893054478e-11  2.0173300845114856e-11  1.8653371622845584e-11  1.7198176813961937e-11  1.581135224861979e-11  1.4495554906862956e-11  1.3252517196557625e-11  1.2083112126691474e-11  1.098742683681457e-11  
5.766914374771912e-12  6.405253979408284e-12  7.114244771721905e-12  7.9017056672808e-12  8.776320814409438e-12  9.747735330954082e-12  1.0826661633193335e-11  1.2024997528679724e-11  1.3355957374419264e-11  1.4834217745752223e-11  1.6476079221178133e-11  1.8299646065931348e-11  2.0325025794315004e-11  2.2574550809815548e-11  2.5073024565255934e-11  2.78479949553848e-11  3.093005795431567e-11  3.435319484342717e-11  3.815514674538453e-11  4.237783059091786e-11  
3.942368598048623e-11  3.800769725494885e-11  3.6350553174374596e-11  3.449344815994708e-11  3.248124028183828e-11  3.0360171941508716e-11  2.8175706590133548e-11  2.597064240982273e-11  2.3783615603536346e-11  2.1648051164816852e-11  1.9591566754516663e-11  1.7635792423380707e-11  1.579653919030261e-11  1.4084233732758402e-11  1.2504533146242047e-11  1.1059039954189869e-11  9.746049878276909e-12  8.561280106893051e-12  7.498541364860606e-12  6.550331231750633e-12  
3.066212151563929e-11  3.0040358842586406e-11  2.9182838469692235e-11  2.8116744418151083e-11  2.6874966676159893e-11  2.5493884327300796e-11  2.4011122177467013e-11  2.2463504469537364e-11  2.0885368962667966e-11  1.9307331202117608e-11  1.775551827464547e-11  1.6251235135846884e-11  1.4810990069513872e-11  1.3446788971951241e-11  1.2166607344245254e-11  1.0974958960076656e-11  9.873496036367328e-12  8.861593242048269e-12  7.936884246068441e-12  7.09573320227433e-12  
5.38467641892537e-11  4.8793821534536315e-11  4.3127594508491204e-11  3.7284881711963206e-11  3.163160582376089e-11  2.642303411610715e-11  2.180125620780698e-11  1.781586615369605e-11  1.445256285492631e-11  1.1659584762702988e-11  9.36772642914373e-12  7.50352227959779e-12  5.996899830324864e-12  4.7849759370413224e-12  3.813434793883658e-12  3.0365293081807805e-12  2.4163852430044536e-12  1.9220177104195283e-12  1.5282893158521823e-12  1.2149272236232061e-12  
6.375151839904983e-11  5.751640286685023e-11  5.084480206411676e-11  4.409699678076987e-11  3.7582903701902205e-11  3.1535352684048556e-11  2.6102082091574043e-11  2.1352763571323925e-11  1.7294846343405616e-11  1.389225923894572e-11  1.1082779101255887e-11  8.791921363054242e-12  6.942806318998977e-12  5.462400204332511e-12  4.284926786955164e-12  3.3532923494114706e-12  2.6192425852049243e-12  2.042792030640955e-12  1.5912975731434845e-12  1.2384119959167884e-12  
6.21651663326211e-11  5.606475069371592e-11  4.938220034782572e-11  4.257162781207201e-11  3.60147996427736e-11  2.998298712849799e-11  2.463185750798596e-11  2.0019001996854427e-11  1.6131142891119348e-11  1.2911215886499026e-11  1.0280239553445883e-11  8.152611405945583e-12  6.445537469264036e-12  5.084051785016344e-12  4.003087407914459e-12  3.147764823175886e-12  2.472716386598517e-12  1.940971647741674e-12  1.5227144078626344e-12  1.1940801757773086e-12  
6.293383254130734e-11  5.5145267146715435e-11  4.789962456564672e-11  4.1246083340391647e-11  3.5212586926361216e-11  2.9807538781071735e-11  2.502220389082537e-11  2.083357576019655e-11  1.720746863827703e-11  1.410161627291483e-11  1.1468595240057738e-11  9.258436530697934e-12  7.420837394854582e-12  5.9069311789318435e-12  4.670612201257595e-12  3.6694433227884346e-12  2.865195002899685e-12  2.2240767080798126e-12  1.7167258266097681e-12  1.3180174561971008e-12  
4.817909829247612e-11  4.687495569200852e-11  4.520240227041547e-11  4.321352757781129e-11  4.0968557311102224e-11  3.853188283992971e-11  3.5968201669872265e-11  3.333913823947193e-11  3.070059450297932e-11  2.8100944767930965e-11  2.558006692933905e-11  2.316911062764378e-11  2.0890848799319415e-11  1.8760440133849465e-11  1.678643799114722e-11  1.4971906307029804e-11  1.3315535637843815e-11  1.181268572626855e-11  1.0456310382885979e-11  9.237743947467026e-12  
6.850436762408196e-11  6.255639219911275e-11  5.681688257412067e-11  5.132682592779868e-11  4.611959306466826e-11  4.1220853008030103e-11  3.664872513990329e-11  3.2414140844129336e-11  2.852137982651972e-11  2.4968742080536614e-11  2.1749314825963976e-11  1.8851794474485562e-11  1.626132642715824e-11  1.3960329842491219e-11  1.19292799387264e-11  1.0147426415750179e-11  8.593432743583449e-12  7.245926975099215e-12  6.083960095477334e-12  5.08737250817939e-12  
6.395771069650046e-11  5.576663280760803e-11  4.81646799331954e-11  4.120871338909144e-11  3.493030628136554e-11  2.933785624776232e-11  2.4419611363224794e-11  2.0147279144550415e-11  1.647989218662631e-11  1.3367638047175761e-11  1.0755416560569923e-11  8.585954700562903e-12  6.802377900356981e-12  5.350199659589037e-12  4.178743083623192e-12  3.2420460722569952e-12  2.4993258542660047e-12  1.9150898225727475e-12  1.458980590501592e-12  1.1054367279191296e-12  
6.261241477709814e-11  5.511365459964861e-11  4.8067513135394966e-11  4.154041915494047e-11  3.557650641250698e-11  3.0198686746460607e-11  2.5410674911943442e-11  2.1199702852468727e-11  1.7539644592150744e-11  1.4394285324558254e-11  1.1720503433499922e-11  9.471184151601534e-12  7.597740076171877e-12  6.052169471082899e-12  4.788632579466252e-12  3.764565539717813e-12  2.9413794608811694e-12  2.2848089915593425e-12  1.7649817243201825e-12  1.3562791022711696e-12  
5.980842100355778e-11  5.5959995962120515e-11  5.163889434170942e-11  4.702155862425143e-11  4.2281843934716625e-11  3.7577179149177514e-11  3.303885039709289e-11  2.8766993476746558e-11  2.4829897146360722e-11  2.126658951362444e-11  1.8091452741078252e-11  1.529970277022624e-11  1.2872842126300215e-11  1.0783516713169382e-11  8.999495970367188e-12  7.486710095024787e-12  6.211412698595055e-12  5.14160547149398e-12  4.247882708297528e-12  3.503846374695506e-12  
6.093123806638017e-11  5.508001875008237e-11  4.88155261207098e-11  4.246625506526826e-11  3.631725674872406e-11  3.058581150660302e-11  2.5413234702211008e-11  2.086999368295778e-11  1.6969000232548357e-11  1.3681939831104429e-11  1.0954863070510288e-11  8.72097333811511e-12  6.90995163739815e-12  5.454042497044127e-12  4.291534712366201e-12  3.3683603717205607e-12  2.6384555519803757e-12  2.0633827213187373e-12  1.6115686684843234e-12  1.2573894506080121e-12  
4.7049110572672e-11  4.421088030102178e-11  4.143583390930885e-11  3.873410384854823e-11  3.6114644042745086e-11  3.358520514094835e-11  3.1152327907916855e-11  2.8821353744162724e-11  2.659645103790663e-11  2.448065581310244e-11  2.2475924952542447e-11  2.0583200144571982e-11  1.880248062574963e-11  1.713290276778964e-11  1.5572824581755446e-11  1.4119913280931384e-11  1.2771234150321133e-11  1.1523339108873449e-11  1.0372353513512469e-11  9.314059934935156e-12  
6.561484959583857e-11  5.4496796511846766e-11  4.477825504379599e-11  3.640190763993639e-11  2.92812015932226e-11  2.3308880139138666e-11  1.8365128908265815e-11  1.432486024763345e-11  1.1063817131309828e-11  8.46333750726649e-12  6.413761124597246e-12  4.81657237388534e-12  3.5854491139814903e-12  2.646429188120576e-12  1.9374178860753543e-12  1.4072479689456623e-12  1.0144768262257459e-12  7.26070188321202e-13  5.16084579111827e-13  3.644257018693241e-13  
6.427538585470832e-11  5.728783976065694e-11  5.0651689437728406e-11  4.442866305540678e-11  3.8663773476453615e-11  3.338567582773265e-11  2.8607717867603132e-11  2.4329538199684198e-11  2.053904836044233e-11  1.721463193201525e-11  1.4327405000298929e-11  1.184340416473193e-11  9.725596982430255e-12  7.935641263166263e-12  6.43535056809227e-12  5.187850941509461e-12  4.158436589570979e-12  3.3151490938721095e-12  2.6291157736527784e-12  2.074688533401925e-12  
5.004801010705022e-11  4.703630857293488e-11  4.30680233161938e-11  3.8668846643931434e-11  3.425110202863393e-11  3.0070568607267665e-11  2.6253901518310796e-11  2.284371520183498e-11  1.983567865531165e-11  1.72025883140132e-11  1.4908133969574942e-11  1.2914119026783215e-11  1.1183946945747751e-11  9.68411034152166e-12  8.384662475990355e-12  7.259196603430369e-12  6.284605673407274e-12  5.440759692290761e-12  4.710167577665267e-12  4.077654288154746e-12  
5.845179338303006e-11  5.348164104130795e-11  4.7589057372665616e-11  4.1389757854607486e-11  3.537232473859098e-11  2.9845109944887444e-11  2.495567556431741e-11  2.0738771474580106e-11  1.71629163167478e-11  1.4164411347815072e-11  1.1668476620156554e-11  9.600865706814647e-12  7.893455002269404e-12  6.4863815675308064e-12  5.328361691997968e-12  4.376139261157944e-12  3.5935824665834917e-12  2.950696142729074e-12  2.422677645781703e-12  1.9890699820694548e-12  
6.019305880624239e-11  5.434317630552939e-11  4.8165213077313744e-11  4.194783745592981e-11  3.594140028569047e-11  3.0338778268719375e-11  2.5268276571473168e-11  2.0796864373981016e-11  1.694024978588598e-11  1.3676024172805968e-11  1.0956851025663884e-11  8.7218181374433e-12  6.905140257156941e-12  5.442163319255431e-12  4.273048547349934e-12  3.344676890808057e-12  2.6113103727629182e-12  2.034461550322834e-12  1.5823121453055963e-12  1.2289181106461975e-12  
6.181015848896053e-11  5.555565376247651e-11  4.906887174165052e-11  4.261958773692601e-11  3.643826330464501e-11  3.0700774959027976e-11  2.5523063332390096e-11  2.096431719680002e-11  1.7035963297584054e-11  1.3713442192076594e-11  1.0948236799261782e-11  8.678469297964785e-12  6.837240419798168e-12  5.358550408055072e-12  4.181053085363979e-12  3.2500843700441723e-12  2.5184415277126374e-12  1.946337049263967e-12  1.5008626250665824e-12  1.155206223376263e-12  
5.0753255274495425e-11  4.828711154540504e-11  4.479915378347451e-11  4.0853930030119016e-11  3.686075865051597e-11  3.3051913264935724e-11  2.9533519716790525e-11  2.6339182785218683e-11  2.3465938362978354e-11  2.0894404512185596e-11  1.8599065622027926e-11  1.6553200878772826e-11  1.47310998130788e-11  1.3108958048277881e-11  1.166515093600885e-11  1.0380224835024744e-11  9.236768454861314e-12  8.21924058269596e-12  7.313789204833347e-12  6.5080773990305584e-12  
6.477410411464509e-11  5.681910369189308e-11  4.9361645199869665e-11  4.2474108278715033e-11  3.62034809495986e-11  3.057271294162011e-11  2.5583184459234465e-11  2.1217963748639283e-11  1.744551030846248e-11  1.4223500793485573e-11  1.1502502929557061e-11  9.229288296443953e-12  7.349646752475826e-12  5.810634221711125e-12  4.5622447401634784e-12  3.5585431537210014e-12  2.7583254529918757e-12  2.125390310471503e-12  1.6285102304075533e-12  1.2411867793466704e-12  
6.089944537513973e-11  5.4686905791288384e-11  4.8134033702538086e-11  4.1573439508401774e-11  3.528719117839262e-11  2.948448811419053e-11  2.4295609552638105e-11  1.9778899975797842e-11  1.593546595255139e-11  1.272641830989421e-11  1.0088947131300012e-11  7.94926239368161e-12  6.231844819119039e-12  4.865322768580404e-12  3.785681295468419e-12  2.9375779479649343e-12  2.274440613617234e-12  1.7578640716269645e-12  1.356664858704206e-12  1.0458248912780774e-12  
6.046965606181802e-11  5.3666034487007664e-11  4.711942886391384e-11  4.093516134543866e-11  3.5194036088665135e-11  2.995151918641788e-11  2.5238645564156534e-11  2.106433049931517e-11  1.741867420977214e-11  1.4276822874236354e-11  1.160298003629704e-11  9.354232973595276e-12  7.483950882528205e-12  5.9446083859259536e-12  4.689975492027145e-12  3.676685314323928e-12  2.865240118586374e-12  2.220545061354053e-12  1.7120703882442828e-12  1.3137411971530973e-12  
3.540302250511833e-11  3.4491787524703397e-11  3.326545216156405e-11  3.177084182526098e-11  3.0062837151661446e-11  2.819990480878092e-11  2.6239898140821564e-11  2.423659449157637e-11  2.2237227933532785e-11  2.028106980421684e-11  1.8398949717876637e-11  1.6613515593001863e-11  1.4939999455876223e-11  1.3387270100948071e-11  1.1958994276796656e-11  1.0654777842815226e-11  9.471205694699131e-12  8.402738078059592e-12  7.44244928185656e-12  6.582613280607605e-12  
6.05637559382492e-11  5.6609507930510605e-11  5.2451109840373094e-11  4.81794808495991e-11  4.3881950158775686e-11  3.963870714423052e-11  3.5520027677667025e-11  3.158440176645022e-11  2.7877586065121646e-11  2.4432515321601128e-11  2.126993951131545e-11  1.8399613029570332e-11  1.5821848544006908e-11  1.3529256777441334e-11  1.150851820643416e-11  9.742066446567615e-12  8.209599659330634e-12  6.889370813347303e-12  5.759236940596639e-12  4.797470138853182e-12  
6.981723968356228e-11  6.31291005182702e-11  5.5771963100775654e-11  4.824182535767227e-11  4.096009092193926e-11  3.4230773687980276e-11  2.8233037774598484e-11  2.303855952042226e-11  1.8640065916945976e-11  1.498042900579937e-11  1.1976590710666166e-11  9.53659696797009e-12  7.570321538092883e-12  5.995353385888008e-12  4.739590880020558e-12  3.741803854935795e-12  2.951065820963508e-12  2.325645308462346e-12  1.8317121558272214e-12  1.4420568500122922e-12  
5.013003229931314e-11  4.628268915361972e-11  4.2566773164994505e-11  3.899940457177791e-11  3.559470267067736e-11  3.2363793185285734e-11  2.9314876647218446e-11  2.6453351175301213e-11  2.3781981895896397e-11  2.1301108484735477e-11  1.9008881926888567e-11  1.6901521567756184e-11  1.4973583829617685e-11  1.3218234548589682e-11  1.1627517690804612e-11  1.019261417481789e-11  8.904085599645504e-12  7.75209879703341e-12  6.7266282405503034e-12  5.817634408256523e-12  
5.179318500197181e-11  4.6527792124565424e-11  4.160132411524652e-11  3.70221598986847e-11  3.279316458248185e-11  2.8912192510892456e-11  2.5372660480314116e-11  2.2164166559379948e-11  1.927313089009736e-11  1.6683436694676005e-11  1.4377052281638407e-11  1.2334617921778778e-11  1.0535984833822062e-11  8.960696976800409e-12  7.588409709601809e-12  6.399242497400872e-12  5.374065605375825e-12  4.49472304554612e-12  3.744195892423933e-12  3.1067114499334457e-12  
6.586654709195461e-11  5.7761761715640986e-11  5.016060754440468e-11  4.3139046833112426e-11  3.674665000546417e-11  3.100795566457362e-11  2.592501903035298e-11  2.1480802495038827e-11  1.7643043259883203e-11  1.4368254149426222e-11  1.1605565289141262e-11  9.300184598438556e-12  7.396332121169527e-12  5.839576932862571e-12  4.578568388401378e-12  3.56620164598547e-12  2.760289494442733e-12  2.12382957977249e-12  1.6249607084086376e-12  1.2366972248575523e-12  
7.481325837776574e-11  6.24115393597242e-11  5.2056877139680354e-11  4.342013889407992e-11  3.6216318848062366e-11  3.020768206437894e-11  2.519593610633954e-11  2.10156871659923e-11  1.7528981864171654e-11  1.462075461856308e-11  1.2195030337338725e-11  1.0171757122562794e-11  8.484164458666335e-12  7.076559702947495e-12  5.902490159561599e-12  4.923210083172251e-12  4.106402021490058e-12  3.4251102994232418e-12  2.856851448499504e-12  2.3828722246311465e-12  
6.433960544614196e-11  5.654722849781085e-11  4.875363247628168e-11  4.126743685592604e-11  3.4329540472620595e-11  2.8101461232206964e-11  2.2666602419460808e-11  1.804114189268162e-11  1.4190159975678048e-11  1.1044945565353857e-11  8.518572036643467e-12  6.5181944059140855e-12  4.953660069317902e-12  3.742770367779006e-12  2.8138901026444882e-12  2.106679774111591e-12  1.571639860569641e-12  1.1690033397954501e-12  8.673525115832106e-13  6.421994593025295e-13  
5.83295025096628e-11  5.221697604074803e-11  4.514590910447663e-11  3.828421106379868e-11  3.2156341303004604e-11  2.6889421267925534e-11  2.2440027593801285e-11  1.8710101879399383e-11  1.5593960974681242e-11  1.2994527601357054e-11  1.0827567239055768e-11  9.021659456739436e-12  7.516841918353703e-12  6.262987049059218e-12  5.218267463213754e-12  4.347810371903945e-12  3.622551807493135e-12  3.018272916388539e-12  2.5147936784110502e-12  2.0952998983507498e-12  
6.122392861548655e-11  5.5471468625390016e-11  4.8964110524996334e-11  4.224582419563397e-11  3.5764032814805515e-11  2.9820587851914175e-11  2.4574226132138932e-11  2.0071826595959264e-11  1.628680631004955e-11  1.3152149389672679e-11  1.0583942712690859e-11  8.495998778888873e-12  6.807814959076917e-12  5.44817308073853e-12  4.356160898583606e-12  3.480813883512463e-12  2.7801135137401384e-12  2.2197621888918924e-12  1.7719568100932268e-12  1.4142664390463392e-12  
5.982889077930328e-11  5.346903900308066e-11  4.74245068906336e-11  4.174773759713362e-11  3.64772272523812e-11  3.163782637739779e-11  2.7241582524080795e-11  2.3289014850494663e-11  1.9770697046531835e-11  1.6669022168598754e-11  1.396003017174683e-11  1.1615194044608202e-11  9.603080808971277e-12  7.890826531155165e-12  6.445387455627008e-12  5.2345504467672546e-12  4.227703747791591e-12  3.396382888392888e-12  2.714616198669328e-12  2.15910005758081e-12  
6.217181940067866e-11  5.524434385969317e-11  4.8263602357082763e-11  4.148034076729513e-11  3.5099084448649654e-11  2.9267788790263357e-11  2.4076006564600645e-11  1.9560033059346688e-11  1.5712587418840047e-11  1.2494466654809766e-11  9.846056980538227e-12  7.697303455715352e-12  5.975460954651977e-12  4.61051819582862e-12  3.538547820599653e-12  2.7034073508610176e-12  2.0572499384010217e-12  1.5602563842680103e-12  1.179916400460474e-12  8.900975856126008e-13  
6.167382845051745e-11  5.615431178072954e-11  4.9825875778321614e-11  4.3230594353511754e-11  3.681966497164746e-11  3.0901792963395964e-11  2.5643975430689705e-11  2.1101690377388915e-11  1.7256540503333525e-11  1.4048762607943091e-11  1.1400473937670826e-11  9.230213481085354e-12  7.460972757749968e-12  6.023956069943081e-12  4.859798176766022e-12  3.91840174658562e-12  3.158110844096314e-12  2.5446322988045737e-12  2.0499258625568634e-12  1.6511711717752899e-12  
6.2679786471435e-11  5.620116260054223e-11  4.946623386846664e-11  4.277533646031212e-11  3.638260235473096e-11  3.04782771074515e-11  2.5183436504883355e-11  2.055500755254194e-11  1.6597383308677953e-11  1.3276765760701478e-11  1.0535195377948055e-11  8.302416631747173e-12  6.504822762430027e-12  5.071497667197748e-12  3.937799518822454e-12  3.0470846451026835e-12  2.351153847616754e-12  1.8099044791984828e-12  1.3905492747009911e-12  1.0666494626263365e-12  
6.273873020582002e-11  5.6098541887297027e-11  4.9404726324800713e-11  4.2872122028502776e-11  3.6679794436833106e-11  3.096251516367763e-11  2.5808236445561023e-11  2.1260749211552122e-11  1.7326047682974816e-11  1.3980708431384295e-11  1.1180751334819835e-11  8.869834712232407e-12  6.986092554848661e-12  5.4673329462147835e-12  4.254622486956969e-12  3.294468032029817e-12  2.539890665569848e-12  1.9506968759265525e-12  1.4932182628958564e-12  1.1397378563415027e-12  
6.254775820787446e-11  5.550400855742426e-11  4.864381962681741e-11  4.2112764505741726e-11  3.602549156838852e-11  3.0463183728269495e-11  2.5473971690203356e-11  2.1075789748066175e-11  1.7260957364873065e-11  1.4001708172597253e-11  1.1255949579092023e-11  8.97268130481821e-12  7.096684912131187e-12  5.5722794234007204e-12  4.3460931676161706e-12  3.368915315088501e-12  2.5967599684840854e-12  1.9913067920232386e-12  1.519884473578479e-12  1.155147052413504e-12  
6.186345732455391e-11  5.5823455215281113e-11  4.9224556447980294e-11  4.2500026038657204e-11  3.601647490360622e-11  3.003770857784939e-11  2.4718530270330936e-11  2.0119757237703767e-11  1.6232968667173476e-11  1.3005900201750063e-11  1.0363471407106043e-11  8.222853295341937e-12  6.503004781730432e-12  5.1299272182068674e-12  4.0389801458096184e-12  3.175372550716267e-12  2.49363548562458e-12  1.9566063078585874e-12  1.5342467297143644e-12  1.2024747539693731e-12  
6.066607696809146e-11  5.492819476832713e-11  4.871896394789352e-11  4.23891789306242e-11  3.624365947297223e-11  3.0513362245383673e-11  2.5346584220424654e-11  2.0815487372242602e-11  1.693153134069123e-11  1.3663726434381145e-11  1.0955509904074945e-11  8.738163392075988e-12  6.940291228630884e-12  5.493794734085385e-12  4.337140160181486e-12  3.4167422782396064e-12  2.6871521905900604e-12  2.1105608460437308e-12  1.6559664464636565e-12  1.2982254397475412e-12  
6.040356422677102e-11  5.4440428687600395e-11  4.823915354011146e-11  4.2052672261669136e-11  3.609926804136711e-11  3.054809183943691e-11  2.5513514873821757e-11  2.1057253624849414e-11  1.7195960464184062e-11  1.3911628929094458e-11  1.1162514834312264e-11  8.892980507587661e-12  7.041421264003685e-12  5.546041085085463e-12  4.348640421186374e-12  3.396778087240753e-12  2.6447241442338294e-12  2.0535893492165384e-12  1.590945697635175e-12  1.2301723519591599e-12  
6.135401973082417e-11  5.5385825483156095e-11  4.9016195091779977e-11  4.2576989374487466e-11  3.635482781837706e-11  3.056698463822041e-11  2.535357348082834e-11  2.0783090137479953e-11  1.6866098079532736e-11  1.3571872539184363e-11  1.0844212180170146e-11  8.61435699751448e-12  6.8103697245078805e-12  5.363225437011891e-12  4.2102629357137975e-12  3.296737485568832e-12  2.576129836326283e-12  2.009718851070925e-12  1.5657754954195825e-12  1.2186112650547042e-12  
6.119008162322087e-11  5.5310152708965463e-11  4.8933540997615046e-11  4.2439116934146954e-11  3.61528261545919e-11  3.031710669353331e-11  2.5082754812215237e-11  2.051807796748208e-11  1.662738719823339e-11  1.3371738960946818e-11  1.0687373509607276e-11  8.499850050676649e-12  6.733659333830217e-12  5.3180139201068895e-12  4.1898086582687736e-12  3.2946888211340657e-12  2.5869688603253684e-12  2.028929723657263e-12  1.589839829257654e-12  1.2449084822590124e-12  
