-0.07409989680907057    0.011929156222937928    0.0    0.0    434023.8990643698
-0.08204151109222767    -0.018557590070396056    0.0    0.0    437405.25697978947
0.007176534325080416    0.001778049078907313    0.0    0.0    607552.4798243671
0.0436288518174133    -0.014705860458147485    0.0    0.0    611617.771779002
0.036471526781432666    -0.041986728370270024    0.0    0.0    89424.6358523597
-0.0021296462797051165    0.013136341485032288    0.0    0.0    88586.99061479828
-0.13275421527747133    0.0005427030101682931    0.0    0.0    781.1853694976799
0.1291567023870106    0.01856172953867414    0.0    0.0    838.3794628059491
0.018630209903358508    0.033579959242645244    0.0    0.0    1858.6640087354922
-0.012856228394905096    0.033287822489964515    0.0    0.0    2094.2066054689185
0.030038378574857527    -0.005990461989197283    0.0    0.0    14199.36130906235
-0.07234712600745191    0.004404778025599541    0.0    0.0    48595.40326143893
0.10836930467690718    -0.017105423657387195    0.0    0.0    434429.5027156432
0.09057742929335877    -0.006091335491649224    0.0    0.0    157623.28096541163
0.17219557209546552    0.0035428979075630735    0.0    0.0    3593.8994723079377
0.008169999714641408    -0.0054107307855624075    0.0    0.0    3502.215162928859
-0.017393328359453144    0.03394189501903283    0.0    0.0    158748.14078243202
0.04450158229007187    0.006272913761841861    0.0    0.0    434197.6644082977
0.03285511986239608    0.01458899298672811    0.0    0.0    3606.6311423320753
-0.08121354737628982    0.00087795921070888    0.0    0.0    607100.0996628903
-0.029125607024986563    0.03867513250926357    0.0    0.0    3439.93480799223
0.06175627456251437    -0.009491979916706196    0.0    0.0    13104.058091492296
-0.021962184650069105    -0.01391553385250191    0.0    0.0    48995.01583514737
-0.03388915749674244    0.006095214892082555    0.0    0.0    24934.82872466913
-0.051818038555547924    -0.0035956215118588914    0.0    0.0    88255.09554721005
0.14433731313352624    0.0005249248850033228    0.0    0.0    273288.33073578123
-0.02598295231756291    -0.0254327977553853    0.0    0.0    608147.731939647
0.08579772886168315    -0.015864935593521517    0.0    0.0    25841.167484750746
0.055770076405978246    0.00023940364327295558    0.0    0.0    273897.79748155014
-0.0013719524543694308    0.028109508670869966    0.0    0.0    7464.768525164073
0.21586556108946298    -0.026945657890050857    0.0    0.0    88861.17116286424
-0.019448023384956967    -0.0015465442896303275    0.0    0.0    6146.601990775134
0.05966220941989915    0.011276543297531656    0.0    0.0    6838.3720697255585
0.06887309389131946    -0.022291422976466177    0.0    0.0    13183.785407516149
-0.014851826212511469    0.014807097265463327    0.0    0.0    6911.199817325297
-0.09755796839561885    -0.012044667680967496    0.0    0.0    13506.918571177743
-0.051072339895784385    -0.00393576909560733    0.0    0.0    26549.719095842036
-0.12720021822472868    -0.009082480782394948    0.0    0.0    26989.12371300345
0.05706176142918299    -0.0018632785848173574    0.0    0.0    49172.12245600499
-0.010783355401947749    0.029881126900609047    0.0    0.0    47692.11243884156
-0.04325611933845728    -0.007808951968822989    0.0    0.0    89658.4367357777
-0.008177813279458861    -0.005101480797921154    0.0    0.0    89033.70644615543
-0.010500279714089407    0.0301630654632608    0.0    0.0    161435.4009341651
-0.06166540808719059    0.010766312816501682    0.0    0.0    160675.18989366098
0.047289707222279834    0.015283605192140283    0.0    0.0    272957.3732026386
-0.08038061125194018    -0.008865220232887333    0.0    0.0    275058.98392256926
0.030207691276907686    0.0014485141852831442    0.0    0.0    435404.9179973634
-0.006167253291151681    0.012081049935111257    0.0    0.0    437997.6035350524
-0.15106150397670595    0.011523218808467803    0.0    0.0    607705.0751777637
-0.14896494120292403    -0.016812468228287258    0.0    0.0    608515.3926245327
0.20442837725663232    -0.03270555501598125    0.0    0.0    601445.9990982285
0.024024037184660767    0.0014156736155658185    0.0    0.0    603808.5957902079
