|                           Parameters |                       0 |                      1 |   2 |                      3 |   4 |                       5 |                       6 |                      7 |                      8 |   9 |                   10 |  11 |                    12 |                    13 |  14 |
|              5sweaQmb.spectral.index |    0.022540579968245947 | -2.194023457611902e-13 | 0.0 |  -0.004289575458837123 | 0.0 |   7.491090228741198e-06 | -1.8681583532461905e-06 |                    0.0 |                    0.0 | 0.0 |                  0.0 | 0.0 |                   0.0 |                   0.0 | 0.0 |
|          5sweaQmb.spectral.amplitude |  -2.194023457611902e-13 | 2.1649670100775037e-23 | 0.0 |   8.65829249214647e-14 | 0.0 |  -6.325060759193972e-17 |  1.2957191136604695e-17 |                    0.0 |                    0.0 | 0.0 |                  0.0 | 0.0 |                   0.0 |                   0.0 | 0.0 |
|          5sweaQmb.spectral.reference |                     0.0 |                    0.0 | 0.0 |                    0.0 | 0.0 |                     0.0 |                     0.0 |                    0.0 |                    0.0 | 0.0 |                  0.0 | 0.0 |                   0.0 |                   0.0 | 0.0 |
|            5sweaQmb.spectral.lambda_ |   -0.004289575458837123 |   8.65829249214647e-14 | 0.0 |    0.00160467562302678 | 0.0 |   -7.54606935208815e-07 |  1.9716889810449097e-07 |                    0.0 |                    0.0 | 0.0 |                  0.0 | 0.0 |                   0.0 |                   0.0 | 0.0 |
|              5sweaQmb.spectral.alpha |                     0.0 |                    0.0 | 0.0 |                    0.0 | 0.0 |                     0.0 |                     0.0 |                    0.0 |                    0.0 | 0.0 |                  0.0 | 0.0 |                   0.0 |                   0.0 | 0.0 |
|               5sweaQmb.spatial.lon_0 |   7.491090228741198e-06 | -6.325060759193972e-17 | 0.0 |  -7.54606935208815e-07 | 0.0 |    5.21579017013376e-06 | -1.3751711843647901e-09 |                    0.0 |                    0.0 | 0.0 |                  0.0 | 0.0 |                   0.0 |                   0.0 | 0.0 |
|               5sweaQmb.spatial.lat_0 | -1.8681583532461905e-06 | 1.2957191136604695e-17 | 0.0 | 1.9716889810449097e-07 | 0.0 | -1.3751711843647901e-09 |   3.907594505875328e-06 |                    0.0 |                    0.0 | 0.0 |                  0.0 | 0.0 |                   0.0 |                   0.0 | 0.0 |
|           NiMfH-JI-bkg.spectral.norm |                     0.0 |                    0.0 | 0.0 |                    0.0 | 0.0 |                     0.0 |                     0.0 | 0.00011536276508522046 |                    0.0 | 0.0 |                  0.0 | 0.0 |                   0.0 |                   0.0 | 0.0 |
|           NiMfH-JI-bkg.spectral.tilt |                     0.0 |                    0.0 | 0.0 |                    0.0 | 0.0 |                     0.0 |                     0.0 |                    0.0 | 0.00013420308102575498 | 0.0 |                  0.0 | 0.0 |                   0.0 |                   0.0 | 0.0 |
|      NiMfH-JI-bkg.spectral.reference |                     0.0 |                    0.0 | 0.0 |                    0.0 | 0.0 |                     0.0 |                     0.0 |                    0.0 |                    0.0 | 0.0 |                  0.0 | 0.0 |                   0.0 |                   0.0 | 0.0 |
|       NiMfH-JI-irf.e_reco_model.bias |                     0.0 |                    0.0 | 0.0 |                    0.0 | 0.0 |                     0.0 |                     0.0 |                    0.0 |                    0.0 | 0.0 | 0.008567856886062339 | 0.0 |                   0.0 |                   0.0 | 0.0 |
| NiMfH-JI-irf.e_reco_model.resolution |                     0.0 |                    0.0 | 0.0 |                    0.0 | 0.0 |                     0.0 |                     0.0 |                    0.0 |                    0.0 | 0.0 |                  0.0 | 0.0 |                   0.0 |                   0.0 | 0.0 |
|           NiMfH-JI-irf.spectral.norm |                     0.0 |                    0.0 | 0.0 |                    0.0 | 0.0 |                     0.0 |                     0.0 |                    0.0 |                    0.0 | 0.0 |                  0.0 | 0.0 |  0.010103902899729246 | 2.028440453342533e-06 | 0.0 |
|           NiMfH-JI-irf.spectral.tilt |                     0.0 |                    0.0 | 0.0 |                    0.0 | 0.0 |                     0.0 |                     0.0 |                    0.0 |                    0.0 | 0.0 |                  0.0 | 0.0 | 2.028440453342533e-06 | 0.0004000004074178451 | 0.0 |
|      NiMfH-JI-irf.spectral.reference |                     0.0 |                    0.0 | 0.0 |                    0.0 | 0.0 |                     0.0 |                     0.0 |                    0.0 |                    0.0 | 0.0 |                  0.0 | 0.0 |                   0.0 |                   0.0 | 0.0 |
