|                            Parameters |                       0 |                      1 |   2 |                       3 |   4 |                       5 |                       6 |                      7 |                      8 |   9 |                     10 |  11 |                     12 |                     13 |  14 |
|                Crablog.spectral.index |   0.0042642410343426565 | -5.701041417207347e-14 | 0.0 |  -0.0009631337030845872 | 0.0 |   1.242924475757956e-06 | -3.3625184401084486e-07 |                    0.0 |                    0.0 | 0.0 |                    0.0 | 0.0 |                    0.0 |                    0.0 | 0.0 |
|            Crablog.spectral.amplitude |  -5.701041417207347e-14 | 1.7528603902873296e-23 | 0.0 |  2.1124596313677755e-14 | 0.0 |   -1.71799993756688e-17 |   4.838523312706294e-18 |                    0.0 |                    0.0 | 0.0 |                    0.0 | 0.0 |                    0.0 |                    0.0 | 0.0 |
|            Crablog.spectral.reference |                     0.0 |                    0.0 | 0.0 |                     0.0 | 0.0 |                     0.0 |                     0.0 |                    0.0 |                    0.0 | 0.0 |                    0.0 | 0.0 |                    0.0 |                    0.0 | 0.0 |
|              Crablog.spectral.lambda_ |  -0.0009631337030845872 | 2.1124596313677755e-14 | 0.0 |  0.00036623129328481436 | 0.0 | -1.6647156588052955e-07 |   4.779810226531818e-08 |                    0.0 |                    0.0 | 0.0 |                    0.0 | 0.0 |                    0.0 |                    0.0 | 0.0 |
|                Crablog.spectral.alpha |                     0.0 |                    0.0 | 0.0 |                     0.0 | 0.0 |                     0.0 |                     0.0 |                    0.0 |                    0.0 | 0.0 |                    0.0 | 0.0 |                    0.0 |                    0.0 | 0.0 |
|                 Crablog.spatial.lon_0 |   1.242924475757956e-06 |  -1.71799993756688e-17 | 0.0 | -1.6647156588052955e-07 | 0.0 |  1.1229712306223398e-06 | -2.5644842511285157e-10 |                    0.0 |                    0.0 | 0.0 |                    0.0 | 0.0 |                    0.0 |                    0.0 | 0.0 |
|                 Crablog.spatial.lat_0 | -3.3625184401084486e-07 |  4.838523312706294e-18 | 0.0 |   4.779810226531818e-08 | 0.0 | -2.5644842511285157e-10 |   8.414621927725795e-07 |                    0.0 |                    0.0 | 0.0 |                    0.0 | 0.0 |                    0.0 |                    0.0 | 0.0 |
|           dataset_N-bkg.spectral.norm |                     0.0 |                    0.0 | 0.0 |                     0.0 | 0.0 |                     0.0 |                     0.0 | 2.4854826955379204e-05 | 2.0248954505457405e-06 | 0.0 |                    0.0 | 0.0 |                    0.0 |                    0.0 | 0.0 |
|           dataset_N-bkg.spectral.tilt |                     0.0 |                    0.0 | 0.0 |                     0.0 | 0.0 |                     0.0 |                     0.0 | 2.0248954505457405e-06 | 2.8914946357007395e-05 | 0.0 |                    0.0 | 0.0 |                    0.0 |                    0.0 | 0.0 |
|      dataset_N-bkg.spectral.reference |                     0.0 |                    0.0 | 0.0 |                     0.0 | 0.0 |                     0.0 |                     0.0 |                    0.0 |                    0.0 | 0.0 |                    0.0 | 0.0 |                    0.0 |                    0.0 | 0.0 |
|       dataset_N-irf.e_reco_model.bias |                     0.0 |                    0.0 | 0.0 |                     0.0 | 0.0 |                     0.0 |                     0.0 |                    0.0 |                    0.0 | 0.0 |  0.0005864952846798076 | 0.0 |  9.602866411568394e-06 | 3.3356789037375385e-09 | 0.0 |
| dataset_N-irf.e_reco_model.resolution |                     0.0 |                    0.0 | 0.0 |                     0.0 | 0.0 |                     0.0 |                     0.0 |                    0.0 |                    0.0 | 0.0 |                    0.0 | 0.0 |                    0.0 |                    0.0 | 0.0 |
|           dataset_N-irf.spectral.norm |                     0.0 |                    0.0 | 0.0 |                     0.0 | 0.0 |                     0.0 |                     0.0 |                    0.0 |                    0.0 | 0.0 |  9.602866411568394e-06 | 0.0 |   0.010675842032030064 | 3.7852764906589426e-06 | 0.0 |
|           dataset_N-irf.spectral.tilt |                     0.0 |                    0.0 | 0.0 |                     0.0 | 0.0 |                     0.0 |                     0.0 |                    0.0 |                    0.0 | 0.0 | 3.3356789037375385e-09 | 0.0 | 3.7852764906589426e-06 | 0.00040000134398234514 | 0.0 |
|      dataset_N-irf.spectral.reference |                     0.0 |                    0.0 | 0.0 |                     0.0 | 0.0 |                     0.0 |                     0.0 |                    0.0 |                    0.0 | 0.0 |                    0.0 | 0.0 |                    0.0 |                    0.0 | 0.0 |
