|                            Parameters |                      0 |                      1 |   2 |                      3 |   4 |                      5 |                      6 |                     7 |                     8 |   9 |                     10 |  11 |                     12 |                     13 |  14 |
|                Crablog.spectral.index |     0.8415829124436316 |  -1.53892380151042e-11 | 0.0 |   -0.28882613273795193 | 0.0 |  3.763121864460327e-05 | -1.173928453963746e-05 |                   0.0 |                   0.0 | 0.0 |                    0.0 | 0.0 |                    0.0 |                    0.0 | 0.0 |
|            Crablog.spectral.amplitude |  -1.53892380151042e-11 |  6.547167547036328e-22 | 0.0 |  8.106076097190357e-12 | 0.0 | -2.760053304377616e-15 |  8.970751461037553e-16 |                   0.0 |                   0.0 | 0.0 |                    0.0 | 0.0 |                    0.0 |                    0.0 | 0.0 |
|            Crablog.spectral.reference |                    0.0 |                    0.0 | 0.0 |                    0.0 | 0.0 |                    0.0 |                    0.0 |                   0.0 |                   0.0 | 0.0 |                    0.0 | 0.0 |                    0.0 |                    0.0 | 0.0 |
|              Crablog.spectral.lambda_ |   -0.28882613273795193 |  8.106076097190357e-12 | 0.0 |    0.14842568628878414 | 0.0 | -2.336794616398285e-06 | 1.9733780033957257e-06 |                   0.0 |                   0.0 | 0.0 |                    0.0 | 0.0 |                    0.0 |                    0.0 | 0.0 |
|                Crablog.spectral.alpha |                    0.0 |                    0.0 | 0.0 |                    0.0 | 0.0 |                    0.0 |                    0.0 |                   0.0 |                   0.0 | 0.0 |                    0.0 | 0.0 |                    0.0 |                    0.0 | 0.0 |
|                 Crablog.spatial.lon_0 |  3.763121864460327e-05 | -2.760053304377616e-15 | 0.0 | -2.336794616398285e-06 | 0.0 |  0.0005212064300499136 | -5.021814373664598e-08 |                   0.0 |                   0.0 | 0.0 |                    0.0 | 0.0 |                    0.0 |                    0.0 | 0.0 |
|                 Crablog.spatial.lat_0 | -1.173928453963746e-05 |  8.970751461037553e-16 | 0.0 | 1.9733780033957257e-06 | 0.0 | -5.021814373664598e-08 |  0.0003907137701157865 |                   0.0 |                   0.0 | 0.0 |                    0.0 | 0.0 |                    0.0 |                    0.0 | 0.0 |
|           dataset_N-bkg.spectral.norm |                    0.0 |                    0.0 | 0.0 |                    0.0 | 0.0 |                    0.0 |                    0.0 |  0.011534632176077385 | 0.0009331943916172852 | 0.0 |                    0.0 | 0.0 |                    0.0 |                    0.0 | 0.0 |
|           dataset_N-bkg.spectral.tilt |                    0.0 |                    0.0 | 0.0 |                    0.0 | 0.0 |                    0.0 |                    0.0 | 0.0009331943916172852 |   0.01341932150604158 | 0.0 |                    0.0 | 0.0 |                    0.0 |                    0.0 | 0.0 |
|      dataset_N-bkg.spectral.reference |                    0.0 |                    0.0 | 0.0 |                    0.0 | 0.0 |                    0.0 |                    0.0 |                   0.0 |                   0.0 | 0.0 |                    0.0 | 0.0 |                    0.0 |                    0.0 | 0.0 |
|       dataset_N-irf.e_reco_model.bias |                    0.0 |                    0.0 | 0.0 |                    0.0 | 0.0 |                    0.0 |                    0.0 |                   0.0 |                   0.0 | 0.0 |   0.010064446684801718 | 0.0 | 3.4235920793010897e-07 |   -8.9931785614968e-12 | 0.0 |
| dataset_N-irf.e_reco_model.resolution |                    0.0 |                    0.0 | 0.0 |                    0.0 | 0.0 |                    0.0 |                    0.0 |                   0.0 |                   0.0 | 0.0 |                    0.0 | 0.0 |                    0.0 |                    0.0 | 0.0 |
|           dataset_N-irf.spectral.norm |                    0.0 |                    0.0 | 0.0 |                    0.0 | 0.0 |                    0.0 |                    0.0 |                   0.0 |                   0.0 | 0.0 | 3.4235920793010897e-07 | 0.0 |   0.010001456462144682 |  4.076720366275193e-09 | 0.0 |
|           dataset_N-irf.spectral.tilt |                    0.0 |                    0.0 | 0.0 |                    0.0 | 0.0 |                    0.0 |                    0.0 |                   0.0 |                   0.0 | 0.0 |   -8.9931785614968e-12 | 0.0 |  4.076720366275193e-09 | 0.00040000000445988636 | 0.0 |
|      dataset_N-irf.spectral.reference |                    0.0 |                    0.0 | 0.0 |                    0.0 | 0.0 |                    0.0 |                    0.0 |                   0.0 |                   0.0 | 0.0 |                    0.0 | 0.0 |                    0.0 |                    0.0 | 0.0 |
