|                            Parameters |                      0 |                      1 |   2 |                       3 |   4 |                       5 |                       6 |                     7 |                     8 |   9 |                     10 |  11 |                    12 |                     13 |  14 |
|                Crablog.spectral.index |    0.41977053036066164 | -7.348533674272496e-12 | 0.0 |     -0.1381504559069813 | 0.0 |  3.1065032979110255e-05 |  -8.666201695997145e-06 |                   0.0 |                   0.0 | 0.0 |                    0.0 | 0.0 |                   0.0 |                    0.0 | 0.0 |
|            Crablog.spectral.amplitude | -7.348533674272496e-12 |  3.142301672155354e-22 | 0.0 |   3.807192012303311e-12 | 0.0 |  -1.383151176921094e-15 |  4.1854943195745467e-16 |                   0.0 |                   0.0 | 0.0 |                    0.0 | 0.0 |                   0.0 |                    0.0 | 0.0 |
|            Crablog.spectral.reference |                    0.0 |                    0.0 | 0.0 |                     0.0 | 0.0 |                     0.0 |                     0.0 |                   0.0 |                   0.0 | 0.0 |                    0.0 | 0.0 |                   0.0 |                    0.0 | 0.0 |
|              Crablog.spectral.lambda_ |    -0.1381504559069813 |  3.807192012303311e-12 | 0.0 |     0.06973570474691171 | 0.0 | -2.6895118825202073e-06 |  1.1706977255807203e-06 |                   0.0 |                   0.0 | 0.0 |                    0.0 | 0.0 |                   0.0 |                    0.0 | 0.0 |
|                Crablog.spectral.alpha |                    0.0 |                    0.0 | 0.0 |                     0.0 | 0.0 |                     0.0 |                     0.0 |                   0.0 |                   0.0 | 0.0 |                    0.0 | 0.0 |                   0.0 |                    0.0 | 0.0 |
|                 Crablog.spatial.lon_0 | 3.1065032979110255e-05 | -1.383151176921094e-15 | 0.0 | -2.6895118825202073e-06 | 0.0 |  0.00024193172537505196 | -2.8826972509537356e-08 |                   0.0 |                   0.0 | 0.0 |                    0.0 | 0.0 |                   0.0 |                    0.0 | 0.0 |
|                 Crablog.spatial.lat_0 | -8.666201695997145e-06 | 4.1854943195745467e-16 | 0.0 |  1.1706977255807203e-06 | 0.0 | -2.8826972509537356e-08 |   0.0001813628254916067 |                   0.0 |                   0.0 | 0.0 |                    0.0 | 0.0 |                   0.0 |                    0.0 | 0.0 |
|           dataset_N-bkg.spectral.norm |                    0.0 |                    0.0 | 0.0 |                     0.0 | 0.0 |                     0.0 |                     0.0 |  0.005354441674525264 | 0.0004372380891844369 | 0.0 |                    0.0 | 0.0 |                   0.0 |                    0.0 | 0.0 |
|           dataset_N-bkg.spectral.tilt |                    0.0 |                    0.0 | 0.0 |                     0.0 | 0.0 |                     0.0 |                     0.0 | 0.0004372380891844369 |  0.006229333543600272 | 0.0 |                    0.0 | 0.0 |                   0.0 |                    0.0 | 0.0 |
|      dataset_N-bkg.spectral.reference |                    0.0 |                    0.0 | 0.0 |                     0.0 | 0.0 |                     0.0 |                     0.0 |                   0.0 |                   0.0 | 0.0 |                    0.0 | 0.0 |                   0.0 |                    0.0 | 0.0 |
|       dataset_N-irf.e_reco_model.bias |                    0.0 |                    0.0 | 0.0 |                     0.0 | 0.0 |                     0.0 |                     0.0 |                   0.0 |                   0.0 | 0.0 |   0.010071966546517255 | 0.0 | 7.175773787420165e-07 | 2.8083038802377173e-11 | 0.0 |
| dataset_N-irf.e_reco_model.resolution |                    0.0 |                    0.0 | 0.0 |                     0.0 | 0.0 |                     0.0 |                     0.0 |                   0.0 |                   0.0 | 0.0 |                    0.0 | 0.0 |                   0.0 |                    0.0 | 0.0 |
|           dataset_N-irf.spectral.norm |                    0.0 |                    0.0 | 0.0 |                     0.0 | 0.0 |                     0.0 |                     0.0 |                   0.0 |                   0.0 | 0.0 |  7.175773787420165e-07 | 0.0 |  0.010003232815203307 |   7.92932455817781e-09 | 0.0 |
|           dataset_N-irf.spectral.tilt |                    0.0 |                    0.0 | 0.0 |                     0.0 | 0.0 |                     0.0 |                     0.0 |                   0.0 |                   0.0 | 0.0 | 2.8083038802377173e-11 | 0.0 |  7.92932455817781e-09 | 0.00039999999818973904 | 0.0 |
|      dataset_N-irf.spectral.reference |                    0.0 |                    0.0 | 0.0 |                     0.0 | 0.0 |                     0.0 |                     0.0 |                   0.0 |                   0.0 | 0.0 |                    0.0 | 0.0 |                   0.0 |                    0.0 | 0.0 |
