|                            Parameters |                     0 |                      1 |   2 |                       3 |   4 |                       5 |                       6 |                      7 |                      8 |   9 |                     10 |  11 |                     12 |                    13 |  14 |
|                Crablog.spectral.index |    0.2257519899932256 |  -3.71605502397612e-12 | 0.0 |    -0.06978509441660789 | 0.0 |   2.552547213625492e-05 |   -8.03902015964215e-06 |                    0.0 |                    0.0 | 0.0 |                    0.0 | 0.0 |                    0.0 |                   0.0 | 0.0 |
|            Crablog.spectral.amplitude | -3.71605502397612e-12 | 1.5850324136989393e-22 | 0.0 |  1.8507542731705196e-12 | 0.0 |  -7.082257359384752e-16 |  2.3137451713599954e-16 |                    0.0 |                    0.0 | 0.0 |                    0.0 | 0.0 |                    0.0 |                   0.0 | 0.0 |
|            Crablog.spectral.reference |                   0.0 |                    0.0 | 0.0 |                     0.0 | 0.0 |                     0.0 |                     0.0 |                    0.0 |                    0.0 | 0.0 |                    0.0 | 0.0 |                    0.0 |                   0.0 | 0.0 |
|              Crablog.spectral.lambda_ |  -0.06978509441660789 | 1.8507542731705196e-12 | 0.0 |     0.03386398056806658 | 0.0 | -2.6325322460875536e-06 |  1.1284462324800363e-06 |                    0.0 |                    0.0 | 0.0 |                    0.0 | 0.0 |                    0.0 |                   0.0 | 0.0 |
|                Crablog.spectral.alpha |                   0.0 |                    0.0 | 0.0 |                     0.0 | 0.0 |                     0.0 |                     0.0 |                    0.0 |                    0.0 | 0.0 |                    0.0 | 0.0 |                    0.0 |                   0.0 | 0.0 |
|                 Crablog.spatial.lon_0 | 2.552547213625492e-05 | -7.082257359384752e-16 | 0.0 | -2.6325322460875536e-06 | 0.0 |  0.00011230450716183639 | -1.3703485152502662e-08 |                    0.0 |                    0.0 | 0.0 |                    0.0 | 0.0 |                    0.0 |                   0.0 | 0.0 |
|                 Crablog.spatial.lat_0 | -8.03902015964215e-06 | 2.3137451713599954e-16 | 0.0 |  1.1284462324800363e-06 | 0.0 | -1.3703485152502662e-08 |   8.418422328303863e-05 |                    0.0 |                    0.0 | 0.0 |                    0.0 | 0.0 |                    0.0 |                   0.0 | 0.0 |
|           dataset_N-bkg.spectral.norm |                   0.0 |                    0.0 | 0.0 |                     0.0 | 0.0 |                     0.0 |                     0.0 |  0.0024851077796583356 | 0.00020135053428862394 | 0.0 |                    0.0 | 0.0 |                    0.0 |                   0.0 | 0.0 |
|           dataset_N-bkg.spectral.tilt |                   0.0 |                    0.0 | 0.0 |                     0.0 | 0.0 |                     0.0 |                     0.0 | 0.00020135053428862394 |   0.002891131978632329 | 0.0 |                    0.0 | 0.0 |                    0.0 |                   0.0 | 0.0 |
|      dataset_N-bkg.spectral.reference |                   0.0 |                    0.0 | 0.0 |                     0.0 | 0.0 |                     0.0 |                     0.0 |                    0.0 |                    0.0 | 0.0 |                    0.0 | 0.0 |                    0.0 |                   0.0 | 0.0 |
|       dataset_N-irf.e_reco_model.bias |                   0.0 |                    0.0 | 0.0 |                     0.0 | 0.0 |                     0.0 |                     0.0 |                    0.0 |                    0.0 | 0.0 |   0.009651688409674702 | 0.0 | 1.5530386371745916e-06 | 8.951106020352651e-11 | 0.0 |
| dataset_N-irf.e_reco_model.resolution |                   0.0 |                    0.0 | 0.0 |                     0.0 | 0.0 |                     0.0 |                     0.0 |                    0.0 |                    0.0 | 0.0 |                    0.0 | 0.0 |                    0.0 |                   0.0 | 0.0 |
|           dataset_N-irf.spectral.norm |                   0.0 |                    0.0 | 0.0 |                     0.0 | 0.0 |                     0.0 |                     0.0 |                    0.0 |                    0.0 | 0.0 | 1.5530386371745916e-06 | 0.0 |   0.010006944449074925 | 4.361081235029953e-08 | 0.0 |
|           dataset_N-irf.spectral.tilt |                   0.0 |                    0.0 | 0.0 |                     0.0 | 0.0 |                     0.0 |                     0.0 |                    0.0 |                    0.0 | 0.0 |  8.951106020352651e-11 | 0.0 |  4.361081235029953e-08 | 0.0003999999958807662 | 0.0 |
|      dataset_N-irf.spectral.reference |                   0.0 |                    0.0 | 0.0 |                     0.0 | 0.0 |                     0.0 |                     0.0 |                    0.0 |                    0.0 | 0.0 |                    0.0 | 0.0 |                    0.0 |                   0.0 | 0.0 |
