|                            Parameters |                       0 |                       1 |   2 |                      3 |   4 |                       5 |                       6 |                     7 |                      8 |   9 |                     10 |  11 |                     12 |                     13 |  14 |
|                Crablog.spectral.index |  0.00030218440569660315 | -6.1960435984440615e-15 | 0.0 |  -8.72133184603663e-05 | 0.0 |  5.6876247358576246e-08 | -1.7812151497334078e-08 |                   0.0 |                    0.0 | 0.0 |                    0.0 | 0.0 |                    0.0 |                    0.0 | 0.0 |
|            Crablog.spectral.amplitude | -6.1960435984440615e-15 |  2.1154001684525155e-23 | 0.0 | 2.5634252115122168e-15 | 0.0 | -1.5894998659621542e-18 |   5.119221738727446e-19 |                   0.0 |                    0.0 | 0.0 |                    0.0 | 0.0 |                    0.0 |                    0.0 | 0.0 |
|            Crablog.spectral.reference |                     0.0 |                     0.0 | 0.0 |                    0.0 | 0.0 |                     0.0 |                     0.0 |                   0.0 |                    0.0 | 0.0 |                    0.0 | 0.0 |                    0.0 |                    0.0 | 0.0 |
|              Crablog.spectral.lambda_ |   -8.72133184603663e-05 |  2.5634252115122168e-15 | 0.0 | 3.7450216663501216e-05 | 0.0 |  -9.877425990248603e-09 |  3.3752237432621546e-09 |                   0.0 |                    0.0 | 0.0 |                    0.0 | 0.0 |                    0.0 |                    0.0 | 0.0 |
|                Crablog.spectral.alpha |                     0.0 |                     0.0 | 0.0 |                    0.0 | 0.0 |                     0.0 |                     0.0 |                   0.0 |                    0.0 | 0.0 |                    0.0 | 0.0 |                    0.0 |                    0.0 | 0.0 |
|                 Crablog.spatial.lon_0 |  5.6876247358576246e-08 | -1.5894998659621542e-18 | 0.0 | -9.877425990248603e-09 | 0.0 |  1.1227764190526661e-07 | -1.8049592908521856e-11 |                   0.0 |                    0.0 | 0.0 |                    0.0 | 0.0 |                    0.0 |                    0.0 | 0.0 |
|                 Crablog.spatial.lat_0 | -1.7812151497334078e-08 |   5.119221738727446e-19 | 0.0 | 3.3752237432621546e-09 | 0.0 | -1.8049592908521856e-11 |   8.415551347095659e-08 |                   0.0 |                    0.0 | 0.0 |                    0.0 | 0.0 |                    0.0 |                    0.0 | 0.0 |
|           dataset_N-bkg.spectral.norm |                     0.0 |                     0.0 | 0.0 |                    0.0 | 0.0 |                     0.0 |                     0.0 | 2.485529303878829e-06 |  2.033450817121784e-07 | 0.0 |                    0.0 | 0.0 |                    0.0 |                    0.0 | 0.0 |
|           dataset_N-bkg.spectral.tilt |                     0.0 |                     0.0 | 0.0 |                    0.0 | 0.0 |                     0.0 |                     0.0 | 2.033450817121784e-07 | 2.8916247134871563e-06 | 0.0 |                    0.0 | 0.0 |                    0.0 |                    0.0 | 0.0 |
|      dataset_N-bkg.spectral.reference |                     0.0 |                     0.0 | 0.0 |                    0.0 | 0.0 |                     0.0 |                     0.0 |                   0.0 |                    0.0 | 0.0 |                    0.0 | 0.0 |                    0.0 |                    0.0 | 0.0 |
|       dataset_N-irf.e_reco_model.bias |                     0.0 |                     0.0 | 0.0 |                    0.0 | 0.0 |                     0.0 |                     0.0 |                   0.0 |                    0.0 | 0.0 |  3.717829825119214e-05 | 0.0 | 5.0231477339354425e-06 |   7.10238445570352e-09 | 0.0 |
| dataset_N-irf.e_reco_model.resolution |                     0.0 |                     0.0 | 0.0 |                    0.0 | 0.0 |                     0.0 |                     0.0 |                   0.0 |                    0.0 | 0.0 |                    0.0 | 0.0 |                    0.0 |                    0.0 | 0.0 |
|           dataset_N-irf.spectral.norm |                     0.0 |                     0.0 | 0.0 |                    0.0 | 0.0 |                     0.0 |                     0.0 |                   0.0 |                    0.0 | 0.0 | 5.0231477339354425e-06 | 0.0 |   0.014094388135047155 | 1.9518113712798114e-05 | 0.0 |
|           dataset_N-irf.spectral.tilt |                     0.0 |                     0.0 | 0.0 |                    0.0 | 0.0 |                     0.0 |                     0.0 |                   0.0 |                    0.0 | 0.0 |   7.10238445570352e-09 | 0.0 | 1.9518113712798114e-05 | 0.00040002704378095766 | 0.0 |
|      dataset_N-irf.spectral.reference |                     0.0 |                     0.0 | 0.0 |                    0.0 | 0.0 |                     0.0 |                     0.0 |                   0.0 |                    0.0 | 0.0 |                    0.0 | 0.0 |                    0.0 |                    0.0 | 0.0 |
