|                            Parameters |                       0 |                       1 |   2 |                      3 |   4 |                       5 |                       6 |                    7 |                    8 |   9 |                     10 |  11 |                     12 |                     13 |  14 |
|                Crablog.spectral.index |       0.820169488743955 | -1.5855253914485672e-11 | 0.0 |   -0.29607570504383257 | 0.0 |  1.7460417789055344e-05 | -4.5969250732032606e-06 |                  0.0 |                  0.0 | 0.0 |                    0.0 | 0.0 |                    0.0 |                    0.0 | 0.0 |
|            Crablog.spectral.amplitude | -1.5855253914485672e-11 |   6.721543981545523e-22 | 0.0 |  8.404164636541773e-12 | 0.0 | -2.7062524195187918e-15 |   8.671181233853682e-16 |                  0.0 |                  0.0 | 0.0 |                    0.0 | 0.0 |                    0.0 |                    0.0 | 0.0 |
|            Crablog.spectral.reference |                     0.0 |                     0.0 | 0.0 |                    0.0 | 0.0 |                     0.0 |                     0.0 |                  0.0 |                  0.0 | 0.0 |                    0.0 | 0.0 |                    0.0 |                    0.0 | 0.0 |
|              Crablog.spectral.lambda_ |    -0.29607570504383257 |   8.404164636541773e-12 | 0.0 |    0.15348700197424545 | 0.0 |  -6.817568866222479e-07 |   1.164342095914305e-06 |                  0.0 |                  0.0 | 0.0 |                    0.0 | 0.0 |                    0.0 |                    0.0 | 0.0 |
|                Crablog.spectral.alpha |                     0.0 |                     0.0 | 0.0 |                    0.0 | 0.0 |                     0.0 |                     0.0 |                  0.0 |                  0.0 | 0.0 |                    0.0 | 0.0 |                    0.0 |                    0.0 | 0.0 |
|                 Crablog.spatial.lon_0 |  1.7460417789055344e-05 | -2.7062524195187918e-15 | 0.0 | -6.817568866222479e-07 | 0.0 |   0.0005212073439911972 |   -5.81948167448192e-08 |                  0.0 |                  0.0 | 0.0 |                    0.0 | 0.0 |                    0.0 |                    0.0 | 0.0 |
|                 Crablog.spatial.lat_0 | -4.5969250732032606e-06 |   8.671181233853682e-16 | 0.0 |  1.164342095914305e-06 | 0.0 |   -5.81948167448192e-08 |   0.0003907325960374075 |                  0.0 |                  0.0 | 0.0 |                    0.0 | 0.0 |                    0.0 |                    0.0 | 0.0 |
|           dataset_N-bkg.spectral.norm |                     0.0 |                     0.0 | 0.0 |                    0.0 | 0.0 |                     0.0 |                     0.0 | 0.011535938952376467 | 0.000943367432218735 | 0.0 |                    0.0 | 0.0 |                    0.0 |                    0.0 | 0.0 |
|           dataset_N-bkg.spectral.tilt |                     0.0 |                     0.0 | 0.0 |                    0.0 | 0.0 |                     0.0 |                     0.0 | 0.000943367432218735 | 0.013420911259889534 | 0.0 |                    0.0 | 0.0 |                    0.0 |                    0.0 | 0.0 |
|      dataset_N-bkg.spectral.reference |                     0.0 |                     0.0 | 0.0 |                    0.0 | 0.0 |                     0.0 |                     0.0 |                  0.0 |                  0.0 | 0.0 |                    0.0 | 0.0 |                    0.0 |                    0.0 | 0.0 |
|       dataset_N-irf.e_reco_model.bias |                     0.0 |                     0.0 | 0.0 |                    0.0 | 0.0 |                     0.0 |                     0.0 |                  0.0 |                  0.0 | 0.0 |   0.009999999998485632 | 0.0 | -4.545840765450034e-13 |  9.339156749281232e-14 | 0.0 |
| dataset_N-irf.e_reco_model.resolution |                     0.0 |                     0.0 | 0.0 |                    0.0 | 0.0 |                     0.0 |                     0.0 |                  0.0 |                  0.0 | 0.0 |                    0.0 | 0.0 |                    0.0 |                    0.0 | 0.0 |
|           dataset_N-irf.spectral.norm |                     0.0 |                     0.0 | 0.0 |                    0.0 | 0.0 |                     0.0 |                     0.0 |                  0.0 |                  0.0 | 0.0 | -4.545840765450034e-13 | 0.0 |   0.010001447769363368 | 2.4971146281111848e-09 | 0.0 |
|           dataset_N-irf.spectral.tilt |                     0.0 |                     0.0 | 0.0 |                    0.0 | 0.0 |                     0.0 |                     0.0 |                  0.0 |                  0.0 | 0.0 |  9.339156749281232e-14 | 0.0 | 2.4971146281111848e-09 |  0.0004000000005808368 | 0.0 |
|      dataset_N-irf.spectral.reference |                     0.0 |                     0.0 | 0.0 |                    0.0 | 0.0 |                     0.0 |                     0.0 |                  0.0 |                  0.0 | 0.0 |                    0.0 | 0.0 |                    0.0 |                    0.0 | 0.0 |
