|                            Parameters |                       0 |                       1 |   2 |                       3 |   4 |                       5 |                       6 |                      7 |                      8 |   9 |                    10 |  11 |                     12 |                     13 |  14 |
|                Crablog.spectral.index |  0.00032027621220131943 | -6.5055788518306784e-15 | 0.0 |  -9.055727976298712e-05 | 0.0 |    6.46811510019013e-08 | -2.0250242918415845e-08 |                    0.0 |                    0.0 | 0.0 |                   0.0 | 0.0 |                    0.0 |                    0.0 | 0.0 |
|            Crablog.spectral.amplitude | -6.5055788518306784e-15 |   2.120096433556059e-23 | 0.0 |   2.622454454016521e-15 | 0.0 | -1.7208439267607297e-18 |   5.508223874973924e-19 |                    0.0 |                    0.0 | 0.0 |                   0.0 | 0.0 |                    0.0 |                    0.0 | 0.0 |
|            Crablog.spectral.reference |                     0.0 |                     0.0 | 0.0 |                     0.0 | 0.0 |                     0.0 |                     0.0 |                    0.0 |                    0.0 | 0.0 |                   0.0 | 0.0 |                    0.0 |                    0.0 | 0.0 |
|              Crablog.spectral.lambda_ |  -9.055727976298712e-05 |   2.622454454016521e-15 | 0.0 |   3.807041637024847e-05 | 0.0 | -1.1314994176683559e-08 |   3.825258447896529e-09 |                    0.0 |                    0.0 | 0.0 |                   0.0 | 0.0 |                    0.0 |                    0.0 | 0.0 |
|                Crablog.spectral.alpha |                     0.0 |                     0.0 | 0.0 |                     0.0 | 0.0 |                     0.0 |                     0.0 |                    0.0 |                    0.0 | 0.0 |                   0.0 | 0.0 |                    0.0 |                    0.0 | 0.0 |
|                 Crablog.spatial.lon_0 |    6.46811510019013e-08 | -1.7208439267607297e-18 | 0.0 | -1.1314994176683559e-08 | 0.0 |  1.1227074281660235e-07 |  -1.930375842340962e-11 |                    0.0 |                    0.0 | 0.0 |                   0.0 | 0.0 |                    0.0 |                    0.0 | 0.0 |
|                 Crablog.spatial.lat_0 | -2.0250242918415845e-08 |   5.508223874973924e-19 | 0.0 |   3.825258447896529e-09 | 0.0 |  -1.930375842340962e-11 |   8.414868664315452e-08 |                    0.0 |                    0.0 | 0.0 |                   0.0 | 0.0 |                    0.0 |                    0.0 | 0.0 |
|           dataset_N-bkg.spectral.norm |                     0.0 |                     0.0 | 0.0 |                     0.0 | 0.0 |                     0.0 |                     0.0 |  2.485545416130645e-06 | 2.0335662508658525e-07 | 0.0 |                   0.0 | 0.0 |                    0.0 |                    0.0 | 0.0 |
|           dataset_N-bkg.spectral.tilt |                     0.0 |                     0.0 | 0.0 |                     0.0 | 0.0 |                     0.0 |                     0.0 | 2.0335662508658525e-07 |  2.891631709948029e-06 | 0.0 |                   0.0 | 0.0 |                    0.0 |                    0.0 | 0.0 |
|      dataset_N-bkg.spectral.reference |                     0.0 |                     0.0 | 0.0 |                     0.0 | 0.0 |                     0.0 |                     0.0 |                    0.0 |                    0.0 | 0.0 |                   0.0 | 0.0 |                    0.0 |                    0.0 | 0.0 |
|       dataset_N-irf.e_reco_model.bias |                     0.0 |                     0.0 | 0.0 |                     0.0 | 0.0 |                     0.0 |                     0.0 |                    0.0 |                    0.0 | 0.0 | 3.673507629206715e-05 | 0.0 |  5.373279576099271e-06 |  6.218693183544379e-09 | 0.0 |
| dataset_N-irf.e_reco_model.resolution |                     0.0 |                     0.0 | 0.0 |                     0.0 | 0.0 |                     0.0 |                     0.0 |                    0.0 |                    0.0 | 0.0 |                   0.0 | 0.0 |                    0.0 |                    0.0 | 0.0 |
|           dataset_N-irf.spectral.norm |                     0.0 |                     0.0 | 0.0 |                     0.0 | 0.0 |                     0.0 |                     0.0 |                    0.0 |                    0.0 | 0.0 | 5.373279576099271e-06 | 0.0 |   0.014122908803399288 | 1.5515874801390198e-05 | 0.0 |
|           dataset_N-irf.spectral.tilt |                     0.0 |                     0.0 | 0.0 |                     0.0 | 0.0 |                     0.0 |                     0.0 |                    0.0 |                    0.0 | 0.0 | 6.218693183544379e-09 | 0.0 | 1.5515874801390198e-05 | 0.00040001704743228755 | 0.0 |
|      dataset_N-irf.spectral.reference |                     0.0 |                     0.0 | 0.0 |                     0.0 | 0.0 |                     0.0 |                     0.0 |                    0.0 |                    0.0 | 0.0 |                   0.0 | 0.0 |                    0.0 |                    0.0 | 0.0 |
