|                      Parameters |                      0 |                      1 |   2 |   3 |   4 |                      5 |   6 |   7 |                      8 |                      9 |  10 |
|           Source.spectral.index |  0.0038296643029520684 |  4.335763246949691e-15 | 0.0 | 0.0 | 0.0 | -4.982442587556296e-06 | 0.0 | 0.0 |                    0.0 |                    0.0 | 0.0 |
|       Source.spectral.amplitude |  4.335763246949691e-15 | 1.0063924634784448e-26 | 0.0 | 0.0 | 0.0 |  6.526476614682214e-17 | 0.0 | 0.0 |                    0.0 |                    0.0 | 0.0 |
|       Source.spectral.reference |                    0.0 |                    0.0 | 0.0 | 0.0 | 0.0 |                    0.0 | 0.0 | 0.0 |                    0.0 |                    0.0 | 0.0 |
|            Source.spatial.lon_0 |                    0.0 |                    0.0 | 0.0 | 0.0 | 0.0 |                    0.0 | 0.0 | 0.0 |                    0.0 |                    0.0 | 0.0 |
|            Source.spatial.lat_0 |                    0.0 |                    0.0 | 0.0 | 0.0 | 0.0 |                    0.0 | 0.0 | 0.0 |                    0.0 |                    0.0 | 0.0 |
|            Source.spatial.sigma | -4.982442587556296e-06 |  6.526476614682214e-17 | 0.0 | 0.0 | 0.0 | 0.00014137973905146785 | 0.0 | 0.0 |                    0.0 |                    0.0 | 0.0 |
|                Source.spatial.e |                    0.0 |                    0.0 | 0.0 | 0.0 | 0.0 |                    0.0 | 0.0 | 0.0 |                    0.0 |                    0.0 | 0.0 |
|              Source.spatial.phi |                    0.0 |                    0.0 | 0.0 | 0.0 | 0.0 |                    0.0 | 0.0 | 0.0 |                    0.0 |                    0.0 | 0.0 |
|      D2Vo4mrn-bkg.spectral.norm |                    0.0 |                    0.0 | 0.0 | 0.0 | 0.0 |                    0.0 | 0.0 | 0.0 |  4.267796705570243e-06 | 2.3751425414477856e-06 | 0.0 |
|      D2Vo4mrn-bkg.spectral.tilt |                    0.0 |                    0.0 | 0.0 | 0.0 | 0.0 |                    0.0 | 0.0 | 0.0 | 2.3751425414477856e-06 |  3.846598106616912e-06 | 0.0 |
| D2Vo4mrn-bkg.spectral.reference |                    0.0 |                    0.0 | 0.0 | 0.0 | 0.0 |                    0.0 | 0.0 | 0.0 |                    0.0 |                    0.0 | 0.0 |
