|                            Parameters |                      0 |                       1 |   2 |                       3 |   4 |                       5 |                      6 |   7 |   8 |                      9 |                     10 |  11 |                     12 |                     13 |  14 |
|                Crablog.spectral.index |   0.008020401958476954 |   -6.10115857840544e-14 | 0.0 |   -0.002625587496023974 | 0.0 |  1.0159790922069717e-06 |  3.730184979105608e-07 | 0.0 | 0.0 |                    0.0 |                    0.0 | 0.0 |                    0.0 |                    0.0 | 0.0 |
|            Crablog.spectral.amplitude |  -6.10115857840544e-14 |   3.442727459018784e-23 | 0.0 |   7.314269079437426e-14 | 0.0 | -1.2188719915133063e-17 | 1.0498055382227838e-17 | 0.0 | 0.0 |                    0.0 |                    0.0 | 0.0 |                    0.0 |                    0.0 | 0.0 |
|            Crablog.spectral.reference |                    0.0 |                     0.0 | 0.0 |                     0.0 | 0.0 |                     0.0 |                    0.0 | 0.0 | 0.0 |                    0.0 |                    0.0 | 0.0 |                    0.0 |                    0.0 | 0.0 |
|              Crablog.spectral.lambda_ |  -0.002625587496023974 |   7.314269079437426e-14 | 0.0 |   0.0013270041237606195 | 0.0 | -2.9413207606720504e-07 |  -8.36981570328787e-08 | 0.0 | 0.0 |                    0.0 |                    0.0 | 0.0 |                    0.0 |                    0.0 | 0.0 |
|                Crablog.spectral.alpha |                    0.0 |                     0.0 | 0.0 |                     0.0 | 0.0 |                     0.0 |                    0.0 | 0.0 | 0.0 |                    0.0 |                    0.0 | 0.0 |                    0.0 |                    0.0 | 0.0 |
|                 Crablog.spatial.lon_0 | 1.0159790922069717e-06 | -1.2188719915133063e-17 | 0.0 | -2.9413207606720504e-07 | 0.0 |   5.223969904194348e-06 | 5.9108810831647853e-08 | 0.0 | 0.0 |                    0.0 |                    0.0 | 0.0 |                    0.0 |                    0.0 | 0.0 |
|                 Crablog.spatial.lat_0 |  3.730184979105608e-07 |  1.0498055382227838e-17 | 0.0 |   -8.36981570328787e-08 | 0.0 |  5.9108810831647853e-08 | 3.7435315405013595e-06 | 0.0 | 0.0 |                    0.0 |                    0.0 | 0.0 |                    0.0 |                    0.0 | 0.0 |
|       dataset_N-irf.e_reco_model.bias |                    0.0 |                     0.0 | 0.0 |                     0.0 | 0.0 |                     0.0 |                    0.0 | 0.0 | 0.0 |                    0.0 |                    0.0 | 0.0 |                    0.0 |                    0.0 | 0.0 |
| dataset_N-irf.e_reco_model.resolution |                    0.0 |                     0.0 | 0.0 |                     0.0 | 0.0 |                     0.0 |                    0.0 | 0.0 | 0.0 |                    0.0 |                    0.0 | 0.0 |                    0.0 |                    0.0 | 0.0 |
|           dataset_N-irf.spectral.norm |                    0.0 |                     0.0 | 0.0 |                     0.0 | 0.0 |                     0.0 |                    0.0 | 0.0 | 0.0 |   0.010126368115478967 | 1.2662305339088376e-05 | 0.0 |                    0.0 |                    0.0 | 0.0 |
|           dataset_N-irf.spectral.tilt |                    0.0 |                     0.0 | 0.0 |                     0.0 | 0.0 |                     0.0 |                    0.0 | 0.0 | 0.0 | 1.2662305339088376e-05 | 0.00041820859251399527 | 0.0 |                    0.0 |                    0.0 | 0.0 |
|      dataset_N-irf.spectral.reference |                    0.0 |                     0.0 | 0.0 |                     0.0 | 0.0 |                     0.0 |                    0.0 | 0.0 | 0.0 |                    0.0 |                    0.0 | 0.0 |                    0.0 |                    0.0 | 0.0 |
|           dataset_N-bkg.spectral.norm |                    0.0 |                     0.0 | 0.0 |                     0.0 | 0.0 |                     0.0 |                    0.0 | 0.0 | 0.0 |                    0.0 |                    0.0 | 0.0 | 0.00011366279759901855 | 1.1309624670392945e-05 | 0.0 |
|           dataset_N-bkg.spectral.tilt |                    0.0 |                     0.0 | 0.0 |                     0.0 | 0.0 |                     0.0 |                    0.0 | 0.0 | 0.0 |                    0.0 |                    0.0 | 0.0 | 1.1309624670392945e-05 | 0.00013338392057614208 | 0.0 |
|      dataset_N-bkg.spectral.reference |                    0.0 |                     0.0 | 0.0 |                     0.0 | 0.0 |                     0.0 |                    0.0 | 0.0 | 0.0 |                    0.0 |                    0.0 | 0.0 |                    0.0 |                    0.0 | 0.0 |
