8.588446827450587e-09  4.346310033573911e-09  2.197535988681012e-09  1.1097628430476077e-09  5.595378267125007e-10  2.8151532654633354e-10  1.41233879781806e-10  7.058750638244823e-11  3.510098364579105e-11  1.733725416889784e-11  8.486596817717079e-12  4.104646137096548e-12  1.953748954904955e-12  9.10321919164414e-13  4.122529494962525e-13  1.797436647809424e-13  7.450207675051552e-14  2.8865493489545045e-14  1.0221434355371278e-14  3.2102117723624844e-15  8.591408377466483e-16  1.8574926014089228e-16  3.021448001198664e-17  3.3628976400475648e-18  2.256637660978755e-19  
1.033463992424738e-08  5.157470379342649e-09  2.571060774215126e-09  1.279872767079793e-09  6.359060323251344e-10  3.151479765882688e-10  1.5565502156908222e-10  7.653278509220426e-11  3.740352696604331e-11  1.8133625508565166e-11  8.697587441163121e-12  4.112458431830594e-12  1.9077486096452776e-12  8.627701045213751e-13  3.771719410025877e-13  1.575946087274113e-13  6.199403380125718e-14  2.2502404200952866e-14  7.337171863501255e-15  2.073547685724122e-15  4.84248665198552e-16  8.769321979883052e-17  1.1312720621732248e-17  9.284211324510974e-19  4.1685841359748365e-20  
9.809058466848989e-09  4.9117673082593346e-09  2.4567676656905207e-09  1.2270005469645139e-09  6.115957480506247e-10  3.040437215760114e-10  1.5061789756431958e-10  7.42635056434848e-11  3.63874559838335e-11  1.7680611010514633e-11  8.495741094088577e-12  4.022063492050215e-12  1.8667531763025903e-12  8.438080961836066e-13  3.682053267903504e-13  1.532920691081654e-13  5.994088054922658e-14  2.1558564877513556e-14  6.935867821785691e-15  1.923172788445994e-15  4.3735997908760256e-16  7.635683116057696e-17  9.370281824806903e-18  7.186042983616098e-19  2.9441850236997586e-20  
4.444402535693045e-09  2.386554180344179e-09  1.2796840453461439e-09  6.84855301166418e-10  3.655786939547781e-10  1.944810874692123e-10  1.0298947594169135e-10  5.420839953619484e-11  2.8302024937203916e-11  1.4617418692200995e-11  7.441479995642534e-12  3.716156920571114e-12  1.808792121565279e-12  8.508004129221328e-13  3.823459492170455e-13  1.616843275064296e-13  6.304508383388981e-14  2.2062618891901486e-14  6.683707609020456e-15  1.6704703159762436e-15  3.2304197478611206e-16  4.4373466836608425e-17  3.862650695864884e-18  1.8300957389760648e-19  3.8528392599571515e-21  
6.345764031981236e-09  3.227997753935726e-09  1.6405486480955402e-09  8.327609931954939e-10  4.220384629516426e-10  2.1342768578253758e-10  1.0762307297236861e-10  5.406310703908918e-11  2.7019933463807744e-11  1.3412735115337984e-11  6.59806005048806e-12  3.2067780148503903e-12  1.5336473242299117e-12  7.178814795077492e-13  3.2654203975139323e-13  1.4296681825078163e-13  5.948507502997053e-14  2.3124841355645497e-14  8.211224820723337e-15  2.5838916664550373e-15  6.92118344808033e-16  1.49552219167325e-16  2.426590003133532e-17  2.687187268436614e-18  1.787992003245219e-19  
8.007129557141633e-09  4.109127835093743e-09  2.10617922826997e-09  1.0777997219498768e-09  5.5035565784273e-10  2.8021978534728523e-10  1.4213048710147514e-10  7.172207235871379e-11  3.594629874920477e-11  1.7852648630354616e-11  8.759511686461559e-12  4.228903986742643e-12  1.99803005950611e-12  9.172255263783529e-13  4.0521090631086065e-13  1.7008166093969156e-13  6.667937108521953e-14  2.3866942392887963e-14  7.566406746145939e-15  2.0402786259157562e-15  4.433553122395886e-16  7.224596150407295e-17  8.02017820178142e-18  5.336643002705691e-19  1.794439114528036e-20  
1.1696542343742634e-08  5.846670534851422e-09  2.9198014515010688e-09  1.4563174089968897e-09  7.251636455816131e-10  3.6029000865686827e-10  1.784773802801789e-10  8.806437625799733e-11  4.322468570817893e-11  2.1067628988750472e-11  1.0172676211312764e-11  4.851041686041554e-12  2.2751362289831168e-12  1.0436188913281908e-12  4.647550812882703e-13  1.9896080486883837e-13  8.08082890096905e-14  3.059614151220451e-14  1.0549571847555345e-14  3.2107409046915755e-15  8.273739274510811e-16  1.7077317957078143e-16  2.6218895148734213e-17  2.7128187966762265e-18  1.6583537720441766e-19  
6.510237434272667e-09  3.2217999677403844e-09  1.5928973114854464e-09  7.865509444083328e-10  3.877326075421735e-10  1.9070387249406961e-10  9.351518496881778e-11  4.567358507885178e-11  2.2188512741451953e-11  1.0702806712196131e-11  5.1137770197114845e-12  2.4125960013582788e-12  1.1191578214981382e-12  5.075925472503534e-13  2.2340532934752837e-13  9.446593333330751e-14  3.786676198553275e-14  1.4135302338356955e-14  4.798419255395793e-15  1.4350875495824741e-15  3.6249142927629983e-16  7.309519182038256e-17  1.0915000796398162e-17  1.0919247753965055e-18  6.402863764826349e-20  
7.677897623114852e-09  4.038454385645251e-09  2.1201174922128836e-09  1.1101978041783536e-09  5.793862367048457e-10  3.010039594339885e-10  1.5543810917540765e-10  7.962522233193408e-11  4.035403477274797e-11  2.0161055441598906e-11  9.882308060520689e-12  4.722374080237104e-12  2.1814041768153435e-12  9.631060951657159e-13  4.0033609142243104e-13  1.5355145243581193e-13  5.2907182981733435e-14  1.580066222531672e-14  3.899636984987358e-15  7.463487612807278e-16  1.0176466459988167e-16  8.82824884526439e-18  4.190620668145969e-19  8.901595214342622e-21  6.471017702437638e-23  
1.3926915587735895e-08  7.0680366856774795e-09  3.5826471258837947e-09  1.8129716895055613e-09  9.154196008073914e-10  4.608633164825488e-10  2.3111111478993644e-10  1.1529174552362606e-10  5.711454961896493e-11  2.8032141414255137e-11  1.3588755058518844e-11  6.47918758566248e-12  3.0219230692609214e-12  1.3685911956465581e-12  5.959799649455144e-13  2.4630684586042666e-13  9.493643186033881e-14  3.334257187775381e-14  1.0344370056843266e-14  2.7200938262047993e-15  5.736980704325147e-16  9.016910695929355e-17  9.574320375574023e-18  6.0259730178795775e-19  1.888262664684479e-20  
1.1643766273107311e-08  5.949437768087118e-09  3.035424631203158e-09  1.545649328152799e-09  7.8499394765451e-10  3.9728899145001647e-10  2.0013650651774416e-10  1.0019632635744889e-10  4.974900241961996e-11  2.4430127710152268e-11  1.182164482712586e-11  5.6093166129547206e-12  2.5928669646775916e-12  1.1574423149763274e-12  4.931897947606532e-13  1.9750851005069456e-13  7.281627925316315e-14  2.4041357271026372e-14  6.8516879060987084e-15  1.604851799853805e-15  2.893707496201204e-16  3.680973859538745e-17  2.9405385851658004e-18  1.2631679204382986e-19  2.3724916263687308e-21  
7.436915893683385e-09  3.757758545722109e-09  1.897651233727622e-09  9.575745084021361e-10  4.82710668071751e-10  2.430031986746988e-10  1.2211002949626987e-10  6.121288815398174e-11  3.0587017189444405e-11  1.5218368028685695e-11  7.528601089730846e-12  3.696128149661859e-12  1.7962267998947161e-12  8.611584126158064e-13  4.054594721431957e-13  1.863518643217346e-13  8.293679487443221e-14  3.53612611071342e-14  1.4238384801043822e-14  5.3120115520505365e-15  1.790075995743166e-15  5.266974063115269e-16  1.2932311124288184e-16  2.494652171731021e-17  3.488317475608163e-18  
5.646007598184858e-09  2.9459837107222118e-09  1.5355162535806084e-09  7.99205870870302e-10  4.151799362291544e-10  2.1513537158801854e-10  1.1110086439064813e-10  5.7116683655631235e-11  2.918735438394784e-11  1.4795884225497214e-11  7.42060057295005e-12  3.668925526505034e-12  1.7798081212397333e-12  8.417539824979194e-13  3.848563996737006e-13  1.6819439945851245e-13  6.921279295030801e-14  2.6284860158293128e-14  8.9690066601735e-15  2.6533840778646184e-15  6.489337486082102e-16  1.2313391325705569e-16  1.6655987081022825e-17  1.434682886483273e-18  6.7695799827391e-20  
5.977908976146908e-09  3.144388926120538e-09  1.6517051040204088e-09  8.660461639835336e-10  4.530009689480431e-10  2.361872400215703e-10  1.2261560639959898e-10  6.329130878185891e-11  3.242056730748049e-11  1.643869970980062e-11  8.22256355698385e-12  4.0389623481000034e-12  1.936546545945764e-12  8.990382977728917e-13  3.998053791690943e-13  1.6788393654092332e-13  6.53057963942112e-14  2.29402159082591e-14  7.0335166539700685e-15  1.798769128329565e-15  3.6118859497276883e-16  5.253077442471246e-17  4.9693027754083554e-18  2.6489747476344033e-19  6.571748397448984e-21  
8.327876056462171e-09  4.293270760151821e-09  2.2099865818589315e-09  1.1353261705996027e-09  5.816892475113149e-10  2.969707696199022e-10  1.508941688410592e-10  7.618665988923004e-11  3.814303021115401e-11  1.8882397425986178e-11  9.20815034768062e-12  4.401332802451749e-12  2.048282073471759e-12  9.198523764729725e-13  3.939193798728642e-13  1.583338606159412e-13  5.848413427122433e-14  1.9300082871342455e-14  5.480416113154107e-15  1.273600698634095e-15  2.2656380480088227e-16  2.822122889427038e-17  2.1855952356608705e-18  8.981232869130517e-20  1.5851862109331996e-21  
6.791708741334081e-09  3.5227117766459015e-09  1.8253247312197844e-09  9.445458436373575e-10  4.879017067212575e-10  2.514258989153432e-10  1.2915522964332124e-10  6.606622142036695e-11  3.360474315213241e-11  1.6965216942625954e-11  8.479455037890425e-12  4.181915277558179e-12  2.0260326802769982e-12  9.585205858613138e-13  4.393387852283466e-13  1.9304231944956478e-13  8.017554136923004e-14  3.0889332905862415e-14  1.0766437575505214e-14  3.2833952596928666e-15  8.379412789787802e-16  1.686327115678301e-16  2.472299510871731e-17  2.375796078659687e-18  1.299813841566641e-19  
8.457488009211138e-09  4.462765531119834e-09  2.3513207292484037e-09  1.2363640909373043e-09  6.483601875530493e-10  3.387921491903592e-10  1.7618926111625173e-10  9.104664311914636e-11  4.66515200390221e-11  2.3635063661061108e-11  1.1795028262824634e-11  5.76910273291021e-12  2.7470845099950493e-12  1.2621361063752998e-12  5.528805840484139e-13  2.27269188085972e-13  8.582688545310032e-14  2.8946583509310634e-14  8.396215774947212e-15  1.9917766806769783e-15  3.6136185012097012e-16  4.5850934749885733e-17  3.611302396517794e-18  1.505983651196796e-19  2.6897527804152608e-21  
1.005280561399717e-08  5.135403770979446e-09  2.620535730602993e-09  1.3352924468544069e-09  6.790842686953371e-10  3.4447053854576264e-10  1.74135962081592e-10  8.762644716444173e-11  4.382568307913024e-11  2.1741225835852642e-11  1.0668937047481877e-11  5.160198951668431e-12  2.4480565594343535e-12  1.1318472343784553e-12  5.056312374076964e-13  2.1576622339178296e-13  8.661649179373686e-14  3.2050598932144185e-14  1.0638726110833753e-14  3.0550954990689295e-15  7.231976874375636e-16  1.3231312295124592e-16  1.7169038314005533e-17  1.4090416555917442e-18  6.277364596429164e-20  
8.370717617833159e-09  4.326086041785826e-09  2.232237101836199e-09  1.1493941246274407e-09  5.901676853376611e-10  3.018923115479109e-10  1.5365803357514006e-10  7.768912007496539e-11  3.8931416584746355e-11  1.9279077396222312e-11  9.397219388446929e-12  4.4848435512847695e-12  2.081005631584345e-12  9.300385469398778e-13  3.95361665642675e-13  1.5721909743485269e-13  5.719614578566648e-14  1.8479430934399714e-14  5.096607763427868e-15  1.138208840483577e-15  1.9184167496337395e-16  2.2216790417348272e-17  1.559835613314649e-18  5.61885296755805e-20  8.312348647947286e-22  
6.653731353939681e-09  3.4716573317666443e-09  1.8074291607656262e-09  9.382588385543129e-10  4.851764746302924e-10  2.495920467884129e-10  1.2751655706089873e-10  6.455178972080617e-11  3.227927294197874e-11  1.5879489186643324e-11  7.64324437696424e-12  3.5734558980010664e-12  1.6071485346056056e-12  6.863774133424183e-13  2.7360134545406475e-13  9.947918312623941e-14  3.199511396175108e-14  8.737926478545208e-15  1.9187458318396014e-15  3.150076840999004e-16  3.5090853813168956e-17  2.330561100958613e-18  7.76622253317708e-20  1.0316836182516022e-21  4.020295092254209e-24  
8.839397058657758e-09  4.45266472620011e-09  2.241758022940448e-09  1.1278532807517022e-09  5.669045467249097e-10  2.845936078708966e-10  1.4263213998994975e-10  7.132562621279853e-11  3.5562164890694545e-11  1.7661045854596008e-11  8.724860546724416e-12  4.280080518231213e-12  2.080079669909587e-12  9.983588721239222e-13  4.712636587235442e-13  2.1757079653501201e-13  9.751721332866711e-14  4.20163430904755e-14  1.717488000683964e-14  6.544596292009143e-15  2.2710038167731504e-15  6.955681512487471e-16  1.8037115139928973e-16  3.746176961882151e-17  5.7869508655827896e-18  
8.481268551806323e-09  4.298392675374553e-09  2.176470633645585e-09  1.1006977109626501e-09  5.557437466828302e-10  2.799857956194321e-10  1.4064914391733177e-10  7.038133866992473e-11  3.503779369038816e-11  1.732316686207083e-11  8.486572844639246e-12  4.106980787037774e-12  1.95535536290743e-12  9.109145794820059e-13  4.122174818504108e-13  1.7946035261539245e-13  7.419909533461843e-14  2.863794154324957e-14  1.0083937780631091e-14  3.141747280925826e-15  8.314560863216829e-16  1.7700954762788685e-16  2.819174980145121e-17  3.0491651864275038e-18  1.9684287502462386e-19  
1.162093123904841e-08  5.770420049677876e-09  2.8629679181782914e-09  1.4188904845972247e-09  7.021754427397367e-10  3.468125185274773e-10  1.7084943959546114e-10  8.387355004779496e-11  4.0985141630140754e-11  1.9904322852749778e-11  9.587247530308248e-12  4.5674509148665985e-12  2.1443589972744546e-12  9.872900965839109e-13  4.428826973086377e-13  1.9189311027125575e-13  7.938336968483819e-14  3.087416370886607e-14  1.1059017189390973e-14  3.5495395300466495e-15  9.841562919850658e-16  2.244878995370156e-16  3.9471921148871923e-17  4.905134851743656e-18  3.837146942753412e-19  
6.50358269638182e-09  3.349624903507167e-09  1.7228537989641576e-09  8.845292782165522e-10  4.5302750671367554e-10  2.3127826936163693e-10  1.1756427009529708e-10  5.941861776465436e-11  2.9801960070540674e-11  1.479562361153473e-11  7.246179757277046e-12  3.484980321725577e-12  1.6359772913446251e-12  7.435893934945203e-13  3.2373657203168876e-13  1.3308130170714364e-13  5.0674937927979077e-14  1.742332488929722e-14  5.228085364226372e-15  1.3083028418672086e-15  2.5699876779856094e-16  3.6554726795037746e-17  3.3805134147432057e-18  1.7607138294786612e-19  4.2648521021701186e-21  
6.274450814955241e-09  3.113698265890163e-09  1.544451789561487e-09  7.655992817723349e-10  3.791994805623853e-10  1.8760854819467843e-10  9.268205424064604e-11  4.569647969430925e-11  2.2471312071194384e-11  1.1011640545491786e-11  5.3708853305411025e-12  2.603352825208635e-12  1.2514420234844887e-12  5.949427319096032e-13  2.786897442496872e-13  1.2799926125273496e-13  5.726376065261307e-14  2.4736107348415976e-14  1.0197305638588626e-14  3.949776142192541e-15  1.407878117110217e-15  4.491846292501998e-16  1.2362282474180485e-16  2.7936948260659145e-17  4.85420965723253e-18  
6.5480486617862806e-09  3.5695948086031604e-09  1.9410398571041308e-09  1.0519484504257385e-09  5.675622305589672e-10  3.0439967324645527e-10  1.619657844197396e-10  8.52706542542453e-11  4.426271054086526e-11  2.2547136107093135e-11  1.1200305155060416e-11  5.380381302993495e-12  2.4716472609113567e-12  1.0697359502937193e-12  4.2761281191039657e-13  1.5374359202273868e-13  4.799149475579096e-14  1.2407412923045003e-14  2.494876623196105e-15  3.5880973611832443e-16  3.3005151373038854e-17  1.6728842122904016e-18  3.829924459323026e-20  3.038340938790491e-22  5.86532642657035e-25  
1.4048418256014162e-08  7.069186105205456e-09  3.5546122777307824e-09  1.7856216576425512e-09  8.958165642400036e-10  4.4863367899766874e-10  2.2415858132456621e-10  1.1165365859682811e-10  5.5385457954077385e-11  2.7322796304131784e-11  1.3380208731621752e-11  6.488502851915306e-12  3.1056353898566653e-12  1.4607901809531997e-12  6.713242475202032e-13  2.991009228611087e-13  1.2786603827032893e-13  5.173192898239209e-14  1.9446687848489956e-14  6.627828867351585e-15  1.9821681219913835e-15  4.97993594398089e-16  9.916952051189175e-17  1.448578169368756e-17  1.3996712099560917e-18  
5.865691371242489e-09  3.0147812669256892e-09  1.5471658780022242e-09  7.923987605038028e-10  4.0474825293261613e-10  2.0600211257670018e-10  1.0434830551227051e-10  5.2521217568593447e-11  2.6211861233098505e-11  1.2934366463508916e-11  6.2869089945427455e-12  2.9949361490785712e-12  1.3889314964978803e-12  6.214827018080558e-13  2.651231309615607e-13  1.0612623819152659e-13  3.9024273051611724e-14  1.2814130445922875e-14  3.6181833430788e-15  8.353641159529111e-16  1.4746525538191426e-16  1.8199237797745078e-17  1.3935426118904465e-18  5.646158460054655e-20  9.789373139373784e-22  
1.3951764084749733e-08  7.160003000433785e-09  3.6689121014779734e-09  1.876209437277797e-09  9.568672726672363e-10  4.86247109360256e-10  2.4590951457872295e-10  1.2356928419605224e-10  6.156507370998573e-11  3.032558199690946e-11  1.4712419894878315e-11  6.9945235731580824e-12  3.2366513737702372e-12  1.4447183135721712e-12  6.146106981637268e-13  2.4523702409931545e-13  8.983771632737618e-14  2.9365679055678144e-14  8.245626406647664e-15  1.8905921968622997e-15  3.3083362904042775e-16  4.03753346640002e-17  3.047329721503986e-18  1.2117488172025823e-19  2.05009130891634e-21  
8.84223651270727e-09  4.411101883088084e-09  2.1987496143010966e-09  1.0947863269075353e-09  5.443138668364397e-10  2.7009999325347856e-10  1.3368205432665454e-10  6.593549232176726e-11  3.2371432610380865e-11  1.57954829063511e-11  7.644360432360587e-12  3.659303352334453e-12  1.7263153160859542e-12  7.987175836031289e-13  3.600808238319713e-13  1.568132626914355e-13  6.521249673971625e-14  2.5501286052775436e-14  9.186835415479571e-15  2.9666060991400397e-15  8.279390365699767e-16  1.9021771062527288e-16  3.371629185741635e-17  4.228527422173377e-18  3.343419685158534e-19  
5.6178805943458e-09  2.9822413351295225e-09  1.5800663550936212e-09  8.350081610784274e-10  4.397606613441724e-10  2.3054485623472478e-10  1.201282988763823e-10  6.208725977396929e-11  3.174305299608063e-11  1.5996048942059604e-11  7.906774337462182e-12  3.809031004061076e-12  1.7730961838216989e-12  7.884680724028216e-13  3.29871071852717e-13  1.2722636086740954e-13  4.402509870377232e-14  1.3182623755749474e-14  3.25483721559143e-15  6.213583336255424e-16  8.417463070874435e-17  7.21706484428231e-18  3.3621959542978315e-19  6.944052134262935e-21  4.8473739474684453e-23  
1.0269708722798928e-08  5.170005915661711e-09  2.6005401378632262e-09  1.306638621671742e-09  6.555510864679595e-10  3.282486631429621e-10  1.639304867417816e-10  8.158244688179178e-11  4.041169695745833e-11  1.989366880895454e-11  9.712225363352595e-12  4.689393785768435e-12  2.2310323350771918e-12  1.0407556215611048e-12  4.729280186513472e-13  2.07512223936736e-13  8.69012348546972e-14  3.419657116465421e-14  1.2385110771693682e-14  4.0156705355215435e-15  1.123384275751664e-15  2.581285268593729e-16  4.562232883453518e-17  5.682540089667169e-18  4.438577356006649e-19  
1.0139091649363568e-08  5.187391362218593e-09  2.6511676610260853e-09  1.3530366796794543e-09  6.892245853794291e-10  3.5020059737012904e-10  1.7734245100603866e-10  8.940487324802546e-11  4.480359466113216e-11  2.2274174373374788e-11  1.0956516662784738e-11  5.31355728187875e-12  2.5286363195357635e-12  1.1733746114396683e-12  5.264826014820079e-13  2.2586970010061882e-13  9.127750282871841e-14  3.4059667587496844e-14  1.1427162052234786e-14  3.3270253998272166e-15  8.017800798096981e-16  1.501576680412119e-16  2.0091389811731205e-17  1.7168746667535682e-18  8.068363192449279e-20  
4.897693292219323e-09  2.552180957495764e-09  1.3289963509008916e-09  6.913945986063852e-10  3.5923716325706575e-10  1.8634047892727053e-10  9.644075096036324e-11  4.976419837566489e-11  2.5576666186841636e-11  1.3075687239296026e-11  6.637576919394392e-12  3.3377461496666335e-12  1.6574020072362426e-12  8.09299270484878e-13  3.8642454797505856e-13  1.790815304015324e-13  7.975204383286878e-14  3.367980019337072e-14  1.3250788833187745e-14  4.743521761584127e-15  1.4971601668933654e-15  3.994872711651875e-16  8.520799188425972e-17  1.3482270106027343e-17  1.432501438640908e-18  
5.1565671195004e-09  2.688027915987279e-09  1.3990864624008968e-09  7.267283727989303e-10  3.7646264394145506e-10  1.9431263973336042e-10  9.981269357233398e-11  5.094217924537194e-11  2.5777735585895283e-11  1.2895711556017383e-11  6.353640773153419e-12  3.0673817137224812e-12  1.4412359680624488e-12  6.531249555569875e-13  2.820415339581761e-13  1.1420892831189487e-13  4.2446516627694925e-14  1.4070744078235347e-14  4.0046085985998504e-15  9.299964689326755e-16  1.6467342836566174e-16  2.0309766899145013e-17  1.5464731577067016e-18  6.189874140114788e-20  1.0509241242729626e-21  
