0.4193310787231894    0.28653360313910525    0.3836272623448167    0.33886249383795075    0.2525312314828625    0.3459417864505667    
8.025214294466423    4.276342723285779    3.8779533518245444    1.3922883592022117    0.14762969937874004    2.3442069497104967    
0.8261424890661146    0.6888006994558964    0.24835507468378637    0.048778900600154884    0.06628076938795857    0.16642444395984057    
20.043879167409614    38.92392588091025    0.16982579746400006    1.3440018642577343    1.346394366788445    0.18279209952743258    
4.624851804488571    1.4713490787398769    3.3650329759257147    1.0006884091271786    0.04796769282256719    2.0532816012273543    
34.20993146765977    43.21285999320389    2.5385049685428385    2.910768141518929    1.689247068905388    1.5236036518181209    
13.836186182306847    14.386027943590307    3.278608687207452    1.5342094515508506    2.8520895700494293    2.9004287799762096    
24.476272009749664    31.4419148027373    3.4565867339697434    3.0556601655989652    1.4217262460297206    2.3961766288121    
35.18788083411346    109.84459639397392    2.7230476392869605    3.7080131064140005    3.2356120744079817    2.009909380984027    
193.14329035465198    255.7545610226225    2.9291989161574747    10.85174062808801    9.61486096389126    1.4753956409404054    
9.797081034106668    10.297665046324255    2.5532290266419295    0.9962497827073094    2.3666867702268064    2.415369939422817    
3.906331477803178    4.862608247422031    0.8304644180461764    0.7307590071141021    0.3981227533513447    0.59783874299319    
15.603799547665403    20.381062180094887    1.199550102086505    1.021795537788421    0.6358355506527005    0.7749929222190985    
6.079033980582608    5.359428490250139    1.7110426102008205    0.38638384055229835    0.7751542341138702    1.2546974607394077    
8.788858239626279    8.123467971614446    2.2840574432048015    0.5830940164159983    1.1805804702307796    1.7156705244124169    
90.97543575905729    113.86054095257714    3.9294778395124013    5.353066908704932    4.658352177822962    2.348955647132243    
31.484943128816667    47.60841728215746    0.1612674518255517    1.7213568562583532    1.6414902505202917    0.09495938729378395    
1.6362987847969634    0.8089831209363183    1.050931809208123    0.16522862660349347    0.09819021409202833    0.6738810654496774    
46.56119620872778    71.08601089347212    1.3477691391162807    3.5796208638639655    3.368647468450945    1.1129090264585102    
0.4247508559783455    11.77945177818765    6.5307376822893275    0.2512656603503274    3.016344563657185    5.123618035693653    
0.33945810873410664    0.23079378377588    0.3247077426785836    0.287083556788275    0.2237707281310577    0.2977033554780064    
0.972972659044899    4.582818556606071    3.644206009368645    0.7999665675597498    3.2243052318663104    3.4888347597734537    
22.067548666658695    26.221880583208986    3.043065744190244    2.835929996072082    1.4401766905357363    2.0082313131715637    
6.173523087709327    18.31395666746539    0.5458638047712157    0.3969525243010139    0.7601483600883512    0.4206773988698842    
32.89231619541533    38.84263802503119    7.258394719232456    6.086179165780777    8.182418853932177    7.124960489032674    
53.073099990710034    98.17092985965428    2.2194703336863313    4.618781669414602    5.046916478939238    2.2624463441752596    
17.302976791674155    55.41536125574203    1.4892262681241846    1.1710770597564988    2.061826501332689    1.1500287118979031    
1.6275146936968667    3.2199120868754108    1.5402359162544599    1.0396040717168944    0.43650426325621083    1.12223816390906    
161.48447961136117    244.20707189608947    1.613258639947162    8.67641050790553    10.564664930963772    1.6431465600326192    
