3.7811825369195074e-11   2.3521730992759393e-12   2.3554099371448167   0.084592780556957   0.08139794362451526   0.035348754642635226   2.154434690031884  0.982476384293582   0.010649116979921859   -0.00871704363865181   0.011631451813993141   2.154434690031884  
4.1301021687856944e-11   2.779282910599311e-12   2.40100988116105   0.08753468754041752   0.09758910965453985   0.04051265099671179   2.154434690031884  1.007849288406719   0.010780589985792158   0.02302432273396115   0.011696582267652056   2.154434690031884  
4.0304111729274456e-11   2.6876745198374917e-12   2.3885688773348734   0.08759787396812749   0.10144315793828296   0.039700220944327215   2.154434690031884  1.001203185059593   0.010755547088831722   -0.005795391610923464   0.011541954164972319   2.154434690031884  
3.222962008864651e-11   2.3210825764495584e-12   2.143851457656489   0.10028821337989303   0.13025451861695397   0.04264663378779958   2.154434690031884  0.9778682105643162   0.010608247708940647   0.014308432865955506   0.01179632327129559   2.154434690031884  
2.933518900377847e-11   2.064996563041041e-12   2.337117499724923   0.09599988350900371   0.08220310907636247   0.0395914877947933   2.154434690031884  1.001259944970818   0.010729019913171387   0.011268613574860553   0.011636565643538675   2.154434690031884  
4.019017001325494e-11   2.7276926903260214e-12   2.302904325242978   0.09058552229496694   0.11009666400168566   0.041163342203241415   2.154434690031884  1.011690722594828   0.010800967618662569   0.012387104912451232   0.01160572550122594   2.154434690031884  
4.703349405461808e-11   2.6921228850616647e-12   2.397535998801497   0.07664663300413233   0.08480673981413143   0.03275001394393066   2.154434690031884  0.9944425646442617   0.010733937132399462   -0.012815519421050903   0.01153690263824407   2.154434690031884  
2.4188711937560177e-11   1.99322385761608e-12   2.4325715429149803   0.10953774479046739   0.08599244275539841   0.04761039157394936   2.154434690031884  0.9968769134659432   0.010706902454385315   -0.0039675081451611095   0.011558339588257213   2.154434690031884  
4.803776981721839e-11   3.5265001703400224e-12   2.2100871028161166   0.09436337414929305   0.172589466541764   0.04772213046287529   2.154434690031884  1.0235018266891347   0.010868368291180177   -0.0005675322178704232   0.011447276604349509   2.154434690031884  
6.394845005127542e-11   3.4015158529382714e-12   2.341372930844795   0.07035650601914725   0.11236856108339136   0.0320990373127633   2.154434690031884  1.0031369379274369   0.010777404589972712   0.011435724255079105   0.011656188310157072   2.154434690031884  
5.6880755645089445e-11   3.6252520757138937e-12   2.3153929592991322   0.08184055806028967   0.13334001169838233   0.040374492584690315   2.154434690031884  1.0066492487145757   0.010797635822647261   -0.010333815083802872   0.011485552072898933   2.154434690031884  
3.222998539126839e-11   1.8189128485078332e-12   2.3644806041496915   0.08018360866026018   0.05186236780237065   0.028003547219612696   2.154434690031884  0.9993241964804729   0.010734932166687947   -0.0013921808944495047   0.011582207896853788   2.154434690031884  
3.218371610932942e-11   2.141563814813857e-12   2.2471841225198403   0.09251081874752201   0.09693595848785068   0.037597885611618455   2.154434690031884  1.0071393673835454   0.010770678208792685   -0.012861046409758358   0.011450544623436596   2.154434690031884  
3.668235258225556e-11   2.6039221566516914e-12   2.2165996178409877   0.0966030489478461   0.12280618561724797   0.043147427483262044   2.154434690031884  0.9993063593737694   0.010724741266523709   0.012049393049339925   0.011661936179786933   2.154434690031884  
4.375404742029371e-11   3.1124384703688088e-12   2.2837816874635775   0.0920776799018761   0.1363311082264883   0.04472416752842424   2.154434690031884  0.9885875068633476   0.010682320935885092   0.0024468239093238375   0.011670141569900995   2.154434690031884  
3.680322489023865e-11   2.2545980875722097e-12   2.2686246176820632   0.08522655775226552   0.09071148193364953   0.03433607712184951   2.154434690031884  1.0014155062331185   0.010747570034787537   0.0006118585548247771   0.011587459067838535   2.154434690031884  
5.349159945550133e-11   3.2503495934089764e-12   2.203455985955353   0.08147211785102094   0.1364963089479629   0.037563191386735924   2.154434690031884  1.0221107741019793   0.01087578174987983   -0.016313542036347578   0.011351925740720643   2.154434690031884  
4.843542344477717e-11   2.7595211121306523e-12   2.320663556334982   0.07744514892035419   0.09829878436844118   0.033187142985308005   2.154434690031884  1.0089969933027456   0.010802227986740012   -0.0076248108172754375   0.011485901202965774   2.154434690031884  
4.496646273243621e-11   3.1432233577732302e-12   2.2743605262954927   0.09190018403905968   0.14352722445518537   0.044053312233177544   2.154434690031884  0.9807359388523665   0.010642096898808328   0.004435645937422529   0.01173059444399736   2.154434690031884  
3.9358628497260074e-11   3.605582178425591e-12   2.2351805138232024   0.1134494644139793   0.19725926686785353   0.061455795226170895   2.154434690031884  1.0081066437191806   0.010771175083730206   0.0041375702734774205   0.011543009896590193   2.154434690031884  
3.7309839121393675e-11   1.8980357792974293e-12   2.375638209920473   0.07218365343509636   0.04774578696432362   0.024577312280318873   2.154434690031884  0.981397828165704   0.010640859149827394   0.010358384801224453   0.011770050565337805   2.154434690031884  
3.779813652010562e-11   2.313030994536249e-12   2.350394737054206   0.08345619024124719   0.08297758289712756   0.034454836059687126   2.154434690031884  0.9972916934840397   0.010727242756222083   -0.01249768573691817   0.011518504288541544   2.154434690031884  
4.4193771655869224e-11   2.490269984298658e-12   2.422133169168063   0.07630803833882363   0.07456799766868114   0.03138611728491574   2.154434690031884  0.997226705033707   0.01074785374885715   -0.021055281866720843   0.011470330679678288   2.154434690031884  
3.371945846749474e-11   2.672795441772649e-12   2.2890053430081303   0.10437633822075708   0.12331108985123396   0.04923511206465338   2.154434690031884  1.022367647497263   0.010851807595312594   0.011304676338320706   0.011535291315455805   2.154434690031884  
2.344547424561364e-11   1.5395131912964783e-12   2.4275255413882197   0.09192994611569211   0.04267698455956227   0.03130332750937192   2.154434690031884  0.9948370148855342   0.010702798722201179   -0.014492207331172388   0.011497629928747283   2.154434690031884  
5.5542186840036335e-11   4.229044062900538e-12   2.0792893446005225   0.0974968567533184   0.22709314034954353   0.05144136319755954   2.154434690031884  1.0215124546606054   0.010863970145399847   -0.003352634599268378   0.011437399503726884   2.154434690031884  
5.923442694172508e-11   2.653068868167481e-12   2.376621544856279   0.06196531008049005   0.06664205569605233   0.023992752115421435   2.154434690031884  0.9978880419613232   0.010750102354636307   -0.003296310893128589   0.011598977840268261   2.154434690031884  
3.0017465672013e-11   2.598012249444395e-12   2.294458093714908   0.11306816923280726   0.1366046115953131   0.05432230431155618   2.154434690031884  0.9892525574908361   0.010666561215573233   0.016977591119112904   0.011750511381511482   2.154434690031884  
7.067634698358278e-11   3.909198888974075e-12   2.299530231170837   0.07187115096228607   0.1377363576360752   0.03467482099289479   2.154434690031884  1.0135372017637896   0.010841356307854027   -0.006595725635997458   0.011474862906293284   2.154434690031884  
3.484889425012638e-11   2.3633786183648955e-12   2.406087136244927   0.0906309137045107   0.0743819890132837   0.03923970654391597   2.154434690031884  0.9971148109092903   0.010716446324685509   0.008842084181561105   0.011661876416772908   2.154434690031884  
3.800537706025327e-11   3.0614486877995958e-12   2.177579778808481   0.1055623076743764   0.1746949270014091   0.051819187508730116   2.154434690031884  0.9939150416153474   0.010711582431367883   -0.013558369882911443   0.011526635729811763   2.154434690031884  
4.352458725799736e-11   2.4402779859468127e-12   2.373871465955784   0.07660048035905204   0.07553320241713013   0.031114394233855407   2.154434690031884  0.987149002655388   0.010679156815618474   -0.010251424558682786   0.011587910413959564   2.154434690031884  
4.937124037547884e-11   2.776528464171349e-12   2.3154840144287574   0.07625231370637976   0.09621514894681882   0.0326038746344456   2.154434690031884  1.0060732183278802   0.010783984531128093   -0.004697118401854008   0.011523021713212081   2.154434690031884  
2.7251756276069712e-11   1.6654221357617815e-12   2.255670868591923   0.08795561664709868   0.06420649689247708   0.030274004100676488   2.154434690031884  0.9752018429222638   0.010592358681667713   0.015096022599627303   0.011834575083233519   2.154434690031884  
2.955440330004618e-11   2.474254336543261e-12   2.2467749993881467   0.11102509954265327   0.13738905052899572   0.05196385543627188   2.154434690031884  0.9922077690618912   0.010683599933889343   -0.0038775421146282603   0.011588963002315582   2.154434690031884  
