0.15418193083772747    -0.0047277458555390435    0.0    0.0    89788.25892026487
0.16910319403360882    0.011445765304183763    0.0    0.0    89968.72776687589
-0.017404160661995093    0.015634507553299707    0.0    0.0    89635.43407473929
-0.05713503731749699    -0.00961481776919972    0.0    0.0    88364.74394325644
-0.15048078309361662    -0.0030137050719984005    0.0    0.0    88096.17041004896
0.08477854899309344    -0.03964512678662179    0.0    0.0    89676.64547717317
-0.01738451054710476    -0.018047944968918542    0.0    0.0    88752.13312768452
-0.028469664981261123    0.017657618982514636    0.0    0.0    89679.01309032306
0.10974790075844534    -0.0028460069071503534    0.0    0.0    89761.08302301986
0.22843198147184857    -0.023580596691592248    0.0    0.0    88887.18980185114
0.05317769313034573    -0.01992731563133681    0.0    0.0    89113.79359230371
-0.19830245952602665    -0.018957621424899224    0.0    0.0    88441.66482490109
0.19033821992129007    0.006112851501198394    0.0    0.0    90147.80328949208
0.0029641170153730315    0.011479927369407292    0.0    0.0    89001.00717939848
0.02029719250698689    0.0007558482705402026    0.0    0.0    89736.9272121385
-0.13731867952839116    -0.02325950584988422    0.0    0.0    87954.68685034363
-0.15350897400544247    -0.01822979719606034    0.0    0.0    87610.70608649726
-0.1541505840997797    0.026493893619476072    0.0    0.0    88324.0060361955
0.11357287395892345    -0.01954347416803603    0.0    0.0    88729.65038344474
-0.04903171883905403    0.0029830360384925816    0.0    0.0    88482.64324423658
-0.022354006589950556    -0.02358970109612636    0.0    0.0    87917.70877469314
0.17760372265288665    -0.011428321496914336    0.0    0.0    88041.40347545176
0.10628014533526874    0.019901655762759464    0.0    0.0    89476.87034720572
0.06667921472831395    -0.015334632621860054    0.0    0.0    89803.61444751165
0.04427246637298963    -0.019732161042026308    0.0    0.0    89294.08058998272
0.07864992337551607    -0.001653236561569786    0.0    0.0    89118.82925447477
-0.06669593073920055    0.006681532976490309    0.0    0.0    89440.06507440576
-0.06516175467172518    0.009566024105429073    0.0    0.0    87896.92183800925
0.05580272851237891    0.030171445858000946    0.0    0.0    88422.04724301817
0.014736075033676367    -0.009339261860638196    0.0    0.0    89576.18318859824
-0.1811407612421277    0.011804827822143742    0.0    0.0    88525.34673371003
0.022564699846316164    -0.008067454103980985    0.0    0.0    88912.93734134364
0.01876499827318472    0.006378318497357918    0.0    0.0    88291.69552692778
-0.1213762084093286    0.012920720016653143    0.0    0.0    90288.42819608722
-0.10798941188106377    -0.026165441355920083    0.0    0.0    89708.9240856243
0.006619730899568047    0.022038844214178642    0.0    0.0    88428.76783795509
-0.04945459632504487    -0.00488273232319548    0.0    0.0    90372.18088593315
0.04525721657016293    -0.005757112074857224    0.0    0.0    89278.91506456616
0.2135158977850268    0.01724653719866554    0.0    0.0    88832.21854709907
-0.08489738825860717    0.007148012253825286    0.0    0.0    89395.82574940952
0.026150919026950048    -0.019038332330500417    0.0    0.0    89028.31282654112
-0.06457775463088354    -0.012671425412277176    0.0    0.0    88677.26682337413
0.013396315649592296    0.001859889142665161    0.0    0.0    90031.46400375412
0.05396591890647772    -0.0026604229380912127    0.0    0.0    89187.34160614373
0.08758471160883911    0.004955015546376337    0.0    0.0    88438.44473529731
-0.1857681874838629    -0.016412596234807786    0.0    0.0    88808.14079067187
0.04918428299432675    -0.016204282523031893    0.0    0.0    89871.14367975782
-0.016765450963362887    -0.012604606061801447    0.0    0.0    88961.02814264718
-0.07889458268107216    0.004338238254731841    0.0    0.0    89138.17115700092
0.04634661578546778    -0.0022901894916811426    0.0    0.0    90281.91299229464
0.05783381227262785    -0.0006091713641599118    0.0    0.0    88685.33810322457
0.030466945275964247    -0.004941004065617226    0.0    0.0    86549.04439073567
-0.10572366360120511    0.009746796602120777    0.0    0.0    88518.0425891903
0.12893089337127475    -8.257775170013621e-05    0.0    0.0    88733.78182043659
0.021203427260190474    -0.020788754934784697    0.0    0.0    89185.8202176731
-0.16548922682024225    0.031195200454650386    0.0    0.0    91071.52738461453
0.24616596790726258    0.040017275917813    0.0    0.0    90316.8230527662
-0.033931089034938924    0.010327610843958779    0.0    0.0    90534.69423847392
-0.05130271157793183    0.0073540214239621185    0.0    0.0    89512.23512449558
-0.02053591148025707    0.016233930730735934    0.0    0.0    89696.58511302643
-0.025663176637176245    0.03479251292305344    0.0    0.0    89057.46380619332
0.09763820264181175    -0.005966376763061585    0.0    0.0    89181.9353243876
0.003158912292082306    -0.0026535462401315003    0.0    0.0    89076.9810897231
0.027490181290414074    0.008115564949801648    0.0    0.0    89086.83726678307
0.008135083569996088    -0.010384374638766122    0.0    0.0    88909.60164626263
-0.13794823339526316    -0.02614737142246205    0.0    0.0    88596.90202623585
-0.13850226726268922    0.024238422207091204    0.0    0.0    89731.29694260936
0.09828814018457882    0.01369219918888553    0.0    0.0    89469.45553992182
-0.0388294486561731    0.005825558266062798    0.0    0.0    89127.04600462569
-0.010885560684483238    -0.006713654031018188    0.0    0.0    89426.48919854112
-0.047053845138452205    0.018145236108156007    0.0    0.0    88220.97926166934
-0.06142916073624669    0.011400961126036217    0.0    0.0    90195.80831837832
0.02522504951603663    -0.024586110735710275    0.0    0.0    88795.05557320913
0.20083417499350398    -0.01862299254850417    0.0    0.0    90318.3051814933
0.08394446491476677    0.021854320770968067    0.0    0.0    89695.29494254966
0.0005448880555052765    -0.0054559203300172865    0.0    0.0    88889.0868492643
0.0047759912048897695    -0.012363998892856455    0.0    0.0    89653.16834431113
-0.09555852001747385    0.024276989497301584    0.0    0.0    89473.33121821657
-0.21686471664266949    0.03381150694783189    0.0    0.0    89104.26615618746
0.08883872766645594    0.0025657504225487767    0.0    0.0    87827.69155540189
-0.06761795713736543    -0.010293179502922469    0.0    0.0    89401.02111364935
-0.03552368729070409    -0.04024956358502234    0.0    0.0    87902.351516261
0.22892585791754658    -0.0067397723666319    0.0    0.0    89869.61874257997
0.005081404033925361    -0.009765392503412131    0.0    0.0    89131.94523986508
-0.12075883975189101    0.039760233017335035    0.0    0.0    89614.42974463444
-0.0100602390203902    0.014068263508585232    0.0    0.0    91014.21097189329
0.02668631114567583    -0.02056190035973862    0.0    0.0    89683.6377816757
0.12629006332710932    -0.02947991276763447    0.0    0.0    88800.14894695087
-0.05625169712426789    0.002739765793546636    0.0    0.0    88814.87558268984
-0.10004094031593441    0.0008029457192717386    0.0    0.0    90121.39756688903
0.0006601837210496865    0.008196270734627363    0.0    0.0    89418.155888494
0.028914703688896266    0.030465832978520655    0.0    0.0    89953.13449703566
0.01322469585322298    -0.01415294678446392    0.0    0.0    87969.2181588937
0.08802096797816861    -0.041234235367642896    0.0    0.0    90077.9954739456
-0.0179536501688355    0.017168059830742936    0.0    0.0    88385.1614339614
-0.036159259063837955    0.0014150322829514328    0.0    0.0    89921.70007362767
-0.11356033536133037    0.013922502495402512    0.0    0.0    89810.7491753568
-0.026231141230165428    0.020669523041123312    0.0    0.0    89190.9333357134
-0.14848505659736552    -0.014857495325139705    0.0    0.0    89042.40060111885
0.1145992747725134    -0.017610587676137754    0.0    0.0    89817.68621280274
-0.1781926880990542    0.0009251298149275747    0.0    0.0    89157.6788593316
-0.16397152961997125    0.022797498103201554    0.0    0.0    90319.53747419626
-0.05940214614274937    0.012717792792104348    0.0    0.0    89239.52605459909
0.09523381994775718    0.026586970572456507    0.0    0.0    90131.77169526667
0.16984001911102908    0.004268994570530495    0.0    0.0    90493.82801599319
0.17680092965162678    -0.01688697423245946    0.0    0.0    88281.92779970207
0.0651095692482702    -0.02915143152984293    0.0    0.0    88660.05148599205
-0.1581030769120931    -0.03222947312898468    0.0    0.0    90087.06386712694
0.056137548451513176    -0.005499190098963902    0.0    0.0    89951.74684690699
0.19274298746776222    -0.009975451006569087    0.0    0.0    88908.00098295878
-0.010000827585645607    0.003683900558057785    0.0    0.0    89071.45829923556
-0.023174410404956464    0.05461794830843543    0.0    0.0    89692.44195654837
-0.043678861941130534    -0.004597299846753046    0.0    0.0    88133.2102960371
0.03571689998246656    0.003426265582583685    0.0    0.0    89049.61277685325
-0.010559694883028341    0.013676759083284671    0.0    0.0    89205.67082208562
0.1821746195073272    0.0009010077306469942    0.0    0.0    89248.7763996748
-0.03733338493242596    -0.02645184757140944    0.0    0.0    90447.7034755097
-0.023976568766653564    0.011066418995111802    0.0    0.0    89760.64057297292
0.12056464594918481    0.00379735560854143    0.0    0.0    89618.12377197908
0.007019184522146476    -0.00011175492335070484    0.0    0.0    88187.24172856544
-0.09919695156417349    0.02122508413321011    0.0    0.0    88383.2502415778
0.04470086367142139    -0.02736397442608872    0.0    0.0    88637.38467103617
-0.011203353383917555    -0.010268865622293254    0.0    0.0    89359.30163757576
-0.1010076208129883    0.012406287964198608    0.0    0.0    89266.34163913336
0.05659045130312943    -0.015508339479313842    0.0    0.0    88910.10636742046
0.037952842461847165    0.015667605407892155    0.0    0.0    89471.71678848537
0.01696646312172146    -0.030381723269454052    0.0    0.0    89401.62129691026
-0.05414366597971555    0.02081394863838906    0.0    0.0    89120.67497132804
0.09223586879126722    -0.015672758815117926    0.0    0.0    89018.73144114787
-0.07404499570478525    0.03153195366780055    0.0    0.0    89376.69900366662
0.1685992633414546    -0.0212125871848116    0.0    0.0    90090.61086024667
0.026914142054975988    -0.037180772799157484    0.0    0.0    89970.08561975525
0.010552786645099925    0.0047227136463812895    0.0    0.0    89209.17753825919
-0.002129598997762728    0.045201367297176394    0.0    0.0    89356.48666057395
0.050848118703645355    -0.00039582334134225156    0.0    0.0    89569.82189479927
0.05542250805075071    0.015385534952571738    0.0    0.0    88761.10487227948
0.08260253410229251    0.0039050822713404027    0.0    0.0    88858.42293997158
-0.07484563899068855    -0.0009011398616367633    0.0    0.0    88486.55540856656
0.08271195187691827    -0.02801802277013397    0.0    0.0    88940.48189303643
-0.05214754433550881    0.006106637149496596    0.0    0.0    89342.30090670552
0.020492553816641133    0.042781415128203076    0.0    0.0    89985.26943435094
0.07968837913318728    -0.008528315769177267    0.0    0.0    89743.428644291
0.2499257411008618    0.014185240963556786    0.0    0.0    89896.67596135948
-0.003679517118444742    0.011604370364193442    0.0    0.0    88604.94786657055
0.02868942734668564    0.007211767309100202    0.0    0.0    88227.45691809116
-0.005311169830449221    0.0008057891377703794    0.0    0.0    88228.42799555001
0.058214785731159874    0.012380773568001718    0.0    0.0    89035.30596376635
-0.077835355548806    -0.02113529184344874    0.0    0.0    87859.47215773677
-0.049678293509924525    0.011948765155656332    0.0    0.0    89475.27107156739
0.09007641959781475    -0.006199770856669725    0.0    0.0    89561.02823012616
-0.08289232856181636    -0.00892020155679539    0.0    0.0    89569.0751895061
0.017660985320985558    -0.014980996195241304    0.0    0.0    88778.41231843033
-0.10818874053773198    0.05740866365473149    0.0    0.0    88891.72023935399
0.03209530389650652    -0.035180958312028915    0.0    0.0    88533.68249987453
-0.11980220243690874    0.011164869395823411    0.0    0.0    88529.11073395361
0.06839134199483533    0.03738988377136222    0.0    0.0    88927.78490867725
0.06390653533116507    -0.03350186710418647    0.0    0.0    88932.06739050175
-0.08175123456001032    -0.0020360153029746024    0.0    0.0    88712.1565598957
0.13141579348612942    0.015910036893083387    0.0    0.0    89351.6131704409
0.05055320918285331    0.009031173808363244    0.0    0.0    88790.09936749899
0.06502189163585034    0.0004296723518747527    0.0    0.0    89250.20193420643
0.012071154741919098    -0.011103612359445722    0.0    0.0    89032.2383698314
-0.07973316282966735    0.010641073287837402    0.0    0.0    88362.66109439393
-0.05352949953119205    -0.008222275628395089    0.0    0.0    89347.44508531076
0.015000563093480128    0.023936116760844346    0.0    0.0    88934.38377429941
-0.040296613895400235    -0.028732164353146687    0.0    0.0    90382.76632714512
-0.04952777068740059    0.00584318589224514    0.0    0.0    88705.26533029211
-0.19242024174184585    0.014842419630421929    0.0    0.0    89585.78518267721
0.1993327991406233    0.013790853295221022    0.0    0.0    88620.53474238534
-0.016456225685933447    -0.027691642983233025    0.0    0.0    89156.18966903882
-0.030674124505380276    0.03819100964473879    0.0    0.0    88070.56771937195
-0.09100845161271603    0.004503108457169911    0.0    0.0    89726.70681105385
0.02165638968045834    -0.02774343091967722    0.0    0.0    90126.61906199202
-0.052919510616054447    -0.026925362546315473    0.0    0.0    88777.71691439599
-0.13946683191966305    0.01065928300972153    0.0    0.0    89159.71591366793
0.10180776882663817    0.025896487002803482    0.0    0.0    89176.53553770142
-0.06526518453158106    0.02157865659574998    0.0    0.0    88366.76684404713
-0.1347708199967895    0.00024434498810105396    0.0    0.0    88369.61863380823
-0.01593840369121188    0.008425597876177178    0.0    0.0    88498.85830779151
0.005144383546958358    0.022658321232838168    0.0    0.0    89599.12388901987
0.08355226204044254    0.0009436797970150314    0.0    0.0    88018.99704328357
0.16428339914747014    0.05253836823454195    0.0    0.0    90198.40530205319
-0.01792919244375858    0.0016174134666367755    0.0    0.0    88216.48525392923
-0.009983558517647335    -0.028173240409790933    0.0    0.0    89515.93718980896
-0.027067048143318145    0.01091342157015373    0.0    0.0    89745.21333637509
-0.14055752685734133    -0.04675941181145534    0.0    0.0    89369.09421791643
0.1001341180331305    -0.0069753167626259325    0.0    0.0    89485.00597867636
0.07501986791725013    0.017875354589255984    0.0    0.0    90605.31036198829
-0.15775349559498564    -0.01916990832174333    0.0    0.0    90430.91070270573
0.08975586794642867    0.020386977343434694    0.0    0.0    90524.9995844343
0.07960635289982873    -0.026122666968699273    0.0    0.0    91148.75730481814
-0.06614861753148032    -0.010160262916688692    0.0    0.0    91530.05165696412
-0.05822702355226516    0.02241607758962913    0.0    0.0    89108.51470440628
0.05892496125242506    0.015692871895831875    0.0    0.0    89821.13983103621
0.034744470567815204    0.01585757772549807    0.0    0.0    88413.19542939618
-0.20978341741035203    -0.010170432441629263    0.0    0.0    88249.52843703548
-0.0632674217688944    0.006728161504016469    0.0    0.0    88479.3390353209
0.053980154484908484    0.01862833703517143    0.0    0.0    89549.41041066454
-0.010119840109715974    -0.014094447374852501    0.0    0.0    88491.36209208446
-0.2763343184170757    0.032287649742660525    0.0    0.0    89720.06306490366
-0.12166586342137953    0.003751918774218371    0.0    0.0    89828.19652993981
-0.11999366461788752    -0.0036080331245450853    0.0    0.0    88859.0239537964
-0.12811711591453398    0.023685578363060476    0.0    0.0    90118.0142534674
-0.06685341506721414    -0.010581573244599256    0.0    0.0    89423.2807180066
-0.04991382118350812    -0.008023378856784539    0.0    0.0    88444.44174085077
-0.07231680493076238    0.04413223676653044    0.0    0.0    88344.96711869014
-0.10152894995370257    -0.0010063369052018848    0.0    0.0    89397.75213588498
0.02154791729760041    0.0073442925528415205    0.0    0.0    89217.04614816642
-0.11299736612991151    0.005150329770340998    0.0    0.0    88682.56557609125
-0.041483588309543726    -0.022211117246560025    0.0    0.0    88761.1121228516
0.1052354025580077    -0.03442553656747487    0.0    0.0    89479.8793216462
0.058775353325739625    -0.011299575585414546    0.0    0.0    89458.33597405897
-0.048567085142846966    -0.04402768718183067    0.0    0.0    88202.55272758595
-0.038359009926283286    -0.015096128992729487    0.0    0.0    89331.89351798705
0.0024128226779946346    -0.023834875005657747    0.0    0.0    89348.94708410739
-0.05424439447799509    0.003338554094141779    0.0    0.0    88615.92631724347
0.07738275621414877    0.009454019936255458    0.0    0.0    88566.23781676311
-0.10781370089226464    0.035217222996611335    0.0    0.0    89366.78551707233
0.01982865347399816    -0.01696988707608942    0.0    0.0    90440.27881748778
0.07653926352325285    0.015742458019107414    0.0    0.0    88267.80460253594
0.06684449574972093    0.00018615969079079295    0.0    0.0    89026.97679790713
-0.13683431409760013    0.00016470789024526286    0.0    0.0    88977.16985071081
0.005908619687866137    -0.005641740779903933    0.0    0.0    89555.92955824235
-0.02531721959106339    0.005393305981964005    0.0    0.0    88671.80115873748
-0.12878006527491986    0.00783593505094101    0.0    0.0    89644.80816204684
-0.10768821895896655    -0.0030983153964862344    0.0    0.0    89570.59907086166
0.0362878192119002    -0.005009327706879274    0.0    0.0    90517.51117637943
-0.03858187637000804    -0.025813437864088167    0.0    0.0    88040.1655620039
-0.04748783889431212    -0.0065423265545618715    0.0    0.0    89403.26726209898
0.030992153679428747    0.005626463249178561    0.0    0.0    88729.65618433685
-0.011024143652901941    0.03388073490478149    0.0    0.0    89274.51748432303
-0.08016838327117812    0.012908464097370696    0.0    0.0    90047.02823760835
-0.024628700416441378    0.002407857462686821    0.0    0.0    87888.64787506321
-0.09522825415950126    -0.019746026778274098    0.0    0.0    88225.29165555674
0.09311040754441889    0.012946232431494153    0.0    0.0    89614.27967584592
0.10414154995938736    0.007007775675239018    0.0    0.0    90344.42853594247
-0.01267767307744408    -0.019395215600496063    0.0    0.0    88958.0770527093
-0.1286680447595843    -0.023639573644795714    0.0    0.0    89579.43999627855
-0.08686075953180628    0.008860083407137578    0.0    0.0    90034.79377901489
-0.019390528353311762    -0.016104499068528327    0.0    0.0    89918.94196881255
-0.045069952325127345    0.038000660717611656    0.0    0.0    89224.25915079805
0.016108865680351817    0.024643106052912197    0.0    0.0    90250.4992339267
0.09533094023411345    0.017413188567374914    0.0    0.0    89413.00328093981
-0.19016579079116325    0.028710709192132828    0.0    0.0    91011.92647845333
0.1446388120675624    -0.008298834979665522    0.0    0.0    89325.49648262921
0.10575241251762027    0.0009655296571346918    0.0    0.0    88563.53404521736
-0.0381255046462331    0.018069578846637843    0.0    0.0    87356.68833845599
-0.017796143305221702    6.626771699659858e-05    0.0    0.0    88942.20881974175
-0.09220392613317716    -0.007597628515554061    0.0    0.0    89321.79571955279
-0.1029045305115079    -0.003153701960353407    0.0    0.0    89262.49382709726
0.1432533343254342    0.00729291648294103    0.0    0.0    90514.3382338269
0.21267492635083154    0.0017962195257321734    0.0    0.0    90941.5809851196
0.1034817137891311    0.03454001338830759    0.0    0.0    88964.09245823607
-0.0761026451087893    0.03614846991434045    0.0    0.0    89038.63521311872
-0.08520861712842748    0.03127031582056307    0.0    0.0    89964.34752641492
0.034981108056524705    -0.002200802668873061    0.0    0.0    89550.33511675442
-0.015715566340946292    0.0009633187850489644    0.0    0.0    89869.36964194263
-0.13959856307442817    -0.005648472892926043    0.0    0.0    90130.23374169362
0.1496798823841536    -0.0280937302977902    0.0    0.0    88787.47634325479
0.16678667909909667    -0.023414225047186214    0.0    0.0    88646.95978753647
-0.007274904187480717    0.0005229730990335812    0.0    0.0    89555.00846552652
0.04551238561346655    0.018998695745028306    0.0    0.0    88627.08170152303
-0.12423191968451863    0.0030790707717714963    0.0    0.0    89949.62865498381
-0.07338949265141069    0.02413279523072518    0.0    0.0    89110.02657768881
0.1694210332830077    0.013177425525079563    0.0    0.0    89785.49879872485
-0.15671898179419458    -0.026241102694295755    0.0    0.0    88040.6292235765
0.10202567503687061    -0.008685412496403    0.0    0.0    87822.58908673815
0.04076357422875071    -0.026810787489658174    0.0    0.0    87542.65902684358
0.013293256129924763    0.030026711378663622    0.0    0.0    89547.31852785099
0.009983312666905362    -0.0014539943192052685    0.0    0.0    88917.94509047727
-0.07423360350586657    0.030758225423180074    0.0    0.0    89231.39038338583
-0.10497560258066266    -0.0017131858239487366    0.0    0.0    88831.73666028051
-0.0025350239229810292    -0.016505940527767347    0.0    0.0    88528.37153034194
-0.062240096237800614    0.002321267147982605    0.0    0.0    89183.04436884371
0.06036473231314561    -0.026294333131468    0.0    0.0    89663.72908166352
0.09559935715580564    -0.006093454907407844    0.0    0.0    88795.4248440001
0.23186488369197497    0.024203411062167002    0.0    0.0    89605.02758952665
-0.2296038047246828    -0.027219976492343784    0.0    0.0    88999.46226599692
-0.08896712948856456    -0.006655951037081356    0.0    0.0    88917.00528495069
0.10127765562860135    -0.022041881032190357    0.0    0.0    88713.19095081037
0.054053685416599086    0.034868420698529884    0.0    0.0    88560.2851446375
-0.011654770655103695    -0.02467449028542875    0.0    0.0    90110.5162745062
0.17312443362458885    0.017454556750600418    0.0    0.0    88096.40940811372
0.0029153467122212564    -0.005876856169297783    0.0    0.0    88589.69660537204
0.026060384665142614    0.0018234373051552008    0.0    0.0    89479.66567461505
-0.12454248825613728    -0.020107418714740796    0.0    0.0    89090.47516671327
0.032129526338078675    -0.00932050748367228    0.0    0.0    89532.70971664194
-0.04337704087167825    -0.00693212034472687    0.0    0.0    88309.41868666632
-0.031993779501916925    -0.0071502325444376125    0.0    0.0    89901.31585377766
-0.11156227007342268    0.0074386778506920674    0.0    0.0    90519.2809698956
0.07231772280709305    -0.0040764057306606535    0.0    0.0    89716.34528085831
-0.20334842149724836    0.00623932142584217    0.0    0.0    90201.62767058228
0.19804051031972414    -0.0017109110203533365    0.0    0.0    89771.59892474768
0.06635266675014644    0.004719190720500944    0.0    0.0    88917.35350024581
-0.12699121632248958    -0.02514683735477763    0.0    0.0    89936.30714769961
0.1280188359029456    -0.0070000459531198425    0.0    0.0    90326.9435869147
0.024965186250087576    -0.010109194541253728    0.0    0.0    88855.63865370982
-0.10703109363032254    0.012510398216005905    0.0    0.0    89008.17122560806
-0.06586546573324632    0.013838168705392949    0.0    0.0    88945.54436811883
0.046631116464616124    0.010051105663965805    0.0    0.0    88596.3550245891
-0.0037220900808461865    -0.015134886137248735    0.0    0.0    90641.90650309526
0.005974401620649619    -0.043543058930457505    0.0    0.0    89852.92537961528
-0.1321041406007731    0.00906834275522558    0.0    0.0    88919.0797240505
-0.06337662647648962    0.0335934315218782    0.0    0.0    89101.31769561603
-0.08571187999805888    -0.01601362055988618    0.0    0.0    88592.90933542632
-0.08090009691306382    0.011803124379809769    0.0    0.0    88549.70105048333
0.013917092152796337    0.02786524228801305    0.0    0.0    89257.77374295394
0.04749153220618108    -0.029243157673004453    0.0    0.0    87794.27303555797
0.27527960557798037    -0.01369379732584046    0.0    0.0    89864.46446546561
0.07222780647151128    0.009790362358193475    0.0    0.0    89875.22187721408
-0.1645212831007583    -0.01892438299617381    0.0    0.0    90631.21853320414
-0.07452877424737299    0.020237069585080092    0.0    0.0    89758.47045963808
0.025040894418956402    0.05264977729167742    0.0    0.0    89180.24125733189
0.16036376737402513    -0.02224808597087687    0.0    0.0    90375.66931330755
0.01709988340295201    0.026116893601221363    0.0    0.0    90272.34640625988
-0.11891870767699993    0.025840164883055374    0.0    0.0    88484.79167951831
-0.03154242735170959    0.0019084064495624978    0.0    0.0    89600.98534781247
0.039034011650141365    0.034987581071154294    0.0    0.0    90301.23842327225
0.15427484402955122    0.01849975275594529    0.0    0.0    90106.35440260923
0.017460883403893426    0.00663363366016478    0.0    0.0    89143.1351023844
-0.033331253865276814    0.010160078868601452    0.0    0.0    89080.8914934907
0.03459312293774301    -0.03899721121410823    0.0    0.0    89923.61584177431
0.05588570026652645    0.026920942519619632    0.0    0.0    88569.10818307196
0.044331530238367896    -0.012268578986533161    0.0    0.0    89558.27070705568
-0.032216470604773284    0.014982777627497522    0.0    0.0    88953.24371725945
0.007856267616260966    -0.006602077671259027    0.0    0.0    88761.35557325576
-0.18341521906901306    -0.007473548680862062    0.0    0.0    89218.74187824562
-0.02563671499691061    0.010328600462467445    0.0    0.0    88504.94310117091
0.023677545709291058    -0.00881819621823805    0.0    0.0    89416.82738227288
-0.13466867054916984    -0.017226415814959175    0.0    0.0    88347.43760597853
-0.13957419119634284    0.01949403696401277    0.0    0.0    90225.83969178585
0.030422522055967533    -0.007331562127929914    0.0    0.0    89127.83260816238
0.13661880496048925    0.05253014578472232    0.0    0.0    90787.91824552721
-0.10523004219507298    -0.0032393562737078408    0.0    0.0    89228.0258672648
-0.09514817934224802    -0.008991306892943455    0.0    0.0    89375.63893247904
-0.08962025968628695    0.03854343484127705    0.0    0.0    89949.10819067192
-0.0010125497849242987    0.0003072149018094908    0.0    0.0    87293.5936503152
-0.08335713661625384    0.02497423040045365    0.0    0.0    90777.17007559609
0.17288810406932018    -0.021164850779859776    0.0    0.0    88639.67154924283
0.005156919816517575    0.0017548647873370145    0.0    0.0    88931.39639695098
-0.08090683720126117    0.0007636157335111955    0.0    0.0    87861.37318197987
0.07773982297219324    -0.02078277789059011    0.0    0.0    89850.35649393345
-0.09489771842388375    -0.011539493870931727    0.0    0.0    89478.26119086317
-0.1769410390403331    -0.009715442965317846    0.0    0.0    90193.44074440992
-0.017489894890305308    0.012651977524288337    0.0    0.0    88636.34319964364
0.10879013777707798    -0.01469122830801483    0.0    0.0    90422.47492367013
-0.03492327980107529    0.03854126470853009    0.0    0.0    89498.23728331257
-0.11287987513466291    0.004910436046194543    0.0    0.0    88780.67417004732
-0.23742284418779389    0.01005373054340906    0.0    0.0    88700.51855091852
0.1710936846907431    0.02807524395669813    0.0    0.0    90226.47774918289
0.04815752801821363    -0.028376214364379745    0.0    0.0    89353.83490160597
-0.02799360054877938    0.010259401474339756    0.0    0.0    88543.38953654918
-0.06695766381028155    0.0025032680733528914    0.0    0.0    89643.59702186972
-0.16104938909131514    0.016804124658569907    0.0    0.0    88501.20030648446
0.0967100971793845    -0.00814638991724298    0.0    0.0    89695.69064502825
0.1203465779303069    0.0030338469731761076    0.0    0.0    89767.5958044784
-0.049557509855199376    -0.0069667584725365255    0.0    0.0    89929.92350546729
0.0676675259326004    5.595240222707688e-06    0.0    0.0    88905.12926589802
-0.05995979884219757    -0.003711571673654077    0.0    0.0    89653.53991335907
0.19287557677753686    -0.007575724285019334    0.0    0.0    89470.68017909362
0.03667836926191607    0.029016072845828605    0.0    0.0    88667.25268515233
-0.0635359062361406    0.03458010210907404    0.0    0.0    88869.6528151518
-0.07814189471789201    0.0053435692492318655    0.0    0.0    88743.43858769641
0.14038404866175852    0.02417825669672339    0.0    0.0    90068.87095907018
0.14460223785994222    -0.003926932093417011    0.0    0.0    88584.63193433227
-0.009894601037142247    0.03338030463915926    0.0    0.0    90659.08013498837
-0.06529411565083502    0.01571398917660307    0.0    0.0    88714.06309804955
0.012829269669208021    0.0347659819474938    0.0    0.0    88715.12007714133
0.01472686396335293    0.018717147446554446    0.0    0.0    89690.69627033513
-0.1407496318947455    -0.019074968561776828    0.0    0.0    89278.33160710322
-0.0109705608835564    0.029928354740992757    0.0    0.0    89751.10679454537
0.1771095002889124    -0.0042508999953629265    0.0    0.0    89763.51847531153
0.31392705398982773    -0.018380511394148712    0.0    0.0    90097.19952693736
0.12224439682894364    -0.0005434921351444344    0.0    0.0    90115.83121900416
-0.08253583590882517    -0.002553348235412557    0.0    0.0    90127.05535652471
0.013711866314991956    -0.006779310984282599    0.0    0.0    88345.85190003035
-0.08158879980319472    -0.024493733102890106    0.0    0.0    89888.06629518139
-0.09664090496844    -0.062370623799208776    0.0    0.0    89321.83064337603
-0.016045032973659962    -0.004792449579881686    0.0    0.0    91111.77063772453
-0.10590775930722847    -0.0337140566087076    0.0    0.0    90025.73705140813
-0.054397527456980316    -0.004805720433421519    0.0    0.0    89720.49998783239
0.1718833917072399    -0.04234652360163268    0.0    0.0    89328.19658550058
-0.1929341621572973    0.018991264898230022    0.0    0.0    88623.53701580015
-0.1232649319203182    -0.011418726570530563    0.0    0.0    89063.0969219026
-0.02148236927498823    0.002856159045980028    0.0    0.0    88333.29598401021
0.2034256293290782    -0.03398868950831556    0.0    0.0    88664.651928568
-0.143405028984016    0.02744175672471613    0.0    0.0    89310.96365303264
0.0077465552302457595    0.010251919056025665    0.0    0.0    91086.4089188704
0.10088095497261129    0.005643942770559977    0.0    0.0    89141.58017298367
-0.06158876822622701    0.013990331229987175    0.0    0.0    88573.84679026292
0.22839943436800253    0.010309094301470931    0.0    0.0    89759.42381114238
0.135321580187914    -0.0018412869113081734    0.0    0.0    88937.36611997396
0.019661249409575327    0.0161459363714659    0.0    0.0    89918.29404287951
-0.07807081476362676    -0.0072968413013981695    0.0    0.0    89145.02676326536
0.05751148389961744    -0.01443153843115331    0.0    0.0    87765.21365899705
-0.018276098034801014    0.014091879352325174    0.0    0.0    88919.83343224582
-0.120475886597811    -0.011706163932050533    0.0    0.0    88857.45997329715
-0.01889662379973977    0.003715611910486503    0.0    0.0    88253.208530859
0.15556298423128434    -0.01901487620148162    0.0    0.0    90080.39897284866
0.06003412756443177    0.009368560379350813    0.0    0.0    90131.76807365783
-0.15490967601252867    -0.002752301014819113    0.0    0.0    88877.9033670615
-0.042931253783792    0.036599386967022016    0.0    0.0    88385.45699730709
-0.0023726540319854734    0.020083995507842133    0.0    0.0    89265.50861960788
-0.09528834084767118    -0.02590171929361552    0.0    0.0    89560.77515421358
-0.2611235359781426    -0.016238556212435556    0.0    0.0    88644.77698474811
-0.12599833545538439    0.0325329752706121    0.0    0.0    89735.16849494404
0.1307781547315354    -0.01556829498627042    0.0    0.0    89197.53636996158
-0.0888833547686646    0.015382628980947432    0.0    0.0    88772.05500773378
-0.13338545185089665    0.008103451412781949    0.0    0.0    88461.12629976525
-0.01540527632791027    0.011974196628635825    0.0    0.0    89012.64580768884
-0.06620175875381658    -0.025267203171849304    0.0    0.0    89661.36768968106
0.13164423172219206    -0.06725623814720609    0.0    0.0    89063.63748423287
-0.07800063601095439    -0.008217497179423869    0.0    0.0    88978.35025438646
0.03329124633248516    -5.79254862584812e-05    0.0    0.0    88939.26563232415
-0.058397292910917935    -0.0008051907745548616    0.0    0.0    89299.14320371937
0.01442091348581693    -0.010807371810532897    0.0    0.0    89901.3224711911
-0.022456386307079534    0.0204405856882427    0.0    0.0    89201.41452862872
-0.005477921124039997    -0.007069480701029592    0.0    0.0    88156.81622800806
-0.04520213991043806    -0.02456222251750084    0.0    0.0    88836.96009597387
0.014654301277383507    0.025161347197487745    0.0    0.0    89474.49599985773
-0.0615867912720319    0.004462762123856956    0.0    0.0    88436.35868462741
-0.14417819412502855    0.018760440767477397    0.0    0.0    89453.69359349662
0.04652639050185503    0.039890622789211634    0.0    0.0    89113.3350280614
0.03927449006617058    0.004783902435079472    0.0    0.0    90383.55290370958
0.0059845024175558285    0.012407707672006335    0.0    0.0    89278.6109868557
0.17420274335876754    0.009306380259901647    0.0    0.0    89819.00307709674
0.033886264733242785    -0.013806049322544325    0.0    0.0    89764.1588415653
-0.06524952526843256    -0.003941187728126563    0.0    0.0    89036.48712291107
0.0047647624519758305    -0.017253677464773777    0.0    0.0    88437.98846902802
0.06494420738384211    0.004086307573898619    0.0    0.0    90019.16782661907
-0.07775182973315783    0.03647056535557309    0.0    0.0    88367.53696963434
-0.11970195383388223    0.020623205030030296    0.0    0.0    88624.73689393794
-0.039218622372101504    -0.007252867268890554    0.0    0.0    90330.19134892154
0.15662423000355974    -0.0026243507735425114    0.0    0.0    88975.27338602314
-0.1298603157474447    0.02289168969789448    0.0    0.0    89441.33940598638
0.038223481270940246    0.026332206356222746    0.0    0.0    88467.56870087207
0.0611117423109209    0.0010755557147824485    0.0    0.0    88396.57823215
0.02113932925933061    -0.02634881553918216    0.0    0.0    90107.07003085487
-0.012901214810370897    0.024170911985526927    0.0    0.0    88232.56707836148
-0.03995686383294578    -0.0032561636340569045    0.0    0.0    89510.54024751009
0.17485022251214405    0.006385255829777146    0.0    0.0    88310.82990754928
-0.01579252852414779    -0.012871683135844381    0.0    0.0    89085.38087764486
0.05738369065988577    -0.005148961290201934    0.0    0.0    90162.87122560575
0.04350135937770647    0.015551795302669862    0.0    0.0    89728.95172450019
0.16491443133552078    -0.03219361521872712    0.0    0.0    88460.6546163677
-0.057612505647276546    0.026168819675533733    0.0    0.0    89948.53668261057
0.008207475262021716    0.003003675296503755    0.0    0.0    89716.73589457001
0.017291135754411435    -0.016026050547444687    0.0    0.0    89627.49549876631
0.007198709588301321    0.005770797644372806    0.0    0.0    88188.46076745082
0.10662142268833626    0.015044006265503371    0.0    0.0    88864.38524881206
-0.13014464698206707    0.0038307988752482227    0.0    0.0    89526.31485378627
-0.0006175744060077238    -0.022724428288992873    0.0    0.0    90493.27613019123
0.1297424303958839    -0.000153788764958921    0.0    0.0    88835.26049987243
-0.04909399650890422    0.0018983137011483202    0.0    0.0    89114.40886268685
0.09958802472522453    0.010439067346411533    0.0    0.0    89831.19012386398
-0.02685344380775352    -0.004437514692027253    0.0    0.0    90039.32055295444
-0.1227452687363231    -0.021786392229628568    0.0    0.0    89212.43515995727
-0.1454133787712186    -0.017322917875386784    0.0    0.0    88192.50484057199
0.017405798283781915    0.020499667616878565    0.0    0.0    90119.65088233698
-0.03477176357944665    0.016440453586556627    0.0    0.0    90217.40385686791
-0.07581516196614753    0.014969920837243205    0.0    0.0    89386.78272717271
0.08129974945866109    -0.02546285790107008    0.0    0.0    89322.31542940368
0.11700804205599336    -0.013764776384775758    0.0    0.0    89072.55867713397
-0.06135487518779024    -0.036029301326109986    0.0    0.0    87518.42693823845
0.15364776576581074    0.023187479496181974    0.0    0.0    90494.5034948443
-0.1816334358468018    -0.01596684807553857    0.0    0.0    89849.83862578309
-0.07405488888455719    0.019168963571532468    0.0    0.0    89097.37939125753
-0.00968960832587379    -0.0038604592309035807    0.0    0.0    89338.22552525216
-0.08954326996385713    0.007242180421950117    0.0    0.0    89989.46436925023
0.035229965267302585    0.03719062004004093    0.0    0.0    89642.86690298995
0.03641496445893304    0.020012778665141954    0.0    0.0    88890.69077925356
0.006157818932687532    0.007875992990633456    0.0    0.0    89457.1475591205
-0.042727062918212835    -0.0007696339395663846    0.0    0.0    88060.6464743863
-0.08189171382269539    0.028829721040877332    0.0    0.0    88807.47569500732
-0.13131035231272273    0.019923292971376978    0.0    0.0    89878.74113217022
0.04482618850357033    0.020794137756782873    0.0    0.0    90999.65346970422
0.22645275124138964    0.0021824191711522323    0.0    0.0    89850.90624064459
0.054388255305918225    -0.019775101948120672    0.0    0.0    89019.609226232
0.024659009730339035    0.016386263942251844    0.0    0.0    90039.74531779329
0.08581000725405606    0.002620237474504153    0.0    0.0    90263.6054003077
0.13199463647591558    -0.015491681309642753    0.0    0.0    89274.6128878644
-0.12030843107852407    -0.017520568098927443    0.0    0.0    90341.84642411316
-0.002837727861037222    0.006387742266252161    0.0    0.0    89264.23640105956
-0.040959758149601094    0.02438852948216795    0.0    0.0    89080.5874572298
-0.05882318288099399    -0.0026458267050975906    0.0    0.0    89433.83413850983
0.06460973684166998    -0.016476776418606207    0.0    0.0    90280.48415582081
0.016641831391392036    -0.005219649952256595    0.0    0.0    88228.99682528562
-0.12262326794548409    0.0077199736632380155    0.0    0.0    88067.12340208035
-0.04503386327938787    -0.036102380884166715    0.0    0.0    88754.45709458194
0.11734415369595463    -0.004139750092339226    0.0    0.0    88755.61327794447
0.031132113288649357    -0.003415129592831081    0.0    0.0    89235.36022245532
-0.05894135995275756    0.012844122236355494    0.0    0.0    88465.42577591329
0.0957262767049107    -0.003982175788601269    0.0    0.0    89275.26516949614
-0.07218362274052802    0.014560753752278967    0.0    0.0    88575.42221373072
0.12150819916012118    -0.043438070699240855    0.0    0.0    88970.73151057948
0.180176660000061    0.01131529831420057    0.0    0.0    89822.54169596673
0.019188919897079944    0.0030331014458195374    0.0    0.0    90598.80983818656
-0.006758949650919587    -0.010678796297996798    0.0    0.0    89081.1532180832
-0.08136451265043672    -0.003467882199241963    0.0    0.0    87784.32618805346
0.041111808816128956    -0.004502844062049183    0.0    0.0    88871.34175538375
0.03424277995081556    0.0205361513156249    0.0    0.0    89343.66422158007
-0.0897534560828599    -0.03136353193750676    0.0    0.0    87846.59599580694
-0.021668000475215023    -0.023575456330263846    0.0    0.0    89345.50699752648
-0.0083977843378158    0.020531813026248437    0.0    0.0    89569.264117918
0.04981388992011892    -0.011288052925811913    0.0    0.0    88594.71519508284
-0.053058337070597476    0.025176737520291256    0.0    0.0    89546.83881717025
-0.17317707472181892    -0.04260338657768813    0.0    0.0    89431.93589241772
0.03575591607773389    0.02513408725197929    0.0    0.0    90373.07760709201
0.09211156539877224    0.006279655460702065    0.0    0.0    89088.6677028753
0.02465728129534099    0.007830650245716947    0.0    0.0    88748.48511888752
0.027358919589377848    0.01851380334803564    0.0    0.0    89464.65361837979
-0.03715252104217024    -0.0012498319321994711    0.0    0.0    89537.59012100115
0.0586760847724788    -0.019498487176526753    0.0    0.0    88399.76036344391
0.09028974057198524    -0.0008421351461423331    0.0    0.0    89714.26666379202
0.020836922388846386    -0.019059728648439557    0.0    0.0    89022.35132717055
-0.01763607187020621    -0.00266855298128951    0.0    0.0    87812.96647969277
-0.05238293331644109    -0.037712050804398385    0.0    0.0    88842.53106175785
-0.07307476130100886    -0.00234724300428196    0.0    0.0    88970.79394053419
0.08691169775573991    -0.00475027731578172    0.0    0.0    88406.39400415322
-0.03502801470946801    -0.015730897574507872    0.0    0.0    89426.98101635501
0.02928627149777767    -0.017858397728062376    0.0    0.0    87817.64733130338
0.06744163179915345    0.0044146146293138604    0.0    0.0    89829.16694041985
-0.105017318656692    0.005254768443769491    0.0    0.0    89298.61087966306
0.08939293485066326    -0.004779214963080708    0.0    0.0    88319.0429785503
-0.08040644395910422    -0.019588145681105982    0.0    0.0    88657.3953733105
-0.04539106332669651    0.020663455346487777    0.0    0.0    89516.54974639631
-0.016794349635543417    0.003970455122940087    0.0    0.0    88978.91886434107
-0.05863196626344598    0.012648894850132089    0.0    0.0    89310.4157143757
-0.0133546209134543    0.006735878703616986    0.0    0.0    90317.01145630705
0.015958039665819285    0.026497692500021857    0.0    0.0    89976.29786010685
0.09681887261987283    -0.004160108880149742    0.0    0.0    89562.0074561959
-0.011682476177830588    0.005760101297196174    0.0    0.0    90129.85694472805
0.06182317347791492    -0.006890384545017218    0.0    0.0    88372.76357436356
0.0024054451364989016    0.009800466989906515    0.0    0.0    89531.06355148614
0.12685412382173544    0.04875462133617479    0.0    0.0    89805.48807597838
0.12229004619470546    -0.006020871670641839    0.0    0.0    90143.14924185265
0.01904569706468258    0.009678474333488077    0.0    0.0    88623.08460268771
0.10670320337893097    -0.00259782936428209    0.0    0.0    88404.41629466641
0.013495718417370284    0.037482636040589205    0.0    0.0    89426.00074626044
0.09473682841505801    -0.022829356301405795    0.0    0.0    89356.10408567694
-0.06400802177238712    0.0037008715618633164    0.0    0.0    88960.40188404183
-0.02693653441101708    -0.00405778204588851    0.0    0.0    90172.78176104063
0.00012175679816980417    -0.0265776188694743    0.0    0.0    89188.41499735728
-0.09762937867697064    -0.0022858148414311307    0.0    0.0    89090.63029290499
0.13630973116528497    0.02622555590296684    0.0    0.0    88406.77500960785
-0.08582834828593959    0.003973218717275807    0.0    0.0    89958.75587794653
-0.0923414510768571    0.0005266919509259038    0.0    0.0    90329.38465861183
-0.023667054420645154    -0.029166093042948718    0.0    0.0    89105.79974517356
0.03224917312086859    0.019627045390685154    0.0    0.0    90336.73287581738
-0.030599693200771567    0.0030789472979727305    0.0    0.0    88548.19546452301
-0.028621789941823947    -0.021057908553131995    0.0    0.0    89531.41970442393
0.08403911468106028    -0.01738881656632455    0.0    0.0    88691.2961334996
-0.053756524369193204    0.00356567256776148    0.0    0.0    89076.22837856544
-0.16601794905312528    -0.028684499017983086    0.0    0.0    89015.29646000887
0.08419455556794675    -0.01577791156749578    0.0    0.0    90083.63491773319
-0.0012916072483530785    0.024348566409333482    0.0    0.0    88821.22217276489
-0.11038356806154677    -0.009743213044895312    0.0    0.0    89458.31278060222
-0.1604733297435803    0.0003813747225748838    0.0    0.0    89499.46495062605
0.07577431459841916    -0.0072657399730000575    0.0    0.0    88583.67229254072
-0.12110295124442819    -0.007634011631325217    0.0    0.0    88740.23179292482
-0.15066329828433322    0.016938894354760564    0.0    0.0    88989.80445021948
0.16520437766946772    -0.03524790683150643    0.0    0.0    89496.29943678612
-0.1858071462732414    0.0001730891699329886    0.0    0.0    87917.30175223602
-0.0314542138123319    -0.018709354629621602    0.0    0.0    90623.91123643046
-0.06373049999378753    0.026718371505453357    0.0    0.0    89898.68412244377
-0.08609992673222697    0.0002227165625516196    0.0    0.0    88163.97467566369
0.03387985352062244    -0.036512438217471306    0.0    0.0    88884.3752337377
0.0012982624605832977    0.01197400980710171    0.0    0.0    89322.18764085628
0.09083104701559731    0.0033785406094819816    0.0    0.0    90940.13020222024
0.023941206188869565    -0.0056336596439998535    0.0    0.0    89269.07460052476
-0.017549392405336907    -0.012888293646458644    0.0    0.0    89793.63883451799
0.024536508071310234    0.0032877077009187327    0.0    0.0    88134.93516936796
-0.21435831277028333    -0.04860456791497704    0.0    0.0    88085.70464703723
-0.11222975827829916    -0.025930138091905586    0.0    0.0    88748.1336429892
0.044972885448688826    -3.5135009289726325e-05    0.0    0.0    88721.58137954332
-0.07644890459051587    0.007529979322776007    0.0    0.0    89317.10816623623
0.15646933178983308    -0.01716362321385571    0.0    0.0    88317.04578210141
0.11237301709036232    0.01256679573676344    0.0    0.0    88119.17233203296
-0.08586177149599732    -0.0028733892484076517    0.0    0.0    88661.35944144047
-0.015118021636393489    0.023583479656302534    0.0    0.0    88567.85028238717
-0.11089084499832245    -0.005679719191162943    0.0    0.0    88600.58053133135
0.15486357477126292    -0.0007179119061261116    0.0    0.0    89611.73038140222
-0.14148087947017166    -0.013880863851750228    0.0    0.0    88519.89943999329
0.31414577830881774    0.02213300745857183    0.0    0.0    88349.84491880183
-0.03248434981220846    -0.024709825378918505    0.0    0.0    88912.57932284015
0.02459215945509266    -0.0029961596736359777    0.0    0.0    90403.04728999417
-0.19545642940106808    -0.02278597974635629    0.0    0.0    87989.03031788243
-0.04759840090993099    0.0226330638278452    0.0    0.0    90253.72242664422
-0.0013078232112983081    -0.031119068732581585    0.0    0.0    89249.69854924126
0.018625203032929524    -0.022317302417646578    0.0    0.0    87624.52301484159
-0.19749323971637267    0.016520905769554017    0.0    0.0    90034.13480004153
-0.0616069648150407    -0.007643221710951736    0.0    0.0    88382.60565994318
-0.20359096954289516    0.02335639383156128    0.0    0.0    88051.78068108462
0.024242400948928874    0.060938026752208864    0.0    0.0    89820.10477252274
0.17605147219062503    -0.011622860089556795    0.0    0.0    88457.39325493248
0.0984595096120738    -0.025013683988725867    0.0    0.0    90587.81451696731
-0.018555127912453007    -5.1415735472785926e-05    0.0    0.0    89139.27645042806
0.06747234745217169    -0.004946517847144874    0.0    0.0    90189.3116179677
0.09193316087079917    -0.03268864238601198    0.0    0.0    90293.06233550777
0.02517387041637524    0.0038586497847967922    0.0    0.0    89136.2511526818
-0.1398339567912643    0.008010175973073184    0.0    0.0    89828.39596310475
0.06257781907631407    0.02114724248253995    0.0    0.0    89922.46976689372
0.1354995165589414    0.0010860749029416802    0.0    0.0    89876.73540414489
0.029054112376399596    0.04515661268774401    0.0    0.0    88730.17176158295
0.055829366552759364    0.024662460987378964    0.0    0.0    90372.26290420769
-0.09130804685181108    -0.015003027511713932    0.0    0.0    88637.75484929375
0.00708399987521929    -0.02229852285482573    0.0    0.0    90385.67458648465
-0.08465372578853138    0.006529729480805767    0.0    0.0    89702.22341933551
-0.08458518198938819    0.0318156103140845    0.0    0.0    89091.99331518733
0.05718106136635507    0.0016314177254435059    0.0    0.0    90666.80638969375
-0.07356702061065332    0.014643652913325898    0.0    0.0    89665.7972626393
0.128682302385361    -0.03327455877226982    0.0    0.0    89616.36246954369
0.005641503771215024    0.013428845697984018    0.0    0.0    89001.44163159815
0.04257434588891268    -0.01529576807462904    0.0    0.0    88568.94088599052
-0.05696876762434725    -0.009689007182962676    0.0    0.0    89082.9060526581
-0.11987185459449773    -0.02136879304952918    0.0    0.0    86626.70248380155
0.09432475034544648    0.00030580041805469314    0.0    0.0    87862.36332228877
-0.03070835131339793    -0.006892526557691989    0.0    0.0    88774.05971139544
-0.06177969480079723    0.030003987758850378    0.0    0.0    89196.71609427789
0.06540848796073982    -0.004627866394503979    0.0    0.0    89381.85599603764
-0.030435623115350804    0.005408451718161226    0.0    0.0    90315.21493157934
-0.12093244221639671    0.007394595758799799    0.0    0.0    90445.91760870283
-0.11950299847145014    -0.008357901352976786    0.0    0.0    88381.43558541132
0.004774911924667475    -0.010829439727492752    0.0    0.0    91183.664851908
-0.09343183030681487    -0.0037827542925823127    0.0    0.0    89427.36180973255
0.21416589382241993    -0.009966355118510113    0.0    0.0    89681.995410905
-0.11829032491953254    0.0116885007724659    0.0    0.0    89909.67552997482
0.1117221224236958    0.010140605102392375    0.0    0.0    90445.48880978984
-0.0638759235868534    0.004252463238514538    0.0    0.0    89685.54233900442
0.04314060376438297    0.011518212304158946    0.0    0.0    89347.6784867989
0.07287735801966158    -0.00027912313450128147    0.0    0.0    90285.57513120257
0.06212513746082431    -0.0017419187410723756    0.0    0.0    90587.91970998913
-0.03776689611388752    0.01160793706154299    0.0    0.0    88970.81099081026
0.2112545036899509    -0.004567961340397125    0.0    0.0    88150.19163819698
0.02328789235100498    0.009241008776166256    0.0    0.0    89194.75124342777
0.005283199865887978    0.01893859921582801    0.0    0.0    89931.18095819508
-0.021353640507569095    0.002525119240687472    0.0    0.0    88862.70694734139
0.25533542822578154    -0.0262225220393086    0.0    0.0    89556.00034917562
-0.22145569030949874    0.030040248676108515    0.0    0.0    88889.4284965717
0.049249522374865864    0.031648244925191436    0.0    0.0    89655.19623320899
-0.048705477239629466    -0.007295355100692615    0.0    0.0    89076.6749819017
0.12550658108426024    0.02074029223346772    0.0    0.0    87858.99393050552
0.034716911771076754    0.02158327908619408    0.0    0.0    90197.38454165812
0.09628183340697105    0.007020364117566252    0.0    0.0    90463.94975690043
-0.033112861261334156    -0.001764040096778417    0.0    0.0    88646.87680003712
-0.12501078279237432    0.032858072976317904    0.0    0.0    88723.61668568903
0.05935981645793364    0.011942678465657311    0.0    0.0    88115.01619929663
0.10549661177462846    -0.040482789887462935    0.0    0.0    88083.07140462215
-0.06003269038439312    0.010491839599858617    0.0    0.0    90555.48425430726
0.009242475976859737    -0.016979227494452902    0.0    0.0    89451.53235015161
0.01434891973849862    0.015691275568454118    0.0    0.0    88681.23732255852
-0.0685562313538885    -0.04602616206081655    0.0    0.0    87901.3456635389
-0.0467148511093082    -0.004775065722432671    0.0    0.0    89798.28867079585
0.0026090054864244612    0.011925018742017212    0.0    0.0    89132.12989186785
0.3719471496195477    -0.02510673067904179    0.0    0.0    88903.29269293869
-0.0844524304363462    0.006470092856825927    0.0    0.0    89381.02174271212
0.033386589373434215    0.02170364941758391    0.0    0.0    89196.37941100467
-0.22492638091570544    0.044563634383019884    0.0    0.0    88980.44796821136
0.022425728640284463    0.053261290738440055    0.0    0.0    88391.24208311585
-0.04484398880852719    -0.013413050745588257    0.0    0.0    88394.20067506233
0.06220406592298398    -0.00627006420614498    0.0    0.0    89763.29291757732
-0.05040102552792547    -0.0248771465452816    0.0    0.0    89199.82963284683
-0.20425443140957456    0.009883281277681868    0.0    0.0    89917.49293861055
0.233952874091531    -0.018629713112816092    0.0    0.0    88518.399724379
0.04486742587130393    -0.03948485621146552    0.0    0.0    87987.58833844577
-0.08541724169064328    0.01872428000567643    0.0    0.0    89707.65653718526
0.16907739020893875    -0.009552579915808409    0.0    0.0    89706.3914734339
-0.0319979481113883    -0.02746039022466307    0.0    0.0    88933.38480021218
0.09674572009373175    -0.03355717613729069    0.0    0.0    89637.75200414697
0.1162470798490394    0.01151875017300204    0.0    0.0    88231.99503819131
0.06342785997525159    -0.004962567737232561    0.0    0.0    90365.64380371488
0.013935018049721441    -0.01820826486589376    0.0    0.0    89619.79411341531
0.11927378854463602    0.00370148703737056    0.0    0.0    88193.69839246334
-0.07298855767752345    -0.0018115441323540953    0.0    0.0    89339.50307531624
0.0022571148770994436    0.005384611694539145    0.0    0.0    90874.76201032857
0.262403262269927    -0.030150440026762457    0.0    0.0    88361.3400989512
