|                           Parameters |                       0 |   1 |                       2 |                       3 |                       4 |                       5 |                     6 |                     7 |   8 |                     9 |  10 |  11 |  12 |  13 |
|           Crablog.spectral.amplitude |    3.28164253124207e-23 | 0.0 | -3.2332552637215414e-12 |   1.076599505735216e-12 | -1.4560405013660994e-15 |   3.661833063159944e-16 |                   0.0 |                   0.0 | 0.0 |                   0.0 | 0.0 | 0.0 | 0.0 | 0.0 |
|           Crablog.spectral.reference |                     0.0 | 0.0 |                     0.0 |                     0.0 |                     0.0 |                     0.0 |                   0.0 |                   0.0 | 0.0 |                   0.0 | 0.0 | 0.0 | 0.0 | 0.0 |
|               Crablog.spectral.alpha | -3.2332552637215414e-12 | 0.0 |     0.33153816661964236 |    -0.10801364832665195 |  0.00014808974771092978 | -3.7203181644255744e-05 |                   0.0 |                   0.0 | 0.0 |                   0.0 | 0.0 | 0.0 | 0.0 | 0.0 |
|                Crablog.spectral.beta |   1.076599505735216e-12 | 0.0 |    -0.10801364832665195 |     0.03650803160733207 | -4.8145157142531633e-05 |  1.2104031840669332e-05 |                   0.0 |                   0.0 | 0.0 |                   0.0 | 0.0 | 0.0 | 0.0 | 0.0 |
|                Crablog.spatial.lon_0 | -1.4560405013660994e-15 | 0.0 |  0.00014808974771092978 | -4.8145157142531633e-05 |   2.467745422887896e-06 | -1.6893944174054723e-08 |                   0.0 |                   0.0 | 0.0 |                   0.0 | 0.0 | 0.0 | 0.0 | 0.0 |
|                Crablog.spatial.lat_0 |   3.661833063159944e-16 | 0.0 | -3.7203181644255744e-05 |  1.2104031840669332e-05 | -1.6893944174054723e-08 |  1.8036006593864829e-06 |                   0.0 |                   0.0 | 0.0 |                   0.0 | 0.0 | 0.0 | 0.0 | 0.0 |
|           fGfTc2j--bkg.spectral.norm |                     0.0 | 0.0 |                     0.0 |                     0.0 |                     0.0 |                     0.0 |  5.14036115333727e-05 | 4.252883264250887e-06 | 0.0 |                   0.0 | 0.0 | 0.0 | 0.0 | 0.0 |
|           fGfTc2j--bkg.spectral.tilt |                     0.0 | 0.0 |                     0.0 |                     0.0 |                     0.0 |                     0.0 | 4.252883264250887e-06 | 5.978341150288864e-05 | 0.0 |                   0.0 | 0.0 | 0.0 | 0.0 | 0.0 |
|      fGfTc2j--bkg.spectral.reference |                     0.0 | 0.0 |                     0.0 |                     0.0 |                     0.0 |                     0.0 |                   0.0 |                   0.0 | 0.0 |                   0.0 | 0.0 | 0.0 | 0.0 | 0.0 |
|       fGfTc2j--irf.e_reco_model.bias |                     0.0 | 0.0 |                     0.0 |                     0.0 |                     0.0 |                     0.0 |                   0.0 |                   0.0 | 0.0 | 0.0001326528421592412 | 0.0 | 0.0 | 0.0 | 0.0 |
| fGfTc2j--irf.e_reco_model.resolution |                     0.0 | 0.0 |                     0.0 |                     0.0 |                     0.0 |                     0.0 |                   0.0 |                   0.0 | 0.0 |                   0.0 | 0.0 | 0.0 | 0.0 | 0.0 |
|           fGfTc2j--irf.spectral.norm |                     0.0 | 0.0 |                     0.0 |                     0.0 |                     0.0 |                     0.0 |                   0.0 |                   0.0 | 0.0 |                   0.0 | 0.0 | 0.0 | 0.0 | 0.0 |
|           fGfTc2j--irf.spectral.tilt |                     0.0 | 0.0 |                     0.0 |                     0.0 |                     0.0 |                     0.0 |                   0.0 |                   0.0 | 0.0 |                   0.0 | 0.0 | 0.0 | 0.0 | 0.0 |
|      fGfTc2j--irf.spectral.reference |                     0.0 | 0.0 |                     0.0 |                     0.0 |                     0.0 |                     0.0 |                   0.0 |                   0.0 | 0.0 |                   0.0 | 0.0 | 0.0 | 0.0 | 0.0 |
