|                           Parameters |                       0 |   1 |                      2 |                      3 |                       4 |                      5 |                     6 |                     7 |   8 |                     9 |  10 |  11 |  12 |  13 |
|           Crablog.spectral.amplitude |   7.121014093094635e-23 | 0.0 | -6.993910364824812e-12 |  2.332728938809953e-12 | -3.1762218623221433e-15 |  8.023010375355689e-16 |                   0.0 |                   0.0 | 0.0 |                   0.0 | 0.0 | 0.0 | 0.0 | 0.0 |
|           Crablog.spectral.reference |                     0.0 | 0.0 |                    0.0 |                    0.0 |                     0.0 |                    0.0 |                   0.0 |                   0.0 | 0.0 |                   0.0 | 0.0 | 0.0 | 0.0 | 0.0 |
|               Crablog.spectral.alpha |  -6.993910364824812e-12 | 0.0 |     0.7148068118154817 |    -0.2332714566333819 |  0.00032199492895329757 |  -8.12492311215936e-05 |                   0.0 |                   0.0 | 0.0 |                   0.0 | 0.0 | 0.0 | 0.0 | 0.0 |
|                Crablog.spectral.beta |   2.332728938809953e-12 | 0.0 |    -0.2332714566333819 |    0.07897660510598867 |  -0.0001048597556362666 | 2.6478821168187027e-05 |                   0.0 |                   0.0 | 0.0 |                   0.0 | 0.0 | 0.0 | 0.0 | 0.0 |
|                Crablog.spatial.lon_0 | -3.1762218623221433e-15 | 0.0 | 0.00032199492895329757 | -0.0001048597556362666 |   5.331284897592053e-06 | -3.718859843498043e-08 |                   0.0 |                   0.0 | 0.0 |                   0.0 | 0.0 | 0.0 | 0.0 | 0.0 |
|                Crablog.spatial.lat_0 |   8.023010375355689e-16 | 0.0 |  -8.12492311215936e-05 | 2.6478821168187027e-05 |  -3.718859843498043e-08 |  3.895107633525666e-06 |                   0.0 |                   0.0 | 0.0 |                   0.0 | 0.0 | 0.0 | 0.0 | 0.0 |
|           yTcixtnh-bkg.spectral.norm |                     0.0 | 0.0 |                    0.0 |                    0.0 |                     0.0 |                    0.0 | 0.0001110147500365965 | 9.185533762195693e-06 | 0.0 |                   0.0 | 0.0 | 0.0 | 0.0 | 0.0 |
|           yTcixtnh-bkg.spectral.tilt |                     0.0 | 0.0 |                    0.0 |                    0.0 |                     0.0 |                    0.0 | 9.185533762195693e-06 |  0.000129078171905411 | 0.0 |                   0.0 | 0.0 | 0.0 | 0.0 | 0.0 |
|      yTcixtnh-bkg.spectral.reference |                     0.0 | 0.0 |                    0.0 |                    0.0 |                     0.0 |                    0.0 |                   0.0 |                   0.0 | 0.0 |                   0.0 | 0.0 | 0.0 | 0.0 | 0.0 |
|       yTcixtnh-irf.e_reco_model.bias |                     0.0 | 0.0 |                    0.0 |                    0.0 |                     0.0 |                    0.0 |                   0.0 |                   0.0 | 0.0 | 0.0003321352776636617 | 0.0 | 0.0 | 0.0 | 0.0 |
| yTcixtnh-irf.e_reco_model.resolution |                     0.0 | 0.0 |                    0.0 |                    0.0 |                     0.0 |                    0.0 |                   0.0 |                   0.0 | 0.0 |                   0.0 | 0.0 | 0.0 | 0.0 | 0.0 |
|           yTcixtnh-irf.spectral.norm |                     0.0 | 0.0 |                    0.0 |                    0.0 |                     0.0 |                    0.0 |                   0.0 |                   0.0 | 0.0 |                   0.0 | 0.0 | 0.0 | 0.0 | 0.0 |
|           yTcixtnh-irf.spectral.tilt |                     0.0 | 0.0 |                    0.0 |                    0.0 |                     0.0 |                    0.0 |                   0.0 |                   0.0 | 0.0 |                   0.0 | 0.0 | 0.0 | 0.0 | 0.0 |
|      yTcixtnh-irf.spectral.reference |                     0.0 | 0.0 |                    0.0 |                    0.0 |                     0.0 |                    0.0 |                   0.0 |                   0.0 | 0.0 |                   0.0 | 0.0 | 0.0 | 0.0 | 0.0 |
