|                           Parameters |                      0 |   1 |                      2 |                      3 |                      4 |                      5 |                     6 |                      7 |   8 |                     9 |  10 |  11 |  12 |  13 |
|           Crablog.spectral.amplitude | 1.5038117070870832e-24 | 0.0 | -1.488145567828536e-13 | 4.9905968386878977e-14 |  -6.37035178124979e-17 |  1.990869601041848e-17 |                   0.0 |                    0.0 | 0.0 |                   0.0 | 0.0 | 0.0 | 0.0 | 0.0 |
|           Crablog.spectral.reference |                    0.0 | 0.0 |                    0.0 |                    0.0 |                    0.0 |                    0.0 |                   0.0 |                    0.0 | 0.0 |                   0.0 | 0.0 | 0.0 | 0.0 | 0.0 |
|               Crablog.spectral.alpha | -1.488145567828536e-13 | 0.0 |   0.015327978747925908 |  -0.005030890417450706 |  6.507204094724029e-06 | -2.033269504545284e-06 |                   0.0 |                    0.0 | 0.0 |                   0.0 | 0.0 | 0.0 | 0.0 | 0.0 |
|                Crablog.spectral.beta | 4.9905968386878977e-14 | 0.0 |  -0.005030890417450706 |  0.0017117604721784022 | -2.131251235347038e-06 |  6.663618781073849e-07 |                   0.0 |                    0.0 | 0.0 |                   0.0 | 0.0 | 0.0 | 0.0 | 0.0 |
|                Crablog.spatial.lon_0 |  -6.37035178124979e-17 | 0.0 |  6.507204094724029e-06 | -2.131251235347038e-06 | 1.1347902234000548e-07 | -8.839526184077066e-10 |                   0.0 |                    0.0 | 0.0 |                   0.0 | 0.0 | 0.0 | 0.0 | 0.0 |
|                Crablog.spatial.lat_0 |  1.990869601041848e-17 | 0.0 | -2.033269504545284e-06 |  6.663618781073849e-07 | -8.839526184077066e-10 |  8.322699377962936e-08 |                   0.0 |                    0.0 | 0.0 |                   0.0 | 0.0 | 0.0 | 0.0 | 0.0 |
|           nHIS20gl-bkg.spectral.norm |                    0.0 | 0.0 |                    0.0 |                    0.0 |                    0.0 |                    0.0 |  2.36900170537796e-06 |  1.959893285389676e-07 | 0.0 |                   0.0 | 0.0 | 0.0 | 0.0 | 0.0 |
|           nHIS20gl-bkg.spectral.tilt |                    0.0 | 0.0 |                    0.0 |                    0.0 |                    0.0 |                    0.0 | 1.959893285389676e-07 | 2.7573575246052924e-06 | 0.0 |                   0.0 | 0.0 | 0.0 | 0.0 | 0.0 |
|      nHIS20gl-bkg.spectral.reference |                    0.0 | 0.0 |                    0.0 |                    0.0 |                    0.0 |                    0.0 |                   0.0 |                    0.0 | 0.0 |                   0.0 | 0.0 | 0.0 | 0.0 | 0.0 |
|       nHIS20gl-irf.e_reco_model.bias |                    0.0 | 0.0 |                    0.0 |                    0.0 |                    0.0 |                    0.0 |                   0.0 |                    0.0 | 0.0 | 6.616691653306721e-08 | 0.0 | 0.0 | 0.0 | 0.0 |
| nHIS20gl-irf.e_reco_model.resolution |                    0.0 | 0.0 |                    0.0 |                    0.0 |                    0.0 |                    0.0 |                   0.0 |                    0.0 | 0.0 |                   0.0 | 0.0 | 0.0 | 0.0 | 0.0 |
|           nHIS20gl-irf.spectral.norm |                    0.0 | 0.0 |                    0.0 |                    0.0 |                    0.0 |                    0.0 |                   0.0 |                    0.0 | 0.0 |                   0.0 | 0.0 | 0.0 | 0.0 | 0.0 |
|           nHIS20gl-irf.spectral.tilt |                    0.0 | 0.0 |                    0.0 |                    0.0 |                    0.0 |                    0.0 |                   0.0 |                    0.0 | 0.0 |                   0.0 | 0.0 | 0.0 | 0.0 | 0.0 |
|      nHIS20gl-irf.spectral.reference |                    0.0 | 0.0 |                    0.0 |                    0.0 |                    0.0 |                    0.0 |                   0.0 |                    0.0 | 0.0 |                   0.0 | 0.0 | 0.0 | 0.0 | 0.0 |
