|                      Parameters |                      0 |   1 |                      2 |                      3 |                      4 |                      5 |                      6 |                      7 |   8 |
|      Crablog.spectral.amplitude |  7.225351647863176e-26 | 0.0 |  -7.67813205605732e-16 | 1.5418196334229556e-15 | -6.190579152959037e-19 | 1.3634338496516112e-19 |                    0.0 |                    0.0 | 0.0 |
|      Crablog.spectral.reference |                    0.0 | 0.0 |                    0.0 |                    0.0 |                    0.0 |                    0.0 |                    0.0 |                    0.0 | 0.0 |
|          Crablog.spectral.alpha |  -7.67813205605732e-16 | 0.0 |  8.363029802879995e-05 | -3.292916479592092e-05 | 1.3451303638988285e-08 |  6.853994959552785e-09 |                    0.0 |                    0.0 | 0.0 |
|           Crablog.spectral.beta | 1.5418196334229556e-15 | 0.0 | -3.292916479592092e-05 |  7.949981197813259e-05 |  8.256827584381644e-09 |  6.296945169995346e-09 |                    0.0 |                    0.0 | 0.0 |
|           Crablog.spatial.lon_0 | -6.190579152959037e-19 | 0.0 | 1.3451303638988285e-08 |  8.256827584381644e-09 | 1.1584901222520636e-07 | 2.0128234448321155e-10 |                    0.0 |                    0.0 | 0.0 |
|           Crablog.spatial.lat_0 | 1.3634338496516112e-19 | 0.0 |  6.853994959552785e-09 |  6.296945169995346e-09 | 2.0128234448321155e-10 |  8.664491663934323e-08 |                    0.0 |                    0.0 | 0.0 |
|      0bohMRam-bkg.spectral.norm |                    0.0 | 0.0 |                    0.0 |                    0.0 |                    0.0 |                    0.0 | 2.4848933740456873e-06 | 2.0144850459005275e-07 | 0.0 |
|      0bohMRam-bkg.spectral.tilt |                    0.0 | 0.0 |                    0.0 |                    0.0 |                    0.0 |                    0.0 | 2.0144850459005275e-07 | 2.8861636485253356e-06 | 0.0 |
| 0bohMRam-bkg.spectral.reference |                    0.0 | 0.0 |                    0.0 |                    0.0 |                    0.0 |                    0.0 |                    0.0 |                    0.0 | 0.0 |
