3.771697077164811e-11   1.7744555121524609e-12   2.550712062809164   0.06156009349522531   0.20146161229389628   0.05667557375310876   1.0060652902763991   0.01077129043839982   -0.002262646722954201   0.011528130269966434   1.0060652902763991   0.01077129043839982   -0.002262646722954201   0.011528130269966434   -0.0016127446225873148   0.10039649169517836   0.0   0.0   2.154434690031884  
6.202694289325578e-11   3.2660487419302224e-11   2.4093051497293896   0.673943038928961   0.20301141524745903   0.575884869169543   0.8017831170283874   0.14205027129310988   0.12648784363812116   0.2026291078772028   0.8017831170283874   0.14205027129310988   0.12648784363812116   0.2026291078772028   0.0006420495239885394   0.10230258258494616   0.0   0.0   0.01  
1.8375493110037127e-11   1.2867642729334693e-11   3.273798426075669   0.8502453899064798   -6.351304656049156e-05   0.3999220430860654   0.9498566738807084   0.10268028429393501   0.09878062565870936   0.11479651548519453   0.9498566738807084   0.10268028429393501   0.09878062565870936   0.11479651548519453   -0.08023084742899392   0.00019333713957898823   0.0   0.0   0.021544346900318832  
3.440193300510971e-11   9.89795104637929e-12   2.584927341764652   0.3537848426055338   -0.0690504931492344   0.18388226088081472   1.1216316689153558   0.07745606910520518   0.04786123757204264   0.07636928449889142   1.1216316689153558   0.07745606910520518   0.04786123757204264   0.07636928449889142   0.01365206980903216   0.0005997252186675598   0.0   0.0   0.046415888336127774  
3.456895267151581e-11   7.472402947139043e-12   2.7266746198052654   0.25803413326365515   0.01614867314742415   0.18580013233377357   0.9248259811346055   0.04781469495714955   0.0050732907524517765   0.055437667313616185   0.9248259811346055   0.04781469495714955   0.0050732907524517765   0.055437667313616185   0.026691430082887952   0.0017465594819218472   0.0   0.0   0.1  
3.707404042039528e-11   5.500562948166284e-12   2.600899367559792   0.1871519311424333   0.14803823591846266   0.1693657023805177   0.9815651488446355   0.03451964234716262   -0.03163119182589091   0.036938839872883066   0.9815651488446355   0.03451964234716262   -0.03163119182589091   0.036938839872883066   0.00011618607335797016   0.0002878300399672911   0.0   0.0   0.21544346900318834  
3.896802007644984e-11   5.37465216424254e-12   2.4640880673667076   0.25048807691739683   0.3172566557735367   0.2193248855562268   1.02556998871413   0.0234466291261755   3.175461976974458e-05   0.024699622854239076   1.02556998871413   0.0234466291261755   3.175461976974458e-05   0.024699622854239076   -0.04005142829636177   0.0016809594602121864   0.0   0.0   0.46415888336127775  
4.15640105287324e-11   3.17178525828141e-12   2.3283822460810457   0.15718365344515725   0.40004054069977396   0.1230593536666155   1.008203384351603   0.015813788351985422   0.008996106195717663   0.016998265027996323   1.008203384351603   0.015813788351985422   0.008996106195717663   0.016998265027996323   -0.04146005288399667   0.008018619485116073   0.0   0.0   1.0  
3.517394465297413e-11   1.6826946058942176e-12   2.4767493501125424   0.06327527903987101   0.17716401777649482   0.054521525454089614   1.0033027285542413   0.01076079155827862   -0.008012791370493561   0.01150575671403326   1.0033027285542413   0.01076079155827862   -0.008012791370493561   0.01150575671403326   0.001522504241319182   0.0051950533517536035   0.0   0.0   2.154434690031884  
3.705277364927238e-11   3.2671511379060416e-12   2.5458311373605094   0.5332595416735183   0.1994247592553197   0.08484199592656898   0.9938323387616986   0.005950392429048978   0.005556253096473059   0.006851031610258977   0.9938323387616986   0.005950392429048978   0.005556253096473059   0.006851031610258977   -0.0010234300163229867   0.10091492562166199   0.0   0.0   4.641588833612778  
3.865292842726407e-11   8.564090489547453e-13   2.528136364263299   0.029058327068308097   0.24086641654027652   0.028742697804489004   0.9921128686223271   0.004965905356427896   0.007554160461009028   0.005418721962619706   0.9921128686223271   0.004965905356427896   0.007554160461009028   0.005418721962619706   -0.0003460656468924403   0.10024024931869957   0.0   0.0   10.0  
3.864932376564267e-11   5.865076742042406e-13   2.541245734684644   0.01971723127691348   0.24865496250705166   0.019911788836368793   0.994148640413976   0.0033870193631510745   -0.004484941053564238   0.003661633853261608   0.994148640413976   0.0033870193631510745   -0.004484941053564238   0.003661633853261608   0.0062188677430862075   0.1000046143629589   0.0   0.0   21.544346900318832  
3.8641986160757716e-11   1.000369791554317e-11   2.4985653971127766   1.0000582982845063   0.2666376217194053   0.10042692769296464   1.001422517713406   1.0000031776183456   0.0002893170653990962   1.0000034124732515   1.001422517713406   1.0000031776183456   0.0002893170653990962   1.0000034124732515   -0.0006637064897637786   1.0000009999995   0.0   0.0   46.41588833612777  
3.859251588539335e-11   2.6872647701901584e-13   2.491466825023875   0.009260509762953433   0.24592726847824978   0.008963892115683568   1.000695269900871   0.0015768572181990726   0.002005973619044035   0.0017003551841458806   1.000695269900871   0.0015768572181990726   0.002005973619044035   0.0017003551841458806   -0.0019750461375595547   0.10000098171440493   0.0   0.0   100.0  
