3.7537219458703474e-11   1.7672959703686845e-12   2.5634027671074655   0.06100092071835631   0.1964747200055159   0.05618796171112769   1.0060266595485499   0.01077048316878354   -0.00229116759066176   0.011528139912468769   2.154434690031884  
6.205900556466707e-11   3.249704577755596e-11   2.389135748878459   0.6754718207972553   0.20908517304831756   0.5731838719087676   0.8016935631702364   0.14183852064346664   0.126020334352496   0.20250597252337926   0.01  
1.4970911640906757e-11   1.1990737490725221e-11   3.4510692663960403   0.7761061090105393   -0.11297153768660491   0.6571507065794449   0.9515774402763642   0.11626577736648748   0.09774313837257424   0.13604492220379796   0.021544346900318832  
3.484258851022096e-11   9.903600554313526e-12   2.534615969428571   0.3530062286687942   -0.05162181312516861   0.18436227274510403   1.1218413888211458   0.07743817439245396   0.04777929107086546   0.07637755720455217   0.046415888336127774  
3.560194032776542e-11   7.568403186940292e-12   2.636327481988478   0.26137604519939595   0.04953366991524614   0.19179734637174944   0.9249548881956333   0.048028168601274714   0.004931510733343109   0.05603170862038636   0.1  
3.724533043023311e-11   5.406520520223013e-12   2.5807621413655695   0.18618604734521965   0.15587231772044496   0.16146626596994584   0.9813762116662622   0.03369641075503972   -0.03182940023487456   0.036284852888550115   0.21544346900318834  
3.7190694523676914e-11   4.176729829298938e-12   2.571091195772712   0.13702162995492057   0.2518126533621314   0.1643901681456968   1.0255987137216485   0.023443345750512105   0.00039258115215181494   0.0246882069983572   0.46415888336127775  
4.0117517623999115e-11   2.807700635245078e-12   2.44701199180259   0.09480025628140734   0.34187843881584334   0.1018525439490994   1.0082529536077232   0.015812278069455322   0.009120501660827781   0.0169996537749101   1.0  
3.531631582681445e-11   1.683092988353088e-12   2.4587197006123427   0.06326629671882432   0.18339412530002136   0.054382365695687794   1.0033229149277938   0.01076133960227175   -0.008013474079855105   0.011505682011549983   2.154434690031884  
3.688728205600018e-11   1.2045459251278095e-12   2.557832041696983   0.04201222052751261   0.19479270650168276   0.039528400155153014   0.9938391732838496   0.007295288465894362   0.0055495324641051036   0.007939019712497289   4.641588833612778  
3.8490814717766446e-11   8.532530613385693e-13   2.540731499928211   0.0287924778871802   0.2361750107113096   0.02851873651683417   0.9921173606344631   0.004965930155701725   0.007593610207026224   0.0054188420467693454   10.0  
3.883479981178715e-11   5.866270999624984e-13   2.522353150995762   0.019705307917418417   0.2552812174944375   0.019840710721190737   0.9941227874660794   0.0033870932623327947   -0.004499401857007104   0.0036616557832072154   21.544346900318832  
3.8474273866319635e-11   3.990338901608213e-13   2.511856189698258   0.01357693433142767   0.26116529930006493   0.013771364903601306   1.0014215307963734   0.0023152510708027586   0.00029873830514102155   0.002492424696692884   46.41588833612777  
3.842577114149322e-11   2.676517248096142e-13   2.5046393925375687   0.009168374078353374   0.24054678249331463   0.00888086926767619   1.0006888402951952   0.0015768496594409506   0.0020129531209023316   0.0017003780087028258   100.0  
