4.0677913475647357e-10  2.1445975225721203e-10  1.0944487741561852e-10  5.406392672515331e-11  2.585129120927308e-11  1.1965184549212313e-11  5.3606699679763274e-12  2.3247767145590188e-12  9.759013772974143e-13  3.9654558806340965e-13  1.5597062812764833e-13  5.938202827677447e-14  2.1884152938542905e-14  7.806690509370842e-15  2.6956697868406037e-15  9.010085811554036e-16  2.9151014318550825e-16  9.129372376299682e-17  2.767519440555167e-17  8.12087725371392e-18  
5.570597319532953e-10  3.1073806712946876e-10  1.6743346560905661e-10  8.714554404297909e-11  4.381302273262542e-11  2.1277292344291038e-11  9.98124272495564e-12  4.5228062701909735e-12  1.9796411222251888e-12  8.369895969454286e-13  3.418288909962634e-13  1.3485050722329047e-13  5.138679305169795e-14  1.891496570574778e-14  6.725347259298435e-15  2.3098244906333166e-15  7.6629918238985e-16  2.4556861170810323e-16  7.601555317119733e-17  2.272935846221336e-17  
5.43101377256501e-10  1.9015615141158974e-10  6.783733989847615e-11  2.4657906175525388e-11  9.132139508603002e-12  3.446020325677248e-12  1.3249274183756566e-12  5.190333883641928e-13  2.0717028335908897e-13  8.425362194680181e-14  3.491231559978886e-14  1.4740006859385494e-14  6.3408236084501476e-15  2.7792180001988984e-15  1.241162116823761e-15  5.647592652332731e-16  2.6183468294387843e-16  1.2368582706640332e-16  5.953079156792044e-17  2.919391456448353e-17  
4.717980459548058e-10  2.217102019409218e-10  1.0508233275664413e-10  5.023289651458789e-11  2.4219279818064703e-11  1.1777380781894915e-11  5.776312712744062e-12  2.8573744995985175e-12  1.4256014242634669e-12  7.173705844775494e-13  3.64085595190564e-13  1.8637082033452165e-13  9.622032622141204e-14  5.010374878501177e-14  2.6314074834380747e-14  1.3938642446757944e-14  7.446759670557214e-15  4.012626033232122e-15  2.180743179641469e-15  1.195349343450482e-15  
4.81987757936813e-10  2.313064666911947e-10  1.1009695495591605e-10  5.197549167063934e-11  2.433647487057491e-11  1.130192710186517e-11  5.20574748975002e-12  2.3782059478685655e-12  1.0775851292219705e-12  4.842721388137652e-13  2.1585551258649085e-13  9.542728559572104e-14  4.18425133026423e-14  1.8196954999110064e-14  7.84902017195195e-15  3.3579013671577982e-15  1.424807496037211e-15  5.996256652275463e-16  2.502879845677912e-16  1.0361808340961661e-16  
4.2801381795601914e-10  2.2004437281050691e-10  1.1024193534726986e-10  5.3822947344821453e-11  2.560779641018733e-11  1.1873015256378978e-11  5.364557794582799e-12  2.3620599515488857e-12  1.0135192206758522e-12  4.237962868649867e-13  1.7268968229195913e-13  6.857403723027572e-14  2.6536102278202553e-14  1.0006878599834002e-14  3.67742830869472e-15  1.3169639408294978e-15  4.596080619857651e-16  1.5630953723353122e-16  5.180448990445855e-17  1.6731443505460202e-17  
3.83977258181685e-10  2.0762384738596995e-10  1.0767864674291335e-10  5.356271300620304e-11  2.555501656971722e-11  1.1694196590961092e-11  5.1326923903043626e-12  2.1607310202670454e-12  8.724424720891574e-13  3.3787302145074367e-13  1.2550206001266207e-13  4.471248592620028e-14  1.5278735109880605e-14  5.007565165467425e-15  1.5741511857609468e-15  4.746209399886552e-16  1.3725493626032933e-16  3.8070595740576885e-17  1.0128193647453809e-17  2.5843714986314973e-18  
3.3359996406949e-10  1.9550140806220725e-10  1.0826140350313549e-10  5.6649657066660316e-11  2.8010495159571848e-11  1.3087122153154537e-11  5.777865059452274e-12  2.410407679741256e-12  9.501966146428263e-13  3.5394544205033026e-13  1.245830727345826e-13  4.143636224834435e-14  1.3022791067168832e-14  3.867465013652287e-15  1.0852969515396714e-15  2.877866484842364e-16  7.210951402894039e-17  1.7073177865971408e-17  3.8197595878795794e-18  8.075279508559553e-19  
3.490101994258548e-10  1.8840262982595093e-10  9.865964177267098e-11  5.0118243261303516e-11  2.4697663955259224e-11  1.180645854358483e-11  5.475038125450012e-12  2.4629657970053452e-12  1.0748140772327583e-12  4.550006770092683e-13  1.8685058922129055e-13  7.443558955229736e-14  2.876540712647014e-14  1.0783609426456403e-14  3.921583856919111e-15  1.3834472185107144e-15  4.734426893550848e-16  1.5717228496868785e-16  5.0616050070693924e-17  1.5812635755202375e-17  
3.9817807748715635e-10  2.1008629689014498e-10  1.0732518473079408e-10  5.3087112188084794e-11  2.5424949336498813e-11  1.179002236789255e-11  5.293619237855599e-12  2.301305677413918e-12  9.68678043431262e-13  3.947918157843374e-13  1.557902822318786e-13  5.952455060360983e-14  2.202091824231602e-14  7.887843072481768e-15  2.735675853512791e-15  9.186594577742815e-16  2.986950338362678e-16  9.403401755429283e-17  2.86632557737808e-17  8.45959525041001e-18  
3.9159570208085136e-10  2.1194781971837254e-10  1.1031278068001597e-10  5.521137368063983e-11  2.6572787541059515e-11  1.2298482276916065e-11  5.4735837302088936e-12  2.3425984638594136e-12  9.641170967442091e-13  3.8156414357528375e-13  1.4521489671500115e-13  5.3144781537610107e-14  1.870320025602039e-14  6.329611630115383e-15  2.0598900752417504e-15  6.446394338205883e-16  1.9399723228479357e-16  5.614098670247611e-17  1.5623214319988528e-17  4.1808692084314066e-18  
3.8040016197871336e-10  2.089553186148182e-10  1.1002647677410431e-10  5.5535670892344684e-11  2.6870631851637593e-11  1.2462775582654597e-11  5.540930597878407e-12  2.3614659402672044e-12  9.647431451991093e-13  3.778093978879854e-13  1.4182893823345518e-13  5.1037334719155366e-14  1.7605248564135007e-14  5.821399116055964e-15  1.845200781523922e-15  5.606488348978957e-16  1.6329363541743322e-16  4.5590948918439935e-17  1.2201663538390835e-17  3.130332703699023e-18  
3.7068443238080353e-10  2.048327451282065e-10  1.0839320790808619e-10  5.4930354228810205e-11  2.6658172627509032e-11  1.2389563284021808e-11  5.5142857415836646e-12  2.3503372375550353e-12  9.593536716817713e-13  3.750031785108511e-13  1.403779195280659e-13  5.032343765221469e-14  1.727624863443866e-14  5.6798417642593615e-15  1.788260048232021e-15  5.39178737348698e-16  1.556834642040292e-16  4.3048682284814265e-17  1.1399475877426453e-17  2.890796708851446e-18  
3.7530671972054715e-10  2.0569920507711332e-10  1.0833534084054157e-10  5.4827565489586087e-11  2.6663615515533038e-11  1.2460354027868197e-11  5.59542389351731e-12  2.4144981216893186e-12  1.0011796611344674e-12  3.9892240856527526e-13  1.527411704550121e-13  5.619724996128783e-14  1.986850915214769e-14  6.750046512355941e-15  2.2036342701494078e-15  6.912951941779313e-16  2.0839093599949973e-16  6.036502440775e-17  1.6802859789366308e-17  4.4944059207458634e-18  
