5.2822058808449066e-11  4.899585283191737e-11  4.413104704538e-11  3.859846684916955e-11  3.2782101502023455e-11  2.703612462294023e-11  2.1651749887180852e-11  1.6837688727562773e-11  1.2714897530796623e-11  9.323611427134463e-12  6.638903857452983e-12  4.590389169693631e-12  3.082077436782233e-12  2.0094559899631115e-12  1.2721969930808081e-12  7.821159515004638e-13  4.669053339066013e-13  2.706620956322753e-13  1.5235859454634334e-13  8.32812794274523e-14  
7.432102746035049e-11  7.266881444799303e-11  6.886624985603291e-11  6.325382341387288e-11  5.6310465650015955e-11  4.858625716019849e-11  4.063121032152496e-11  3.29327549795728e-11  2.5871306176362395e-11  1.9698385724138002e-11  1.4536669210096003e-11  1.0397314181721105e-11  7.207745041657072e-12  4.842834788350951e-12  3.153710905717993e-12  1.9905179363113535e-12  1.21767755145654e-12  7.219722296815179e-13  4.148878103817834e-13  2.3108025942594917e-13  
5.769342549697348e-11  3.7078269376002947e-11  2.4235331661191298e-11  1.6110716742228598e-11  1.0892238417391776e-11  7.48955127345459e-12  5.23758205673782e-12  3.725137126723299e-12  2.6945737265674717e-12  1.9823222695780727e-12  1.483183315257969e-12  1.1286305071386748e-12  8.734642238000922e-13  6.875033838734654e-13  5.503524969025214e-13  4.4806747998660287e-13  3.7100715957572794e-13  3.124334603658188e-13  2.675895625741961e-13  2.33086533358808e-13  
5.7710789944019057e-11  4.883970423973384e-11  4.165252724349399e-11  3.5798267947297406e-11  3.1005232838843153e-11  2.706202589554908e-11  2.3803342133872692e-11  2.1099292753175967e-11  1.8847345095668663e-11  1.6966208218486025e-11  1.5391173294257208e-11  1.4070547253120806e-11  1.296291207782544e-11  1.2035010880642996e-11  1.1260112369799709e-11  1.0616742580304595e-11  1.0087700403350757e-11  9.659294096776059e-12  9.320751477678458e-12  9.063768258368284e-12  
5.96729505764856e-11  5.1150275939731385e-11  4.352128684988646e-11  3.675688963203009e-11  3.0814779121202666e-11  2.5642634529535896e-11  2.118114849616261e-11  1.736679372879477e-11  1.4134259674394731e-11  1.1418518622178223e-11  9.156505105080829e-12  7.288413401448303e-12  5.758634740225664e-12  4.516368259147077e-12  3.515947964407481e-12  2.7169322576242226e-12  2.0840035769268656e-12  1.5867239927490719e-12  1.1991888896623808e-12  8.996158165998284e-13  
5.4872683671524755e-11  4.983807396533041e-11  4.4222565777130387e-11  3.833577608489178e-11  3.246700438700054e-11  2.6863204394840868e-11  2.1714560823937403e-11  1.7148333486764026e-11  1.3230322423703214e-11  9.972328410218253e-12  7.343453570987822e-12  5.283014118416716e-12  3.7131357415291665e-12  2.549632096434289e-12  1.710376993463153e-12  1.1209437283513126e-12  7.177172982347369e-13  4.4895276705606583e-13  2.743629908391734e-13  1.638053345909275e-13  
5.05215115101516e-11  4.781382046474942e-11  4.3579056151309206e-11  3.825158678921863e-11  3.233466410054688e-11  2.6322947291818823e-11  2.063706522860555e-11  1.5581476962309185e-11  1.1329651971437525e-11  7.933627012355303e-12  5.350252158510289e-12  3.4747533731868284e-12  2.1733065145452838e-12  1.3090771453407544e-12  7.593758160860047e-13  4.2422430376631246e-13  2.28234656782586e-13  1.182537439918117e-13  5.900590425067177e-14  2.8354585505970334e-14  
4.5688528821079577e-11  4.637867292376128e-11  4.473298125391143e-11  4.099545867858286e-11  3.5697848203940593e-11  2.953566195359369e-11  2.3219334099872448e-11  1.7344077045936748e-11  1.2309800349087313e-11  8.301359196266368e-12  5.319193440917815e-12  3.238476459143679e-12  1.873415400943608e-12  1.0297357945422734e-12  5.377939526987642e-13  2.668728545671834e-13  1.2583204920514595e-13  5.6373697289577296e-14  2.3997176767940963e-14  9.706041943990243e-15  
4.5819645880297e-11  4.350575636197856e-11  4.019130302250457e-11  3.61249968229207e-11  3.1591766930434236e-11  2.6880069291198892e-11  2.2252418501963117e-11  1.792315342406509e-11  1.4045654902672805e-11  1.0709271603934973e-11  7.944530569817729e-12  5.734121830133879e-12  4.026761980237094e-12  2.7512836733691436e-12  1.8289639719854414e-12  1.1829470299221068e-12  7.444161968811856e-13  4.557815044378958e-13  2.71511325120399e-13  1.5736551563947296e-13  
5.17222255436837e-11  4.8016392470204736e-11  4.3296420721464755e-11  3.791967490614971e-11  3.2257251387538127e-11  2.6652641349410783e-11  2.138963111708271e-11  1.6673104706278586e-11  1.262350055002758e-11  9.283105201889164e-12  6.630661907746699e-12  4.600135657878483e-12  3.0998061627751027e-12  2.0288436434000234e-12  1.2897714608916736e-12  7.963923697722696e-13  4.776299602690733e-13  2.782314214912429e-13  1.5742399567900438e-13  8.651388822903133e-14  
5.1530887016389825e-11  4.886794771357893e-11  4.4734579071207834e-11  3.952986964695288e-11  3.371865024687579e-11  2.7763726223390424e-11  2.2067244004309785e-11  1.693094556676819e-11  1.2539409981503196e-11  8.964700048175651e-12  6.186673491245042e-12  4.1213680671426485e-12  2.650259376484268e-12  1.6451220747787986e-12  9.857587765520283e-13  5.701720802408565e-13  3.1834938444655814e-13  1.7157928509260077e-13  8.926649150317128e-14  4.483063081457189e-14  
5.043036632081052e-11  4.843524403384828e-11  4.477678162334645e-11  3.9844306409825244e-11  3.412728041098067e-11  2.8135789363478717e-11  2.2327419927622484e-11  1.7054539235039747e-11  1.2539015923649848e-11  8.873785584444382e-12  6.044723235652973e-12  3.963381927253626e-12  2.5013671487797065e-12  1.5195359257793397e-12  8.885185851628123e-13  5.000852829082146e-13  2.7092160804080123e-13  1.4127497169856088e-13  7.091021900630426e-14  3.4258980739722114e-14  
4.9287315236599336e-11  4.758572789177624e-11  4.418330229513404e-11  3.945295419537161e-11  3.387979586184421e-11  2.797962838741508e-11  2.222199266489967e-11  1.6973208975249336e-11  1.246765618221725e-11  8.807356521784477e-12  5.983375201593554e-12  3.909190169418979e-12  2.4562199776561914e-12  1.4841835760672572e-12  8.624777181069579e-13  4.820011198105719e-13  2.5905269278836647e-13  1.3389614562021385e-13  6.655611147291658e-14  3.181615590260335e-14  
4.968742638926994e-11  4.767063959570978e-11  4.4119880168568785e-11  3.9390957588766315e-11  3.3926387796322706e-11  2.8187565892428928e-11  2.2592089296623485e-11  1.7467634118338962e-11  1.3028386866879564e-11  9.374024294224373e-12  6.506394203878833e-12  4.356458077393688e-12  2.8138800143880395e-12  1.7533009968162014e-12  1.0538680871872732e-12  6.11075534739234e-13  3.418081458283047e-13  1.8443731423584632e-13  9.600504145065441e-14  4.820789390533512e-14  
