|                           Parameters |                       0 |                       1 |   2 |                      3 |   4 |                       5 |                      6 |                      7 |                      8 |   9 |  10 |  11 |                    12 |                    13 |  14 |
|                  Crab.spectral.index |    0.007277096292389286 | -1.4197549310019535e-13 | 0.0 |  -0.002544870665675719 | 0.0 | -1.1805763068554635e-06 | 1.5246756538224382e-06 |                    0.0 |                    0.0 | 0.0 | 0.0 | 0.0 |                   0.0 |                   0.0 | 0.0 |
|              Crab.spectral.amplitude | -1.4197549310019535e-13 |  2.3822401838068458e-23 | 0.0 |  7.645785705690191e-14 | 0.0 | -1.2462283663126966e-18 | -5.580762774994937e-17 |                    0.0 |                    0.0 | 0.0 | 0.0 | 0.0 |                   0.0 |                   0.0 | 0.0 |
|              Crab.spectral.reference |                     0.0 |                     0.0 | 0.0 |                    0.0 | 0.0 |                     0.0 |                    0.0 |                    0.0 |                    0.0 | 0.0 | 0.0 | 0.0 |                   0.0 |                   0.0 | 0.0 |
|                Crab.spectral.lambda_ |   -0.002544870665675719 |   7.645785705690191e-14 | 0.0 |    0.00131703660715312 | 0.0 |   6.064368640433073e-07 | -8.279090909352595e-07 |                    0.0 |                    0.0 | 0.0 | 0.0 | 0.0 |                   0.0 |                   0.0 | 0.0 |
|                  Crab.spectral.alpha |                     0.0 |                     0.0 | 0.0 |                    0.0 | 0.0 |                     0.0 |                    0.0 |                    0.0 |                    0.0 | 0.0 | 0.0 | 0.0 |                   0.0 |                   0.0 | 0.0 |
|                   Crab.spatial.lon_0 | -1.1805763068554635e-06 | -1.2462283663126966e-18 | 0.0 |  6.064368640433073e-07 | 0.0 |   4.732017737950753e-06 |  3.194238101673283e-08 |                    0.0 |                    0.0 | 0.0 | 0.0 | 0.0 |                   0.0 |                   0.0 | 0.0 |
|                   Crab.spatial.lat_0 |  1.5246756538224382e-06 |  -5.580762774994937e-17 | 0.0 | -8.279090909352595e-07 | 0.0 |   3.194238101673283e-08 | 3.5294028213533766e-06 |                    0.0 |                    0.0 | 0.0 | 0.0 | 0.0 |                   0.0 |                   0.0 | 0.0 |
|           Z4Daclj3-bkg.spectral.norm |                     0.0 |                     0.0 | 0.0 |                    0.0 | 0.0 |                     0.0 |                    0.0 | 0.00011437251919444224 | 1.0894467894000308e-05 | 0.0 | 0.0 | 0.0 |                   0.0 |                   0.0 | 0.0 |
|           Z4Daclj3-bkg.spectral.tilt |                     0.0 |                     0.0 | 0.0 |                    0.0 | 0.0 |                     0.0 |                    0.0 | 1.0894467894000308e-05 | 0.00013334177305812772 | 0.0 | 0.0 | 0.0 |                   0.0 |                   0.0 | 0.0 |
|      Z4Daclj3-bkg.spectral.reference |                     0.0 |                     0.0 | 0.0 |                    0.0 | 0.0 |                     0.0 |                    0.0 |                    0.0 |                    0.0 | 0.0 | 0.0 | 0.0 |                   0.0 |                   0.0 | 0.0 |
|       Z4Daclj3-irf.e_reco_model.bias |                     0.0 |                     0.0 | 0.0 |                    0.0 | 0.0 |                     0.0 |                    0.0 |                    0.0 |                    0.0 | 0.0 | 0.0 | 0.0 |                   0.0 |                   0.0 | 0.0 |
| Z4Daclj3-irf.e_reco_model.resolution |                     0.0 |                     0.0 | 0.0 |                    0.0 | 0.0 |                     0.0 |                    0.0 |                    0.0 |                    0.0 | 0.0 | 0.0 | 0.0 |                   0.0 |                   0.0 | 0.0 |
|           Z4Daclj3-irf.spectral.norm |                     0.0 |                     0.0 | 0.0 |                    0.0 | 0.0 |                     0.0 |                    0.0 |                    0.0 |                    0.0 | 0.0 | 0.0 | 0.0 |  0.010147817203457806 | 1.216158987747366e-06 | 0.0 |
|           Z4Daclj3-irf.spectral.tilt |                     0.0 |                     0.0 | 0.0 |                    0.0 | 0.0 |                     0.0 |                    0.0 |                    0.0 |                    0.0 | 0.0 | 0.0 | 0.0 | 1.216158987747366e-06 | 0.0004000003284628419 | 0.0 |
|      Z4Daclj3-irf.spectral.reference |                     0.0 |                     0.0 | 0.0 |                    0.0 | 0.0 |                     0.0 |                    0.0 |                    0.0 |                    0.0 | 0.0 | 0.0 | 0.0 |                   0.0 |                   0.0 | 0.0 |
