|                            Parameters |                      0 |                       1 |   2 |                      3 |   4 |                       5 |                       6 |                     7 |                     8 |   9 |                 10 |  11 |  12 |  13 |  14 |
|                Crablog.spectral.index |     0.4221545911691226 |   -7.35823719322777e-12 | 0.0 |    -0.1384045475409147 | 0.0 |  3.0686924127552765e-05 |  -9.322641826678502e-06 |                   0.0 |                   0.0 | 0.0 |                0.0 | 0.0 | 0.0 | 0.0 | 0.0 |
|            Crablog.spectral.amplitude |  -7.35823719322777e-12 |  2.9933180427680394e-22 | 0.0 | 3.8074440537728036e-12 | 0.0 | -1.3455917749331994e-15 |   4.349563879867345e-16 |                   0.0 |                   0.0 | 0.0 |                0.0 | 0.0 | 0.0 | 0.0 | 0.0 |
|            Crablog.spectral.reference |                    0.0 |                     0.0 | 0.0 |                    0.0 | 0.0 |                     0.0 |                     0.0 |                   0.0 |                   0.0 | 0.0 |                0.0 | 0.0 | 0.0 | 0.0 | 0.0 |
|              Crablog.spectral.lambda_ |    -0.1384045475409147 |  3.8074440537728036e-12 | 0.0 |    0.06976321284874923 | 0.0 |  -2.551706263874827e-06 |  1.3637754121209344e-06 |                   0.0 |                   0.0 | 0.0 |                0.0 | 0.0 | 0.0 | 0.0 | 0.0 |
|                Crablog.spectral.alpha |                    0.0 |                     0.0 | 0.0 |                    0.0 | 0.0 |                     0.0 |                     0.0 |                   0.0 |                   0.0 | 0.0 |                0.0 | 0.0 | 0.0 | 0.0 | 0.0 |
|                 Crablog.spatial.lon_0 | 3.0686924127552765e-05 | -1.3455917749331994e-15 | 0.0 | -2.551706263874827e-06 | 0.0 |  0.00024191236466468291 | -2.4166332702631197e-08 |                   0.0 |                   0.0 | 0.0 |                0.0 | 0.0 | 0.0 | 0.0 | 0.0 |
|                 Crablog.spatial.lat_0 | -9.322641826678502e-06 |   4.349563879867345e-16 | 0.0 | 1.3637754121209344e-06 | 0.0 | -2.4166332702631197e-08 |   0.0001813510751466745 |                   0.0 |                   0.0 | 0.0 |                0.0 | 0.0 | 0.0 | 0.0 | 0.0 |
|           dataset_N-bkg.spectral.norm |                    0.0 |                     0.0 | 0.0 |                    0.0 | 0.0 |                     0.0 |                     0.0 |  0.005354462088946134 | 0.0004372133662662153 | 0.0 |                0.0 | 0.0 | 0.0 | 0.0 | 0.0 |
|           dataset_N-bkg.spectral.tilt |                    0.0 |                     0.0 | 0.0 |                    0.0 | 0.0 |                     0.0 |                     0.0 | 0.0004372133662662153 | 0.0062293775733078234 | 0.0 |                0.0 | 0.0 | 0.0 | 0.0 | 0.0 |
|      dataset_N-bkg.spectral.reference |                    0.0 |                     0.0 | 0.0 |                    0.0 | 0.0 |                     0.0 |                     0.0 |                   0.0 |                   0.0 | 0.0 |                0.0 | 0.0 | 0.0 | 0.0 | 0.0 |
|       dataset_N-irf.e_reco_model.bias |                    0.0 |                     0.0 | 0.0 |                    0.0 | 0.0 |                     0.0 |                     0.0 |                   0.0 |                   0.0 | 0.0 | 0.0101011739069524 | 0.0 | 0.0 | 0.0 | 0.0 |
| dataset_N-irf.e_reco_model.resolution |                    0.0 |                     0.0 | 0.0 |                    0.0 | 0.0 |                     0.0 |                     0.0 |                   0.0 |                   0.0 | 0.0 |                0.0 | 0.0 | 0.0 | 0.0 | 0.0 |
|           dataset_N-irf.spectral.norm |                    0.0 |                     0.0 | 0.0 |                    0.0 | 0.0 |                     0.0 |                     0.0 |                   0.0 |                   0.0 | 0.0 |                0.0 | 0.0 | 0.0 | 0.0 | 0.0 |
|           dataset_N-irf.spectral.tilt |                    0.0 |                     0.0 | 0.0 |                    0.0 | 0.0 |                     0.0 |                     0.0 |                   0.0 |                   0.0 | 0.0 |                0.0 | 0.0 | 0.0 | 0.0 | 0.0 |
|      dataset_N-irf.spectral.reference |                    0.0 |                     0.0 | 0.0 |                    0.0 | 0.0 |                     0.0 |                     0.0 |                   0.0 |                   0.0 | 0.0 |                0.0 | 0.0 | 0.0 | 0.0 | 0.0 |
