|                            Parameters |                       0 |                       1 |   2 |                       3 |   4 |                       5 |                       6 |                      7 |                      8 |   9 |                  10 |  11 |  12 |  13 |  14 |
|                Crablog.spectral.index |     0.06208932895314232 |  -7.925879609999913e-13 | 0.0 |   -0.015238299316830326 | 0.0 |   1.423101866113177e-05 | -3.3234752275987986e-06 |                    0.0 |                    0.0 | 0.0 |                 0.0 | 0.0 | 0.0 | 0.0 | 0.0 |
|            Crablog.spectral.amplitude |  -7.925879609999913e-13 |  2.9279145160289984e-23 | 0.0 |   3.715474998266633e-13 | 0.0 | -1.9152650449125275e-16 |   5.029236518394168e-17 |                    0.0 |                    0.0 | 0.0 |                 0.0 | 0.0 | 0.0 | 0.0 | 0.0 |
|            Crablog.spectral.reference |                     0.0 |                     0.0 | 0.0 |                     0.0 | 0.0 |                     0.0 |                     0.0 |                    0.0 |                    0.0 | 0.0 |                 0.0 | 0.0 | 0.0 | 0.0 | 0.0 |
|              Crablog.spectral.lambda_ |   -0.015238299316830326 |   3.715474998266633e-13 | 0.0 |     0.00686357463050137 | 0.0 | -1.3405500937236357e-06 |   3.565769345210505e-07 |                    0.0 |                    0.0 | 0.0 |                 0.0 | 0.0 | 0.0 | 0.0 | 0.0 |
|                Crablog.spectral.alpha |                     0.0 |                     0.0 | 0.0 |                     0.0 | 0.0 |                     0.0 |                     0.0 |                    0.0 |                    0.0 | 0.0 |                 0.0 | 0.0 | 0.0 | 0.0 | 0.0 |
|                 Crablog.spatial.lon_0 |   1.423101866113177e-05 | -1.9152650449125275e-16 | 0.0 | -1.3405500937236357e-06 | 0.0 |   2.419851634346383e-05 | -3.5124414165639497e-09 |                    0.0 |                    0.0 | 0.0 |                 0.0 | 0.0 | 0.0 | 0.0 | 0.0 |
|                 Crablog.spatial.lat_0 | -3.3234752275987986e-06 |   5.029236518394168e-17 | 0.0 |   3.565769345210505e-07 | 0.0 | -3.5124414165639497e-09 |  1.8136006262912705e-05 |                    0.0 |                    0.0 | 0.0 |                 0.0 | 0.0 | 0.0 | 0.0 | 0.0 |
|           dataset_N-bkg.spectral.norm |                     0.0 |                     0.0 | 0.0 |                     0.0 | 0.0 |                     0.0 |                     0.0 |  0.0005354288977274155 | 4.3449167879867814e-05 | 0.0 |                 0.0 | 0.0 | 0.0 | 0.0 | 0.0 |
|           dataset_N-bkg.spectral.tilt |                     0.0 |                     0.0 | 0.0 |                     0.0 | 0.0 |                     0.0 |                     0.0 | 4.3449167879867814e-05 |  0.0006228930983979698 | 0.0 |                 0.0 | 0.0 | 0.0 | 0.0 | 0.0 |
|      dataset_N-bkg.spectral.reference |                     0.0 |                     0.0 | 0.0 |                     0.0 | 0.0 |                     0.0 |                     0.0 |                    0.0 |                    0.0 | 0.0 |                 0.0 | 0.0 | 0.0 | 0.0 | 0.0 |
|       dataset_N-irf.e_reco_model.bias |                     0.0 |                     0.0 | 0.0 |                     0.0 | 0.0 |                     0.0 |                     0.0 |                    0.0 |                    0.0 | 0.0 | 0.01033480986218485 | 0.0 | 0.0 | 0.0 | 0.0 |
| dataset_N-irf.e_reco_model.resolution |                     0.0 |                     0.0 | 0.0 |                     0.0 | 0.0 |                     0.0 |                     0.0 |                    0.0 |                    0.0 | 0.0 |                 0.0 | 0.0 | 0.0 | 0.0 | 0.0 |
|           dataset_N-irf.spectral.norm |                     0.0 |                     0.0 | 0.0 |                     0.0 | 0.0 |                     0.0 |                     0.0 |                    0.0 |                    0.0 | 0.0 |                 0.0 | 0.0 | 0.0 | 0.0 | 0.0 |
|           dataset_N-irf.spectral.tilt |                     0.0 |                     0.0 | 0.0 |                     0.0 | 0.0 |                     0.0 |                     0.0 |                    0.0 |                    0.0 | 0.0 |                 0.0 | 0.0 | 0.0 | 0.0 | 0.0 |
|      dataset_N-irf.spectral.reference |                     0.0 |                     0.0 | 0.0 |                     0.0 | 0.0 |                     0.0 |                     0.0 |                    0.0 |                    0.0 | 0.0 |                 0.0 | 0.0 | 0.0 | 0.0 | 0.0 |
