|                            Parameters |                       0 |                       1 |   2 |                       3 |   4 |                       5 |                       6 |                      7 |                      8 |   9 |                   10 |  11 |  12 |  13 |  14 |
|                Crablog.spectral.index |      0.2051636671559788 | -3.5031028905103578e-12 | 0.0 |    -0.06524079045219539 | 0.0 |  2.2427014696631076e-05 |   -4.17840019733686e-06 |                    0.0 |                    0.0 | 0.0 |                  0.0 | 0.0 | 0.0 | 0.0 | 0.0 |
|            Crablog.spectral.amplitude | -3.5031028905103578e-12 |  1.3874452124681764e-22 | 0.0 |  1.7838376390586472e-12 | 0.0 |  -6.821768435073306e-16 |  1.7606746402793488e-16 |                    0.0 |                    0.0 | 0.0 |                  0.0 | 0.0 | 0.0 | 0.0 | 0.0 |
|            Crablog.spectral.reference |                     0.0 |                     0.0 | 0.0 |                     0.0 | 0.0 |                     0.0 |                     0.0 |                    0.0 |                    0.0 | 0.0 |                  0.0 | 0.0 | 0.0 | 0.0 | 0.0 |
|              Crablog.spectral.lambda_ |    -0.06524079045219539 |  1.7838376390586472e-12 | 0.0 |     0.03261487807606633 | 0.0 | -2.1813039332955285e-06 |   4.622480257206511e-07 |                    0.0 |                    0.0 | 0.0 |                  0.0 | 0.0 | 0.0 | 0.0 | 0.0 |
|                Crablog.spectral.alpha |                     0.0 |                     0.0 | 0.0 |                     0.0 | 0.0 |                     0.0 |                     0.0 |                    0.0 |                    0.0 | 0.0 |                  0.0 | 0.0 | 0.0 | 0.0 | 0.0 |
|                 Crablog.spatial.lon_0 |  2.2427014696631076e-05 |  -6.821768435073306e-16 | 0.0 | -2.1813039332955285e-06 | 0.0 |  0.00011229733263892554 | -1.0321874355648554e-08 |                    0.0 |                    0.0 | 0.0 |                  0.0 | 0.0 | 0.0 | 0.0 | 0.0 |
|                 Crablog.spatial.lat_0 |   -4.17840019733686e-06 |  1.7606746402793488e-16 | 0.0 |   4.622480257206511e-07 | 0.0 | -1.0321874355648554e-08 |   8.417949653991939e-05 |                    0.0 |                    0.0 | 0.0 |                  0.0 | 0.0 | 0.0 | 0.0 | 0.0 |
|           dataset_N-bkg.spectral.norm |                     0.0 |                     0.0 | 0.0 |                     0.0 | 0.0 |                     0.0 |                     0.0 |  0.0024849277051688665 | 0.00020112076536943222 | 0.0 |                  0.0 | 0.0 | 0.0 | 0.0 | 0.0 |
|           dataset_N-bkg.spectral.tilt |                     0.0 |                     0.0 | 0.0 |                     0.0 | 0.0 |                     0.0 |                     0.0 | 0.00020112076536943222 |   0.002890843997865349 | 0.0 |                  0.0 | 0.0 | 0.0 | 0.0 | 0.0 |
|      dataset_N-bkg.spectral.reference |                     0.0 |                     0.0 | 0.0 |                     0.0 | 0.0 |                     0.0 |                     0.0 |                    0.0 |                    0.0 | 0.0 |                  0.0 | 0.0 | 0.0 | 0.0 | 0.0 |
|       dataset_N-irf.e_reco_model.bias |                     0.0 |                     0.0 | 0.0 |                     0.0 | 0.0 |                     0.0 |                     0.0 |                    0.0 |                    0.0 | 0.0 | 0.011108910834378496 | 0.0 | 0.0 | 0.0 | 0.0 |
| dataset_N-irf.e_reco_model.resolution |                     0.0 |                     0.0 | 0.0 |                     0.0 | 0.0 |                     0.0 |                     0.0 |                    0.0 |                    0.0 | 0.0 |                  0.0 | 0.0 | 0.0 | 0.0 | 0.0 |
|           dataset_N-irf.spectral.norm |                     0.0 |                     0.0 | 0.0 |                     0.0 | 0.0 |                     0.0 |                     0.0 |                    0.0 |                    0.0 | 0.0 |                  0.0 | 0.0 | 0.0 | 0.0 | 0.0 |
|           dataset_N-irf.spectral.tilt |                     0.0 |                     0.0 | 0.0 |                     0.0 | 0.0 |                     0.0 |                     0.0 |                    0.0 |                    0.0 | 0.0 |                  0.0 | 0.0 | 0.0 | 0.0 | 0.0 |
|      dataset_N-irf.spectral.reference |                     0.0 |                     0.0 | 0.0 |                     0.0 | 0.0 |                     0.0 |                     0.0 |                    0.0 |                    0.0 | 0.0 |                  0.0 | 0.0 | 0.0 | 0.0 | 0.0 |
