|                            Parameters |                      0 |                       1 |   2 |                      3 |   4 |                       5 |                      6 |                    7 |                    8 |   9 |                   10 |  11 |  12 |  13 |  14 |
|                Crablog.spectral.index |     1.6078597726493433 |  -3.000323004077311e-11 | 0.0 |    -0.5653295597063303 | 0.0 |   3.623183510931531e-05 | -5.829048034107949e-06 |                  0.0 |                  0.0 | 0.0 |                  0.0 | 0.0 | 0.0 | 0.0 | 0.0 |
|            Crablog.spectral.amplitude | -3.000323004077311e-11 |  1.3093283005348324e-21 | 0.0 | 1.6243331397950457e-11 | 0.0 | -6.0295041114987015e-15 |  1.556190272993752e-15 |                  0.0 |                  0.0 | 0.0 |                  0.0 | 0.0 | 0.0 | 0.0 | 0.0 |
|            Crablog.spectral.reference |                    0.0 |                     0.0 | 0.0 |                    0.0 | 0.0 |                     0.0 |                    0.0 |                  0.0 |                  0.0 | 0.0 |                  0.0 | 0.0 | 0.0 | 0.0 | 0.0 |
|              Crablog.spectral.lambda_ |    -0.5653295597063303 |  1.6243331397950457e-11 | 0.0 |     0.2984382506480156 | 0.0 |   8.424672853094021e-07 |  1.685751470405535e-06 |                  0.0 |                  0.0 | 0.0 |                  0.0 | 0.0 | 0.0 | 0.0 | 0.0 |
|                Crablog.spectral.alpha |                    0.0 |                     0.0 | 0.0 |                    0.0 | 0.0 |                     0.0 |                    0.0 |                  0.0 |                  0.0 | 0.0 |                  0.0 | 0.0 | 0.0 | 0.0 | 0.0 |
|                 Crablog.spatial.lon_0 |  3.623183510931531e-05 | -6.0295041114987015e-15 | 0.0 |  8.424672853094021e-07 | 0.0 |    0.001122865446861108 | -7.131191266728092e-08 |                  0.0 |                  0.0 | 0.0 |                  0.0 | 0.0 | 0.0 | 0.0 | 0.0 |
|                 Crablog.spatial.lat_0 | -5.829048034107949e-06 |   1.556190272993752e-15 | 0.0 |  1.685751470405535e-06 | 0.0 |  -7.131191266728092e-08 |  0.0008417694757266003 |                  0.0 |                  0.0 | 0.0 |                  0.0 | 0.0 | 0.0 | 0.0 | 0.0 |
|           dataset_N-bkg.spectral.norm |                    0.0 |                     0.0 | 0.0 |                    0.0 | 0.0 |                     0.0 |                    0.0 | 0.024849796503900394 | 0.002008464250501319 | 0.0 |                  0.0 | 0.0 | 0.0 | 0.0 | 0.0 |
|           dataset_N-bkg.spectral.tilt |                    0.0 |                     0.0 | 0.0 |                    0.0 | 0.0 |                     0.0 |                    0.0 | 0.002008464250501319 |  0.02891066458741987 | 0.0 |                  0.0 | 0.0 | 0.0 | 0.0 | 0.0 |
|      dataset_N-bkg.spectral.reference |                    0.0 |                     0.0 | 0.0 |                    0.0 | 0.0 |                     0.0 |                    0.0 |                  0.0 |                  0.0 | 0.0 |                  0.0 | 0.0 | 0.0 | 0.0 | 0.0 |
|       dataset_N-irf.e_reco_model.bias |                    0.0 |                     0.0 | 0.0 |                    0.0 | 0.0 |                     0.0 |                    0.0 |                  0.0 |                  0.0 | 0.0 | 0.010000000000786831 | 0.0 | 0.0 | 0.0 | 0.0 |
| dataset_N-irf.e_reco_model.resolution |                    0.0 |                     0.0 | 0.0 |                    0.0 | 0.0 |                     0.0 |                    0.0 |                  0.0 |                  0.0 | 0.0 |                  0.0 | 0.0 | 0.0 | 0.0 | 0.0 |
|           dataset_N-irf.spectral.norm |                    0.0 |                     0.0 | 0.0 |                    0.0 | 0.0 |                     0.0 |                    0.0 |                  0.0 |                  0.0 | 0.0 |                  0.0 | 0.0 | 0.0 | 0.0 | 0.0 |
|           dataset_N-irf.spectral.tilt |                    0.0 |                     0.0 | 0.0 |                    0.0 | 0.0 |                     0.0 |                    0.0 |                  0.0 |                  0.0 | 0.0 |                  0.0 | 0.0 | 0.0 | 0.0 | 0.0 |
|      dataset_N-irf.spectral.reference |                    0.0 |                     0.0 | 0.0 |                    0.0 | 0.0 |                     0.0 |                    0.0 |                  0.0 |                  0.0 | 0.0 |                  0.0 | 0.0 | 0.0 | 0.0 | 0.0 |
