6.720458805165596e-09  3.493852792770185e-09  1.8147060023592618e-09  9.413891686871097e-10  4.875438493973934e-10  2.519417352100822e-10  1.2981024491834807e-10  6.662145920335291e-11  3.4013193999750065e-11  1.724451837708076e-11  8.661929740960972e-12  4.297251080395619e-12  2.0969227717085525e-12  1.0009067918388814e-12  4.639049708121266e-13  2.067414694985309e-13  8.743940848679022e-14  3.448979414293235e-14  1.2395764978491444e-14  3.935327848467395e-15  1.058875360278937e-15  2.2850920716929805e-16  3.6745525285642187e-17  3.991508389083602e-18  2.5696858091705522e-19  
8.067310711766628e-09  4.140634475041495e-09  2.122700762646736e-09  1.0864813046612754e-09  5.549294109342419e-10  2.8263702918568166e-10  1.434128021830046e-10  7.240521885053216e-11  3.631189040428811e-11  1.804914722013342e-11  8.86547972334604e-12  4.28611471243455e-12  2.0288286657083448e-12  9.33652516024527e-13  4.138096601985801e-13  1.7444030817748616e-13  6.878020419429522e-14  2.480667039102444e-14  7.944210494426336e-15  2.1711656937894615e-15  4.803253661692806e-16  8.016065335844381e-17  9.186318727498686e-18  6.377205987795064e-19  2.2689416767897776e-20  
6.17512214018695e-09  3.2611244122225508e-09  1.7190283479839016e-09  9.039068943430292e-10  4.737299139142247e-10  2.471873549381772e-10  1.2822492067593391e-10  6.599623272808248e-11  3.361495768683367e-11  1.6884988251881377e-11  8.325446097462977e-12  4.004646228515856e-12  1.8637398908741592e-12  8.30022280533141e-13  3.4857936777148704e-13  1.3536886283510542e-13  4.7359058075673337e-14  1.4415676732741207e-14  3.6446227366378085e-15  7.19397709681362e-16  1.0207761972892118e-16  9.326636926456562e-18  4.737992674603243e-19  1.1003109943757058e-20  8.997218076193432e-23  
6.254115794023352e-09  3.299065603774609e-09  1.7376673196477186e-09  9.134323526247176e-10  4.788852008288491e-10  2.5017654202910537e-10  1.300793392370988e-10  6.720966996811554e-11  3.443528064472194e-11  1.7446408419480672e-11  8.707929810117734e-12  4.260539064112849e-12  2.0298637330258157e-12  9.334061236915727e-13  4.0939268912886077e-13  1.6858796098756132e-13  6.38259469330544e-14  2.1600978185833274e-14  6.295269605075772e-15  1.503012946954378e-15  2.75066762861277e-16  3.531244598707068e-17  2.8253629135398645e-18  1.2033475032963873e-19  2.210803876982023e-21  
1.201168825783694e-08  5.79950119164057e-09  2.798941060784991e-09  1.3500572715070346e-09  6.507053171702662e-10  3.133151700512879e-10  1.506601102667621e-10  7.23171691016851e-11  3.463002288838753e-11  1.6530585892701106e-11  7.857582162117955e-12  3.7140084885817e-12  1.7423447668597323e-12  8.09234409315452e-13  3.7086213290644186e-13  1.6696037987159052e-13  7.340009303380163e-14  3.1262295281565896e-14  1.2764308012135714e-14  4.926136684849071e-15  1.7635511560629708e-15  5.711630324052237e-16  1.61849427792253e-16  3.837868271244364e-17  7.176149824534572e-18  
2.593469622763767e-09  1.526560782602296e-09  8.969836907376917e-10  5.258213248657442e-10  3.072811524331945e-10  1.7882387503251893e-10  1.0349130768057446e-10  5.945205255937443e-11  3.381754169079601e-11  1.8984507949518088e-11  1.0472051146314051e-11  5.6428199600227895e-12  2.9471444792778413e-12  1.4764718396679872e-12  6.997402444923498e-13  3.079601991833962e-13  1.2279321118036726e-13  4.2921552650295196e-14  1.2587151853847872e-14  2.9207865377227476e-15  4.959982040719347e-16  5.554506388304623e-17  3.5701812701077055e-18  1.0944492202729137e-19  1.2500322574507414e-21  
9.65126163599454e-09  4.811005106283667e-09  2.395393950927724e-09  1.190795502201923e-09  5.90730557171458e-10  2.922340847018271e-10  1.4403155428664713e-10  7.063683824506135e-11  3.441387300340999e-11  1.6619077224123466e-11  7.931846092356213e-12  3.7267710730996544e-12  1.714791379286308e-12  7.673291152483732e-13  3.3083049297825487e-13  1.357368111154581e-13  5.212867769360442e-14  1.8330162566896047e-14  5.7305474236734386e-15  1.531568936228003e-15  3.3210726200368706e-16  5.4492696057227257e-17  6.16499757854408e-18  4.2482500985901038e-19  1.5113213196634775e-20  
4.921647376187234e-09  2.679756720095337e-09  1.456603582688848e-09  7.89954506611254e-10  4.2711898164479723e-10  2.3000831093691668e-10  1.2319743776775294e-10  6.551549653104695e-11  3.45089250478253e-11  1.7946430786430585e-11  9.175633398245042e-12  4.586073804070332e-12  2.2238570480951207e-12  1.0357414201291896e-12  4.571205297677269e-13  1.8778126167801106e-13  7.010098345743659e-14  2.303502011148328e-14  6.385077326830647e-15  1.4106326635066793e-15  2.3028737147132353e-16  2.511382197913423e-17  1.599206495163273e-18  4.96955752725932e-20  5.932451782813398e-22  
9.667885371014848e-09  4.875045941962792e-09  2.4553961424969723e-09  1.2347864228881567e-09  6.196767785320698e-10  3.101291315206972e-10  1.5464111246471055e-10  7.673270045775954e-11  3.782681306693231e-11  1.848573947523431e-11  8.929564196452334e-12  4.247152925436019e-12  1.978775543090795e-12  8.968809841310129e-13  3.9185348257218205e-13  1.6302107620118503e-13  6.353328830151074e-14  2.269535362125214e-14  7.218320861708639e-15  1.9664250744067486e-15  4.3574120272300534e-16  7.331221148629534e-17  8.543388183705826e-18  6.100921837367999e-19  2.2674416075502216e-20  
1.012444693583353e-08  5.023489866352236e-09  2.489512463693909e-09  1.2317494687108598e-09  6.081294977043504e-10  2.9938064726213056e-10  1.4682153662562947e-10  7.163743260013631e-11  3.4716461383329354e-11  1.667211083864183e-11  7.910268953339782e-12  3.693048017233509e-12  1.6874648371573963e-12  7.492455679166759e-13  3.201824477684605e-13  1.3002082449375898e-13  4.9326490766629856e-14  1.7090096316786807e-14  5.2464318838370376e-15  1.3706103280501624e-15  2.88751794745787e-16  4.565960145866168e-17  4.924684493316299e-18  3.188932169487435e-19  1.045758101267602e-20  
1.6138771823294815e-09  1.0248740265256737e-09  6.488110785103625e-10  4.0903718584423634e-10  2.56449982710487e-10  1.5960110749654489e-10  9.835421647558968e-11  5.982018273828424e-11  3.575183263239962e-11  2.0874137785203938e-11  1.181398534444063e-11  6.414339743028987e-12  3.2950420743513297e-12  1.5721841442317451e-12  6.798050985954391e-13  2.577757882250598e-13  8.20461180465619e-14  2.067619370595218e-14  3.816450148862702e-15  4.650772433288741e-16  3.257806798271494e-17  1.0905861623831887e-18  1.3638927472557077e-20  4.588465410743671e-23  2.6800122840647487e-26  
4.185817107012722e-09  2.335875696890208e-09  1.3009565540860199e-09  7.226596587765462e-10  4.000201661220328e-10  2.203936520736521e-10  1.2067242967051985e-10  6.552477874414337e-11  3.518739345667733e-11  1.8618574606672104e-11  9.659210212826712e-12  4.881084618361578e-12  2.381560479791729e-12  1.1089146157985014e-12  4.851235968042421e-13  1.952953920562198e-13  7.036745970286813e-14  2.1869040607154137e-14  5.580153559399482e-15  1.0946061302059311e-15  1.5120814824844025e-16  1.3085931974285176e-17  6.070327383231039e-19  1.2259496044298437e-20  8.168379776791643e-23  
1.2255272421016076e-08  5.917378265757196e-09  2.8549127019057146e-09  1.3759388064965973e-09  6.622099495338797e-10  3.1811139755053864e-10  1.5243283700358556e-10  7.280010373398575e-11  3.4614447866990165e-11  1.6361070507526332e-11  7.672508939783656e-12  3.5603357146771286e-12  1.6290989092084805e-12  7.315995234824139e-13  3.2044767451955e-13  1.3576332346841824e-13  5.502084378952191e-14  2.101652958962099e-14  7.418371078068483e-15  2.3568650239658807e-15  6.507143932659172e-16  1.4898436849842909e-16  2.6574707235242456e-17  3.3979151993976772e-18  2.787090504022414e-19  
3.062717398388854e-09  1.7710345781623485e-09  1.0217956101220515e-09  5.877464422698739e-10  3.3671907373754616e-10  1.9187309247210068e-10  1.085554231792335e-10  6.083355253732427e-11  3.365939662799328e-11  1.831036881604771e-11  9.73770532494651e-12  5.0246522339856845e-12  2.4904206932587375e-12  1.1698384850562964e-12  5.115522688931979e-13  2.0332752516881498e-13  7.115694061724518e-14  2.101428117922839e-14  4.948795582620325e-15  8.617532655137445e-16  1.0033203698495662e-16  6.8290631480202314e-18  2.2719138109343574e-19  2.909665479951403e-21  1.043382638132965e-23  
6.933578953767152e-09  3.609048003987846e-09  1.876841900026101e-09  9.748304760676678e-10  5.05497377161805e-10  2.615530461160851e-10  1.349383004564427e-10  6.934628849536026e-11  3.545364844670199e-11  1.8001050785935517e-11  9.055932238251552e-12  4.500204300654854e-12  2.1999626362476006e-12  1.0522260565642909e-12  4.888195625558591e-13  2.1843057477685429e-13  9.267776200336548e-14  3.669693218622706e-14  1.3251584779223913e-14  4.231978673732485e-15  1.1472530094378227e-15  2.4996641844415296e-16  4.069695502349915e-17  4.492575776472176e-18  2.9539388003387295e-19  
3.531705493985638e-09  2.020965819735025e-09  1.154198574956778e-09  6.574529965813103e-10  3.731918499415886e-10  2.1085164575215524e-10  1.183926285838775e-10  6.592886330474976e-11  3.631032862383339e-11  1.9705558908845337e-11  1.0486199448515593e-11  5.435926436945223e-12  2.7212076889854582e-12  1.3002409416113791e-12  5.838673880185861e-13  2.413443698488389e-13  8.932988800022896e-14  2.853620856497266e-14  7.490374617028227e-15  1.5131145692940513e-15  2.1555926857652496e-16  1.927533251628176e-17  9.262311803547273e-19  1.9442971322794506e-20  1.352609751992416e-22  
