3.698000865733629e-11   2.2010142320627897e-12   2.2630638740532225   0.08379048587698064   0.08362895191056703   0.03276104013899805   0.9946844841204964   0.010707895711253716   0.012400525814263682   0.011694280262527017   2.154434690031884  
4.0407031113883646e-11   2.6349991242924555e-12   2.3049126503398947   0.08746938370848985   0.1068585603149731   0.03854564901805019   1.0100039949800927   0.010791909276875403   0.027681448565606864   0.011704189713112618   2.154434690031884  
3.9719497491831776e-11   3.2217846119942912e-12   2.1988889243340264   0.10562843763318458   0.16687105067216934   0.052631229143871895   1.0094234944293703   0.010799229599153342   -0.01238223720086924   0.011449057426564218   2.154434690031884  
3.938940655931215e-11   2.8439091344678605e-12   2.206624061197943   0.0970073444717149   0.13441527215101676   0.04469995316729793   1.015485259248448   0.010813244771650974   0.033581879218331064   0.01171283819388183   2.154434690031884  
3.5970560904221933e-11   1.958630079436847e-12   2.525306285458866   0.07434725845187064   0.03797983189837406   0.027050502480828173   0.9909288693086363   0.01069237407936724   -0.003833593124748394   0.011615899615303477   2.154434690031884  
3.959941481802868e-11   2.4021149379072743e-12   1.8230470707184403   0.09193570726834874   0.15783468803107825   0.03606334199923421   1.0019457850321083   0.010746750500730592   -0.007597063264326386   0.011518153898138057   2.154434690031884  
3.8250363329767674e-11   2.720346499530348e-12   2.4065387256183954   0.09211012612579497   0.10569329098021724   0.04303341331646165   0.9991530117926549   0.010729859416297768   0.0016994008364635343   0.011588354812873477   2.154434690031884  
4.021190731614116e-11   2.9722398348590116e-12   2.0943981456399667   0.1010863017058511   0.15294516604049338   0.04688783125577277   0.9912343095082947   0.01069404203726818   -0.0011922420571091113   0.011628479191215959   2.154434690031884  
4.198955951008531e-11   2.7200035788053707e-12   2.366724330311856   0.085934695334216   0.10440281273067553   0.03865344953752312   0.991689257396321   0.010694021429006011   0.019659971243239996   0.011761424070674058   2.154434690031884  
3.87054758772935e-11   2.7947387454046033e-12   2.4223225930861196   0.09212471980938935   0.10876711964830872   0.04418720692337363   0.9994806864683133   0.010733747169549291   -0.004600675969235868   0.011549572870476156   2.154434690031884  
4.7300123132522393e-11   3.423863270587923e-12   1.5451646063698694   0.10769129537855308   0.2799113684481864   0.048797492068841215   1.0123299885253207   0.01080163434427827   0.013140162138597991   0.011595434277460953   2.154434690031884  
4.201239853028622e-11   3.0333131520725987e-12   2.0061018099511725   0.09987946309197983   0.17727689980041217   0.046296607525266334   1.0047514390502619   0.010757359807284237   0.012604547523789285   0.011639078316563602   2.154434690031884  
3.7160384488691093e-11   2.399300125515627e-12   2.5213250497291706   0.08475704133299808   0.07097209741887694   0.036775058098601064   1.013354583971551   0.010814199445659083   -0.012407075510710663   0.01142148070407171   2.154434690031884  
4.1256047461345034e-11   3.04251188233858e-12   1.8794574367635326   0.10368171357771601   0.20350544404712376   0.04755604221944782   0.9681158269909709   0.01056200749365909   -0.00010567365366964076   0.01176645243783011   2.154434690031884  
3.851544038235638e-11   2.2180908948564375e-12   2.258919990777608   0.08168444618504306   0.08283304400345991   0.03147183119816433   0.9717048133708582   0.01059156375592748   0.0036312524041545477   0.011779731972145616   2.154434690031884  
4.3321811681547366e-11   3.0138850530340696e-12   1.9189455138630114   0.09908669409465455   0.17655400627179677   0.044480746859575204   0.995213311597442   0.010719499575841764   -0.00476043349070216   0.011587146163790224   2.154434690031884  
