0.06272830384841654    0.02586326167511288    0.07710740331094712    0.12019361498823855    0.014318270958028734    0.12177783764491323    
5.779665721944184    3.659211676742416    3.805495771273854    0.8198065686156042    2.7398297625186387    0.5477030578767881    
0.3192550556414062    0.6232231396570569    0.0010248038306599483    0.29834502379526384    0.6393449447932653    0.24634316362789832    
2.6286666045925813    1.962605057808105    1.9391878402529983    0.5073252582224086    1.5735778603702784    0.6973810101189883    
2.0999063310446218    2.7922627624648158    1.1570007105037803    2.0350259982660646    2.6069405694288434    0.30743488438019995    
14.872712998505449    7.189786272007041    19.291757193539524    4.682079044330749    5.748351599817397    0.7233654977171682    
0.1704607870487962    2.7426864441804355    3.430270451644901    0.12570138079172466    2.6945059232821222    2.2957358061685227    
0.5029682082968066    0.7236064182361588    0.40207724286301527    0.8284890501236077    0.691283518273849    0.2934211202664301    
0.8067870725499233    0.14770255199982785    1.6147592786728637    1.1440041161549743    1.1226477344316663    1.0138917886797572    
14.265379790245788    3.0503494845179375    17.510122888357728    1.122589708858868    0.9908659693028312    0.9844426945637679    
4.97771273861872    0.24780998805363197    9.87229015804769    1.0077463180932682    0.33503921385272406    1.6356440930831013    
2.094573321126518    2.2122085288719973    0.5606293294113129    2.607344312709756    1.7999036854016595    1.044726041975082    
3.2043606589577394    3.1965248132764827    2.1586373306054156    4.140518345477176    1.2169161178317154    3.2530023612634977    
4.318558561804821    0.07762004107644316    6.008786487320322    2.218652530296822    0.10908919395296834    2.1165636740770424    
13.100892819013097    0.6116437415912515    20.564318032280426    0.6657147878431715    0.034233090409543365    1.065250839717919    
0.8216888531896984    1.0904175761243096    0.39509503601584584    1.5497076992905932    1.510614250350045    1.2513647988525918    
0.5461216402472928    0.4424905903142644    0.4903001782804495    0.22360379678138997    0.05750940785219427    0.39084738527890295    
35.96563467437227    21.272941237024497    71.80921202272293    0.011904832077561878    2.16234056110261    1.4657932081609033    
2.618072492390638    2.7195676280825865    1.3671794049441814    2.7806850952329114    1.8355602239898872    1.4548039715300547    
1.272748893534299    2.393507293149014    9.487208122460288    0.3752474215289112    2.678675676623243    3.9350861288403394    
0.06575660059752408    0.06555817808839492    0.05373588454676792    0.24685397143184673    0.12050289449689444    0.23253663021023385    
2.392052897863323    3.0196327984158415    1.0033722081716405    2.4004856829560595    1.3750575189478695    0.9941845474386355    
2.7961584586882964    4.459349449389265    0.21091089808032848    2.1634121485694777    5.143808471271768    0.45858615479664877    
2.9219819337013178    3.908043544841348    0.2643255058210343    3.4556014555855654    4.882936292444356    1.0550896847707918    
2.7398349054565188    0.3179145387694007    4.728640783680021    0.6829660783405416    0.05056574552145321    1.0180878108512843    
3.0611927105637733    2.900892821038724    6.919486255617812    0.15115867773420177    1.1054190240829485    0.21747367165517062    
0.08772119876812212    0.9380996136897011    1.4059063962340588    1.3648556748667033    0.6338666792580625    2.9341273863537936    
1.7339654903335031    2.3571215760021005    11.601046342722839    1.8882434845872922    5.276031570625491    4.078425881860312    
38.81855196255492    6.957221258649952    56.27646511908097    5.257428406315739    0.7471152029756922    5.153858339195722    
0.6358179888193263    0.7376811184512917    0.22328867384931073    0.8352666748687625    0.9047101294272579    0.4824682762264274    
0.22901861304126214    0.27378793733078055    0.43419830974016804    0.21002534110448323    0.26459968158451375    0.3859280825854512    
2.7126508247456513    1.5926832883997122    2.7599452699068934    1.2003107449272648    1.228310158199747    1.3152686361136148    
0.8788092805043561    0.6275386625202373    0.8696819576434791    0.46092877455521375    0.4644083386956481    0.26797564048320055    
11.630777326019597    0.3310209214396309    17.8860356235964    2.102723067466286    0.4022966234042542    1.7161057251651073    
7.472989823028911    1.134887661159155    12.805469591126894    0.8409122301090974    0.9625648992077913    0.8093343386426568    
3.8021753193606855    1.7076563354057726    3.337584787324886    0.20772047947684769    0.926830572396284    0.43693015427561477    
28.29188984785287    7.570405387508799    37.20360534905922    3.1954148153599817    3.314129795966437    1.9309164278383832    
8.506079681188567    1.4728489556437125    9.78784379773424    0.5589986249106005    0.5057400202349527    0.40004339304869063    
4.69445835793158    1.5232870114123216    5.771576879051281    0.5768226629734272    0.5476184164581355    0.43637015111744404    
9.661008345152368    1.580351092008641    9.231631440648925    3.528562166407937    2.125192363600945    1.1606916875753086    
8.767932397939148    1.4124970843695337    10.82978525753424    0.11610265860508662    0.1862802690884564    0.08901708551275078    
2.9210078909090953    1.271893434721278    2.163554716971703    0.47443813463905826    0.8550796928611817    0.7314855119620916    
0.8831345796497772    2.1940913918660954    0.5040649379370734    3.7751085252675693    1.8007128584868042    2.7733859989384655    
2.077305986531428    1.7350886065978557    0.5354183633171488    1.745204207385541    2.4786381374578923    0.31477113884466235    
21.71462937897013    10.599726520798868    24.835546792455716    12.378988558484707    10.83864395096316    11.253869249514537    
1.3409426748548867    1.1963378218497382    0.31184569795732386    2.790382665640209    2.9654803666780936    2.210821358632529    
0.8753746176662389    0.5510051227902295    0.9724449171044398    0.8543209660856519    0.5121424282115186    0.9267776908818632    
4.239048723378801    0.8985424959391821    5.434108311063028    3.2379676860873587    1.420174577520811    3.339175108325435    
11.26696210852242    7.924309710229863    13.654994755081134    2.0138029230583925    1.5384496732003754    1.035465736000333    
10.799777999389335    1.2073387160489801    11.693094904287136    2.091787653102074    1.9476984182110755    0.3581008785695303    
28.706329525390174    6.3758221181924455    34.04845242619922    1.7596305406332249    1.4619293840660248    1.4963227103144163    
30.71126888335857    3.1909277723316336    44.50703502644319    1.052205908767064    0.5347236894012894    0.9954565397783881    
8.125217962442548    3.437955418310594    7.300891297520138    5.168086656645755    5.273209465347463    3.472615770660923    
19.296211349370424    1.4281112706667045    29.127357745572226    0.1423683215980418    0.0369891558366362    0.3448565588623751    
1.0189251759147737    0.6344931158819236    2.6557758073613513    0.1594553049217211    0.3970304365066113    0.6393005357967922    
1.8675089391181245    2.2760549157101195    1.6029917064879555    2.2538481470546685    2.6508617406216217    2.0006018731364748    
0.7005841870850418    1.1644598039856646    1.0576005447510397    1.0218361221050145    1.5196446349000325    1.4463766426197253    
1.272869556050864    2.8524774659745162    7.078733806949458    0.08345321589149535    2.347299313696567    2.4210436572611798    
2.2036521994159557    0.39120167041255627    2.0803431486565387    2.7237172132445266    0.538907419424504    2.1714482104143826    
6.286728916806169    3.649662774943863    3.0129035688878503    5.113063041339046    4.332780116717913    1.1750694214279065    
1.2776570675778203    3.310524440399604    0.38725060141587164    0.3162193495372776    2.984340865747072    0.44452013226691633    
2.332829924474936    0.5792730880493764    2.534578530161525    3.0746998085814994    0.3905331005953485    2.824572394922143    
1.3173956285318127    2.7302274938701885    5.724306291827816    3.1314977604924934    3.036120209028013    2.9144486415898427    
7.897249619461945    0.5325837528071133    12.301328204601305    1.379618306091288    0.2280670889886096    1.7738957565597957    
0.10935423740011174    0.5492241380707128    0.982100049033761    0.8141951406287262    1.0637960111926077    1.0143898155220086    
9.246887947258074    2.972303245362127    9.55867869022768    1.2102157722401898    1.272925701487111    3.6086622786533553    
5.410109750111587    1.9699684141378384    4.33892193470092    2.62844729689823    1.9940107581933262    1.605976497841766    
14.683894759305986    6.623894951917464    20.88933454231301    1.304263807091047    1.2330073307966813    1.037719071522588    
7.990710936850519    10.406629342789529    4.9976489264081465    6.167391395763843    7.693779605062446    1.9411216958687874    
5.2370730081165675    2.3095553316234145    6.51369591319235    1.551727774873143    1.6452194614539621    0.8758244366035797    
1.993491930741584    1.977701411349699    1.6325550275942078    1.9824426863051485    1.9766941530397162    1.6088382786983857    
2.007888196283602    1.1408942555135582    1.6493696570396423    0.6795047767955111    1.0870530129323015    0.5007390542305075    
14.869884230691241    7.847456761926878    13.025658945538453    3.1455493996909354    5.5371255828940775    3.542098026315216    
0.6317094804544467    0.5077479020983446    0.20791682263370603    0.8415487555175787    0.7001332946820185    0.9452101681818021    
1.135016554253525    0.5319218052609358    3.4921631952311145    1.2878288851352409    1.6335752083541593    1.616024850125541    
3.308828329012613    0.5539848254411481    8.748050928857992    2.5461919557565125    0.6271368790767156    4.467529132569325    
6.255044779856689    2.1127662904618774    12.11310007594875    1.6028644105390413    2.2578943360276753    1.4954747799492907    
2.751113677077228    2.782067774038296    1.2027901699766517    2.764735410353751    2.6179792621260276    1.2349369072617264    
13.212854440076626    9.741526784782764    8.29527674370911    10.91961778786208    9.898747011262458    5.354021029139403    
5.374695890073781    6.545178351079812    0.544789711930207    4.212893282572622    6.507357436479651    0.3730667424533749    
7.6498442375450395    5.332135483287857    7.843040571198799    1.7855634678999195    1.3239435693249106    1.370654190381174    
1.9518425121641485    3.0169174978218507    0.034353416733210906    2.3555840566259576    2.525739523814991    0.3445606802997645    
3.5395911743835313    0.29172929968626704    4.113594737063977    2.3526088379876455    0.30482904937525745    2.012132030315115    
5.383589637160185    0.6741478005569661    7.631154872418847    3.279659180858289    0.8157468800782226    3.6458115671703126    
0.08534132716886234    0.01577724251546897    0.08442645891045686    1.2980473743664334    0.40224500505428296    1.424560788072995    
1.5848683441290632    0.49490614283422474    2.124127852381207    0.009901073586661369    0.014189812805852853    0.022579925891477615    
3.1902435938973213    4.828902422639658    4.302238865187974    1.424267455804511    2.8527369404619094    4.215747600450413    
1.4130076872970676    1.544042556270142    0.6827741967572365    0.42628118171705864    1.6511247895396082    0.19173612241866067    
31.376192384792375    2.662060894421302    45.138571159288404    7.471942089337972    0.3242228719900595    7.12787147166091    
5.61809538093803    1.1484448558912845    6.764155815370032    0.8537576062517473    0.5140150849911151    0.7206144427036634    
1.1361524577951059    1.8357025464210892    1.2115191220364068    1.0755587242892943    1.809542721224716    0.5718907301488798    
5.894457662667264    3.96406936061976    9.675685315727605    0.5216487050493015    0.6785044270945946    0.04643284130725078    
0.29123144783079624    1.299917391326744    1.557120021810988    0.872925369796576    0.6855960244283779    2.5895614410255803    
1.3649922728945967    0.5793056223046733    1.1377667783526704    0.19004351472540293    0.5845493496744893    0.06228080809523817    
0.4091462540818611    1.4778787957620807    3.400646124558989    2.204009872264578    1.4645262434059987    5.306954272731673    
0.5863833038165467    0.28489865266601555    0.4646564781287452    0.5876275205082493    0.25025057622406166    0.44178948321496136    
10.820199122477788    0.8440780705714133    15.650146141866571    1.1708715395216132    0.4952493135642726    1.225268213878735    
2.396576727871434    1.203287430733326    8.178857343067648    0.8089786455821013    1.4947755036264425    2.5724199932301417    
11.737995920237154    2.1116347296192544    10.512324229610385    6.749221955935354    2.4274266285501653    3.2443112455803202    
17.868951962926076    1.5867186604446033    25.120861985953525    1.184679168756702    0.1764549661311321    1.29274960514158    
3.9302574277680833    7.538201434086659    0.01481250512006227    3.510277256864356    6.923146770073799    0.016845849677338265    
2.758987652909127    0.6810942949960008    3.364721183475922    0.12361261683690827    0.12068313942290843    0.15484355363878421    
15.61103337862005    1.0013085761020193    19.349088634146028    2.0308061415562406    3.0533872896485263    0.6383970633178251    
4.6161909491347615    0.08832984683976974    8.05625096563017    1.9815032975020586    1.4599981541396119    1.9823328224156285    
0.4363642605312634    0.6780542809719918    0.05365550359420013    0.7551924433937529    1.0236345864250325    0.5132375781977316    
12.894381851394428    4.125600599421887    12.701147080297233    0.6070899365877267    1.6315225266298512    0.650537375579006    
1.1901526545698289    1.1717471879674122    0.8389109719719272    1.1461779712262796    1.1314307551801903    0.769675434086821    
1.9393952697137138    0.2158894300519023    4.870272769083385    2.465137610648526    0.031282550873584114    3.908524975166074    
4.246627679938683    0.1939544767665211    6.3091622095817    0.7528821166924899    0.06672311884176452    0.6761825091671199    
42.09199446326238    8.306169403731474    54.833870365371695    0.3432421655161306    0.27164676506072283    0.2893720768188359    
4.801916101700044    1.7738828870205907    12.780459100671578    0.5767319014703389    1.4472132541268365    1.5889103451918345    
4.504526816657744    3.0094427187286783    2.192092507670168    3.1124757546931505    4.824992554698838    2.5132259450037964    
3.7621752647391986    1.75076668697875    3.2094224465836305    2.2849941160529852e-05    0.7408651235164143    0.4873223131871782    
14.63641840100172    9.34244233800564    12.948327933656401    5.759022152225953    8.910305253913975    6.021239228968625    
4.233662278595148    0.16099425143329427    5.373860596155282    2.69109204421693    0.17204364731151145    2.471713001388707    
14.551783865128527    9.33675424354442    30.00906250254775    0.6604534822690766    2.353675984792062    2.13916703533323    
11.946605236124014    2.2393307121674297    19.02372455378645    4.743853919499088    1.8631174978945637    3.539017830204102    
3.1130274724564515    2.1724575742846355    3.5262145279120887    3.3801172967941966    1.5167404616659041    3.1871513022633735    
6.076174525238457    1.4280451095110038    6.076079587030108    5.172463595081354    1.3985723631485598    3.7471387789264554    
5.979440528273699    4.779467517480953    7.743675668840297    1.5350883172504837    1.9705458910611924    0.7033790729183238    
2.3408053190651117    2.3802429421484703    6.6937721978029    1.977582288265694    2.28080167574808    4.279600801266497    
5.670381513264147    7.643838933887309    9.55975881285849    2.1762975086749066    4.7989184429025045    1.8243097882077564    
11.231896559591405    2.403819116705563    11.80287938589754    1.6503524675499648    2.0110342969128396    0.6245182277489221    
7.578999208490131    0.11420326953520998    14.784277387152542    0.023767023914842866    0.5981596448691562    0.42219492670847103    
0.6670181415975094    0.36332618127926253    1.0112822156806942    1.67502118361881    0.3724922952824272    1.8877825675008353    
1.2576214759465074    1.9628880513919285    6.799440525632235    3.1983358749421313    4.067501657191315    3.9506921498687007    
0.3747939526074333    0.806028192906524    1.6706233991426416    0.4014422828622628    0.9235067622212227    1.111401804810157    
4.905113569460809    0.6730378453212325    5.749828973202966    0.6125915365992114    0.38682530594815034    0.3108683744503651    
2.0320989447645843    2.259254791511921    1.344415100873448    1.367822627114947    0.8798437119694427    0.5536421771976165    
9.792894108075416    2.9694815602415474    11.247811526263831    0.6458072525565512    0.8136521167471074    0.8741992798022693    
21.24460012266354    11.487763889424969    21.52671305453987    4.289241773483809    5.961694725978305    6.015610897331499    
3.6287819909339305    0.09423526939644944    7.158082086374634    1.9031167282082606    0.1317266494879732    2.856991167893284    
15.13333659536147    10.98351963145251    14.615495400255895    5.373698395778774    5.563842559262412    4.826372338386136    
7.110570560209453    14.4257396554749    5.220978736644611    6.236245991967735    12.125809756282251    2.026098494330654    
2.044800286210375    0.5778952323744306    2.828391742470558    2.102817718332517    0.6111462613480398    2.8369701772899134    
2.1028246652858797    0.49299330794019625    2.8420599684031913    2.564291701943148    2.5632501290092478    1.8716833021026105    
7.409950507018948    3.7946367269323673    6.150022976362379    0.08203793712891638    1.463055602289387    1.2879489440529142    
0.036039404818438925    0.6546646771021187    0.3531175760435872    0.25717448189971037    0.638643847865751    0.23856905194406863    
1.035737184502068    0.9934717515861848    3.02840245536936    1.0650316369719803    1.308683266688604    2.0655663627112517    
3.662254553331877    1.5022169016301632    4.683329318853794    0.7048545788129559    0.33189403668802697    0.458586879336508    
17.65094783315726    8.879241006812663    16.849313614424318    2.023766216778313    4.38074959073856    3.37839251360856    
1.8288081123755546    1.1228407209127909    1.6993941634136718    0.05254939782025758    0.7420433533552568    0.7871975866873981    
0.6145717873587273    0.5198336118046427    0.19637399903149344    0.7572292772820219    0.3694215028954204    0.36349205517035443    
26.026910282831523    10.252484883647412    26.332292526232777    5.750754166045226    7.51545971147425    6.5029443053063005    
4.441896570395329    2.41293786377355    4.64231562356872    4.699127901301836    3.4110923761181766    4.643520567347878    
15.3707248763385    2.8368227812024998    20.91054306240403    2.126253772788914    1.127854875085177    2.047807659721002    
9.663831628102344    4.575680843758164    7.328781135525787    2.7946903018892044    3.8324831266800174    1.6944164914748399    
30.444378383050207    12.829016794406925    63.84973264699511    6.521075068536447    4.026371474727057    13.23799199872883    
35.41009070217842    0.46671783934289124    70.99366301237023    2.2303250385739375    5.773074584387359    4.995351568417391    
2.221632790140575    2.0289171345502837    1.8457496446499135    6.881722707912559    4.649382983421674    7.011513712030137    
1.9041988736425992    1.776097051872057    1.4678946773492498    1.5272468312468845    1.665613484728965    0.7118346685601864    
10.89564189214434    2.749139104373171    14.09971991290513    7.440147723216796    3.0190426180924987    7.684581393288681    
14.901917872630293    2.560234791279072    17.020157994615147    0.8686643871333217    1.1117391037987545    0.12007849737710785    
0.5634637720650062    0.1215808924898738    1.6218938269885257    0.16652394272387028    0.22162141038279515    0.4270268000109354    
83.25219287602522    13.655774777376791    114.61888472498686    2.8385728061257396    0.2962962259189226    3.7877663555846084    
78.501300719945    14.81957423100539    100.99662035130314    5.878456621110672    1.7716706292849267    5.5412902601092355    
0.5557423631835263    1.6257328769861488    1.5244763232622063    0.597041380679002    0.756004769471474    2.1278345523169264    
8.098109070546343    3.0854249823023565    9.36589341146464    3.9137434841832146    3.5405946264218073    2.606103370897472    
4.058196849713568    0.9742716098553501    4.074891900731018    1.3517434516252251    0.9106841882457957    1.0681752668169793    
0.2820572797063505    2.516971423072391    0.7774533540359698    1.2332718586403644    2.5256436267809477    0.9800373275065795    
0.5051367513806326    0.6245068669959437    1.0707145789201604    0.48728638446482364    0.5879805189033505    1.0409409022249747    
1.1063557526649674    3.1349753445538227    1.5591314914927352    0.1742670097592054    2.6187128593592206    1.5318723709060578    
6.599967376620043    3.9742293827584945    3.216083780193003    2.2974470466870116    3.682452785098576    0.15405160951195285    
17.521446968705277    5.836406851085485    39.81020717199135    1.90665430406807    1.97565864144417    5.853567121463129    
2.418994481267873    3.6588500782381743    3.693655356837553    0.981767916251556    2.3906149404647294    3.9052924561401596    
7.139985835048719    2.973569576992304    8.723953214255744    3.928418792653247    2.911260321838199    3.3696311209641863    
3.2443190882040653    3.630697757413145    1.5942325890646316    2.783839614421595    2.929758276208304    1.0713302086223848    
9.343775155663025    10.841974354392732    10.520091440208489    4.812752364203334    7.776448186501511    8.807863920403179    
5.086003117001383    4.463322623400018    4.0581007181317545    3.809676537581254    3.770197648802423    2.794889119977597    
16.187738859502133    6.491603938193293    21.169271751801716    1.6348457118874649    1.4190693394484697    1.5111950341815827    
24.088355366533506    4.521925820969045    33.34818189457292    1.763095518326736    0.605004115626798    1.535881619201973    
2.4069334028754383    2.0579513571428834    2.1465252793277614    0.9215013219072716    0.9499097705411259    1.207567009536433    
0.1433609895175323    1.1642429281637305    2.4905895201372914    1.3417579771194141    0.972164921433432    3.8338434265751857    
2.9820108371786773    1.3540596787934192    2.7002123132551787    1.9716050879505929    2.0159871313662734    1.2812514402030502    
24.5356933028379    0.9687609352113213    43.66743404240697    0.07234187908761669    0.9298316724743927    1.0176162760471925    
3.236438530337182    5.568786770076258    6.3290247192344395    1.1978506819432369    2.5321442836575443    0.12867653599823825    
0.6743141213664785    0.5700465341069503    1.7704075340152485    3.382678551643039    0.11166594694077503    4.690156955257407    
2.8025898269406753    0.2679259247670416    4.842127657524543    0.4540219179179985    0.20191672211512923    0.6222546332573984    
0.07468513552157674    0.41631328308722004    0.45171795500209555    0.12747703878267203    0.22388726148346905    0.5840164170513162    
25.19247687185998    10.132778433151543    50.85404282780655    1.844340437281062    1.5145035992463818    4.877716353410506    
5.468687653716188    4.596631292777602    12.590339561356814    0.610180426039733    2.1554136711201863    1.792015035127406    
6.687543306616135    3.3724301049514906    3.4787738667509984    6.403021747872117    3.3553837717336137    2.8200819561898243    
2.859465095709311    1.9994488032680238    5.090190040005837    0.2806255735340528    0.4721148183452897    0.03768571119871922    
0.03761587956978474    0.03111929414444603    0.1406699819926871    0.17980856348003726    0.16091608771239407    0.18072425048740115    
0.32503529771929607    0.32011996328947134    0.15467441390501335    0.3342945397744188    0.32648916318430565    0.16330398686113767    
17.6762414042023    0.23013237536360975    33.21288498562353    4.960218130843714    4.570187987192185    5.217195777091547    
27.594268701519468    2.9650993381947046    38.12029893687577    1.4127775989327347    0.2465689253876917    1.46444083674578    
1.959546496567782    1.8294214864145033    1.0699330173956696    1.0106937404780183    1.8677486361557385    0.7209714868513402    
5.945502702888916    4.852775478051626    5.925785159502993    1.0369957473158138    1.9634273637639126    3.012269823841052    
21.737846805495792    6.222640572130331    27.201237414497882    3.825316369649954    2.370910010737134    3.813367975089932    
0.24369010151713155    0.14367383532226086    1.0816048848064383    0.15682765122619458    0.1517307789181359    0.5587375352770323    
11.785804696148261    4.177904529511579    11.041480679763481    7.813286662945757    4.2152777643932495    5.204387567733647    
0.47629777959082276    0.4379689288762165    0.49371801302186213    0.7412662459682906    0.630587719482719    0.7577460565080401    
3.9066917411255417    0.48149976911372505    6.601969212657423    2.6166164513560943    0.7609726192458766    3.0411070207192097    
1.027902539630304    2.122861562354956    2.1121707116544712    0.36549512822239194    1.3298642693116562    2.6392301504820352    
4.010259806454997    1.6756856194551801    4.645536947122309    0.9717140457069036    0.37344595245667733    0.860304477988393    
41.876933627863764    10.86349436925957    55.26650599799177    3.143637886401848    2.9064166177413426    1.0451416938012699    
9.788765958335716    0.34845830241101794    15.600026910396991    0.6200754197343485    0.6993427876150236    0.6918930901738349    
6.890421407733811    2.1430766227131244    9.830269801910617    0.0838176063989522    0.08294235588982701    0.07164763583568856    
25.222348972019972    5.656867848170805    32.072336615397944    1.0663634923839709    1.0437921904231189    1.0074058619065909    
5.153927617924637    4.0454201359680155    4.726464910287177    2.896163985831663    2.4884803750755964    2.3675757476885337    
0.09982935979496688    0.4175909221958136    0.06669097515987232    0.09786800050642341    0.41964914117124863    0.07205092944786884    
37.93618599673209    12.631550129764946    41.09613041613193    0.6809059894585516    2.079870763293002    1.828971507769893    
0.7781744029052788    1.1491329616837902    0.6508465681545204    0.08199735901143868    1.0358178757305723    0.7654258449183544    
0.2324878229701426    0.23224603525886778    0.1717369428370148    0.3657484849827597    0.35758867385447957    0.2924590447510127    
1.9899444110196782    2.1031809455598705    0.7982461120700464    3.085917822420015    2.3854374361399096    2.1851634347403888    
1.3732602881354978    1.6184813985455548    1.7393477839505067    1.611945535405539    0.4821384781389497    2.3262679453910096    
1.651446160642081    1.591108711596462    1.7549063518381445    0.4967362301540561    1.0965537620795658    1.1562247005786048    
5.696843365134555    2.9762474047020078    6.0787010275089415    1.64949732045352    0.5543950913706794    1.8460110947780777    
21.10087238275446    3.8648382817336824    29.21242441541108    0.2999839663389139    0.32933541385864373    0.19682381757593248    
0.39282147800258826    0.07908622101240326    0.5537881382188061    0.31072269612923265    0.08741154268500395    0.3312632296583615    
13.100922271391028    0.3858725579630118    22.479300675011473    0.8146578262676485    1.0894013263605302    1.1268021030700766    
0.2625150937383296    0.3759904761973303    1.535618548252387    0.12036041499231942    0.5342088092147605    0.5768789111752994    
3.6729695781250484    2.3852451149577973    3.8538206888188142    0.7474467346764868    0.3657599106809357    0.7408718784572557    
6.449231550184777    2.5713634164858377    5.743239401999745    2.8440316666819854    2.6426256431732327    1.185293760339846    
19.241107488109265    5.531688521121396    14.924970130057773    9.693306999091874    6.152589180608629    3.609841930840048    
2.8851545561483363    1.127533078470151    1.84531561275071    1.7244604797888314    1.9284295103134355    0.2987365841399878    
4.128134542115731    1.3367423286399571    3.5561899186868686    2.486093439918477    2.269350454531377    2.0440377745981095    
14.60813262569718    1.4487991019850597    25.710707645645016    2.325079793561599    2.174229326134082    2.8965812077367445    
0.940875002372195    1.2822636597265955    1.3499167570844293    0.9771914714074228    1.337507215095684    1.3899376118351938    
0.8960134142398601    1.8222145264880965    0.11310482956469059    1.9833602871221956    1.2435437766107498    0.9242736155865714    
3.001746837646351    2.6722026279749116    0.8073433470999589    2.42800676713523    2.683123435912421    0.30614032088487875    
4.508359530300368    0.25707725415122695    9.142890799979796    1.0154675988596864    1.0645243652688805    0.8319712663796963    
28.167938874932588    10.358128012318048    31.233623733962304    1.0895456691650907    0.9708362417441094    2.7254023478744784    
13.81327384004544    4.82385103708657    10.671750703448197    3.5705683114065323    5.920333019574173    0.25521459033188876    
5.771620070314384    0.8861782512976788    8.597353372373618    1.3203060706000542    0.6730524261802202    1.3883859223278705    
10.529961443608045    4.35549191555765    14.811251989071025    0.7573627771780593    0.07123927323846146    0.8566957468283363    
25.56680900817446    2.6113079864153406    36.63332887500292    2.5220008659816813    1.0863593349058647    2.4002766741614323    
47.79785137042927    11.921228523773607    56.31182934441313    9.28109194857825    5.50608735147398    8.956235472214757    
5.533121777451015    3.1564216856932035    6.241202568227891    0.8279062622314086    0.817785712206387    0.6939786132279551    
7.482068974408321    0.7075222478742944    10.991035595419817    1.0698620176699478    1.0448835140123265    0.8898958509817021    
19.53798343076778    6.095976153796073    22.605769950023387    0.9120966948976275    0.522481507374323    1.5695060009747976    
4.051537365099648    1.9921458637254545    3.8512620986875845    2.755137034706422    2.784598522557644    1.7818389518652111    
6.887183236598503    1.8480293845786946    18.00555574509781    1.6826765909208916    2.272372713909135    3.70893648143101    
29.065957800950855    9.123340771169751    33.08947894068842    0.9232993651676225    0.4661656600655988    2.3501806344866054    
17.989715087169316    16.162068305304274    25.702210155825014    4.6995133656746475    3.5580948393326253    1.7456728105025832    
4.319676158149377    2.639633623228292    4.813736934316694    1.121431406994816    1.1110730980581138    0.8617677138536237    
2.0341356118151452    2.7158356454456225    0.20311825205862988    2.5372752175026108    2.5220788218575763    0.6109435479302192    
21.680454315210227    1.5177226670348318    32.77855799612007    1.6577015841030516    1.1317990074749105    1.664807317982195    
0.3268389982840745    0.5284929294139147    1.5412843428784981    0.29572258195548784    0.5668528784881346    0.40223925982718356    
22.556245304294862    8.348115797009086    25.126394066159264    3.593596846141736    3.9044003736198647    3.9245591726503335    
5.08033737797814    1.99940160458209    8.558741754546645    0.04597964804270305    0.21909373442758806    0.05294967704685405    
11.801867904723622    2.9683173085795715    13.092184763852856    3.7570055383694125    2.3518965139228385    3.5653240940300748    
0.24369152582949027    0.7254609821247868    1.4647954596439376    2.1130975010892143    1.385748613611213    2.020076071799849    
24.436305309354793    3.212069635192165    39.98462673024915    0.3345589251839556    1.1081129210360814    0.30601879459572956    
5.092778921112767    5.14342354942346    4.0961783086677315    2.53703961672727    2.2017688348860247    0.9825072382809594    
6.964832542013028    3.602429475518875    3.9551999658433488    3.970205121106119    3.969350353349    0.7631129556248197    
3.118210696906317    5.448074390558759    3.426719347029575    2.5653401209128788    5.511666481601424    3.4311175254551927    
10.762286692552152    6.5258231507614255    6.376053015701473    1.469007476232946    4.835243913476006    0.19250110193388537    
0.19212864502333105    0.8940195068571484    0.17756650199589785    2.5450454994424945    1.4109376066771802    2.191410775441909    
1.1040583242283901    1.1162065799435368    0.8778314794617472    0.8831498668878339    0.754657672077883    0.8612820088164881    
7.975677417998668    1.9086928012984572    8.92272236815188    4.845469777006656    4.360226480959682    4.150885018039844    
13.237789505743422    7.590448326183832    13.95493502485624    3.10249125304108    3.80135474333656    3.8075664639327442    
3.7946324288350297    2.9452673870982835    3.470305320850457    2.236224581938586    1.8028700717404718    1.1292005719296867    
36.02837786504824    10.017518472624943    36.89558863408456    3.2340633357234765    3.8827648322912864    0.8775552671140758    
37.01156325938064    7.191269154835027    54.95050713587261    1.5601410070230486    0.23458053552894853    1.3297523414803436    
1.1147724480106262    0.05966998254007194    2.430968265791307    0.47302587250305805    0.5072562826244393    0.4843697517790133    
0.3883241792646004    3.4696775767515646    1.1575270376488334    1.4083192859543487    3.1617322371312184    0.8627265155082569    
15.427364862305694    5.305851703742519    19.955028135504108    0.3198870859341696    0.4826345576439053    0.6007604772603372    
0.5030201862246031    0.29389826020633336    1.3282313563977368    1.1684947004250716    0.046675794321345165    2.337069140805397    
11.78919616281928    0.05258296796819195    22.820138555849553    0.5858356755343266    1.3179469083988806    1.0306689359713346    
4.044576471787877    1.1893629123806022    4.010774489797768    0.16827672626823187    0.5070361984689953    0.18253374994674232    
4.963123785317293    2.777176816467545    5.475305781044881    2.409148291888414    1.95478463996551    2.241852404884412    
28.477928336695186    1.58275171641435    49.246931331261294    1.896295570579241    1.6602259345381754    3.8733322065672837    
1.0395731160242576    1.0443985531601356    0.8879973082221113    1.0168215494195465    0.13247984017652925    1.680845685856184    
0.33553290279814973    0.3030643501697341    0.12999401938577648    0.33700120194407646    0.26864633965305984    0.1325660468719434    
2.306956282525789    2.195333039649995    0.8140954398695612    3.3742338217271026    3.312116105676978    2.5041779420134844    
5.967838154538185    1.083710219085333    7.618448692883248    0.9249885831086431    0.5675315176340519    0.9256799295835663    
12.16497927736782    4.2624756321602035    18.81072970230889    11.706227022019448    10.015245956266881    10.86391729483148    
5.647192768927198    4.146260285429889    8.85904426043271    1.6929506565938937    2.1768465946952347    1.6752159939496778    
19.70845527142228    2.1572922928316984    26.164740206557326    1.7076876301434822    0.47361401180387475    1.5176047259446932    
0.6579034600435989    0.8016945257259067    0.6611603782657767    0.11090063917799853    0.3545086194353644    0.6680596803780645    
20.313169890025165    5.193892118288204    21.696360805275617    0.37268681554996874    1.2211760954378406    0.2838057993358234    
1.392840642860392    0.8648577476124046    0.6800613711966434    1.447874259101809    0.8119771424244391    0.7484497923142044    
3.2601676956546726    0.5527935837162659    3.6416210121969925    0.04430751888139639    0.16617596504511312    0.011259756342042238    
0.10479284833127167    0.40143618534784764    0.2716012716264231    0.09542580397101119    0.3925089810654754    0.25833728932775557    
0.4199710672983201    0.49950774283206556    0.6267819212225731    1.6912259098899085    0.002579337393399328    2.2202154500118922    
8.558485365108936    0.7707999082631432    10.09729875602352    2.7586765244195703    0.7255133200233104    1.84138192491082    
72.03150433274277    18.699615265475586    88.24030322948238    0.6100006230990402    0.8109996165003395    0.9401262430619681    
1.5483725696540205    1.0143973747617565    0.7711224818776827    0.6254511058796197    1.4468896399630466    0.14713168858725112    
1.2967867085972102    7.068994124740129    1.3684614363592118    2.4416082967509283    6.839860542459064    1.529945051195682    
12.166378182882909    0.7706808953662403    22.28180431308283    1.6957564063195605    2.103885836811969    2.350062524070381    
8.432488648599247    0.9516441102896351    11.098916414935957    0.04482766981527675    0.030355111593962647    0.06815974859637208    
16.777648843592033    5.196383292830433    21.057445272468613    2.211550444320892    1.5617028542474145    2.2111921705218265    
28.180687425585347    9.608923435647739    27.287973111087922    10.127076633216348    7.667331505770562    4.521819529370987    
7.587281661762972    3.2946384644747013    5.972954437267617    2.8291023273632163    3.032568926064414    1.9322207492368761    
0.7752541501249652    1.0877199243404903    1.99628408854187    1.029326523799682    1.497116108163027    1.5368631071032723    
1.6961566137179034    1.6998366496991366    5.279569941529189    0.44781017437344417    1.2726184890343575    1.7474434189498425    
54.12754082218453    7.2976088377618    76.43779792632267    4.303845915113925    0.735232893115608    5.307448682651739    
8.351691425224999    3.5437221292959293    9.988298416385078    1.6367433520208579    1.55744657786272    1.1002570584823843    
2.8651982835581293    2.907488576049218    2.9339320156286703    1.37437945662532    2.6962040912767407    2.1249356534244725    
3.1987216214329237    2.8839033678377746    1.8988963529118337    3.8422427324403543    3.8047039042721735    2.2688844502990833    
1.8298647191550117    1.4406995647295844    1.7165004685375607    1.8624803116545081    0.671495089540258    1.1938527134770993    
0.09838795808900613    1.6968330887029879    1.3806912155414466    1.6715173451957526    2.397844435137813    1.938219568663044    
6.89640963455895    1.2829659742710646    14.631094147494878    4.430369299036101    1.8446281535871094    7.071607713922276    
36.25109617940325    10.851714439602802    44.91107836632    4.259245631808881    4.001033519889461    3.8184093286836287    
68.86382949736435    22.85466177552007    78.4426305800007    0.800669649062911    1.998536151542794    2.2530018878896954    
1.719856240946683    1.9049869090958964    1.9280869834910845    1.0606424434226938    1.4928319064201787    1.6549212265817914    
0.8937961856427137    0.659580448991619    0.865390109756845    0.16597960868966766    0.1987250871170545    0.3919620672095334    
2.0411731020285515    0.457100458239438    7.033590437247767    0.304811413254356    0.5969801069732057    1.8090323034848552    
6.310681284303428    2.2013360651908442    5.8540412357397145    1.9496968219755217    1.8825213805685053    1.6550611090497114    
0.286095517949434    2.9751098917622585    1.3641967211151496    0.6163259571185336    3.066986187332077    1.2729217058513314    
1.1107707399496576    0.036601189625798725    2.2614751120563596    0.4838170374277979    0.1038876152888406    0.7656155352451606    
1.6814497528248467    1.5446550237829797    1.5242267720168456    1.5641610960155958    0.41583711972634774    1.698590516098193    
17.214564273963333    2.7016477799625136    24.15063612132508    0.41909157870395575    0.45222769293468446    0.23509847524110228    
1.6282217711413978    7.561483667595894    1.8656264225865016    3.281330965415691    9.010114732154761    2.1815283078467473    
17.861765561057837    7.2631902724533575    15.100688467908185    2.281531663000351    3.9389249213418225    0.7651889153348748    
6.9330785497731995    1.9082361245818902    5.601089120347751    7.236729961732635    2.342321355943568    5.186179642871139    
0.33872693438024726    2.3207508699415484    3.972531852137763    0.10600520676234737    2.3541331217275    1.4810182481305674    
0.13371296554396395    0.12589633848983794    0.12261564654181711    0.13677769170317333    0.11099288442346733    0.13173928842297755    
4.989503366261488    2.539231701332028    3.4703408310888335    3.3678795231098775    2.331297255193931    1.548136326004169    
6.715722046646988    1.0143557447590865    12.79969544877531    2.5940900621644687    0.45291620756324846    4.2227153964631725    
1.6677288832288468    0.5790397864184342    1.2116083521977998    1.5942646872863406    0.6577625546633499    1.0064437814580742    
6.636148491699714    1.0521232777682599    7.6383255343243945    3.5598795529076597    1.0506596754712518    3.0299601151928073    
6.4195307571208104    1.670839811078622    6.753951689897804    1.0815234612528002    1.1572808495548088    0.7029552466265159    
1.0275521724543069    0.8668727700132877    4.088026098994305    1.0313094702578383    0.8374122098030057    4.094367272409727    
31.73338345323282    19.933855758412392    39.631833699851995    9.833863180087064    9.05140789046709    8.340347261168063    
0.5129137681797147    0.6748439385555685    0.2622742598759942    0.2584449295682134    0.8424056884105084    0.5359654137573671    
2.0544737994932802    0.08205377678677905    5.000895908742677    1.5809012676909333    0.0796282814553706    2.8605031116021564    
6.874675311875762    1.8074319776787888    8.231780036192504    0.26130935348919593    0.07725997464149259    0.4170888392982306    
6.625607927329838    2.7410724780056626    6.642236139450688    0.4690929615026107    1.1305775805667508    1.0206652428023517    
3.7627995887887664    1.6868194811831927    10.294530307728564    0.43416346423327923    2.2055633123527514    0.7882247393426951    
44.56976149772527    7.975768549425993    60.01087986692437    8.632221422041766    1.9756737980642356    4.043940381292487    
5.421867877055774    3.479158884831122    8.246402719174512    0.7655945119040553    1.1100575627933722    0.5204768090479774    
3.763995369154145    2.3428328816080466    3.7553259159758454    4.402079769759439    2.9195528837444726    4.3908595541724935    
1.609606348865782    1.922836650221143    1.5696381420711987    0.37529126116714906    1.6889080680557527    0.9678200143243885    
3.392036472345353    3.222836454078788    1.5554196061129915    3.3942197484720964    2.8324585669324733    1.5992788003350142    
41.09616885121795    18.539004340331303    35.8454638428957    0.4173274089844199    6.614916635531699    2.098249779897742    
8.977065972998389    7.764178198820446    17.70675483274681    0.8023517872643424    2.6732090629957383    1.2118629261531169    
0.028597271506441757    0.7024369245336857    0.7130363062169636    0.5160292149812449    1.081627385749016    0.45736255271185655    
6.2348728365032    2.1607146478345385    8.647166467300849    4.276589060085826    2.565433928713901    4.099231349217007    
3.49044764219434    2.781270436491468    1.699356091019581    4.842619556889986    1.5955461686244234    3.696714694437105    
13.06068177628913    3.6799875245342264    22.10311154628289    0.014486768093775027    0.11173350861645304    0.16836191479524132    
13.14291907970619    2.717398444961873    15.428636967451894    3.138655931368703    2.120515514994622    1.6964194369211327    
0.7898247599368915    0.7757052150409436    4.419915664329892    0.663596341459197    1.8174848061607918    1.155130463434034    
4.661575371341314    2.2459398975333897    5.38171829773637    0.4007319070806261    0.4315630346973194    0.4626459349092329    
13.794448063199525    4.929702363093384    12.90195210670936    0.3914224355103215    1.918766945207608    0.6437202651286498    
4.581206666698563    2.2773454867856344    8.816154807354906    0.5995402769476641    0.7812622377678053    1.208648875792278    
1.709999483966385    4.47628485369205    0.3840512577298796    0.5404808524763212    4.144988619431388    0.7401770613505505    
0.1825131521181902    0.14238023215148132    0.6412809962203028    0.171053939324338    0.24147921211260837    0.3259514234960079    
0.7812361042451812    0.7224805837322492    0.6399528522451874    0.8058817306009587    0.27573538894648664    0.7184957546414807    
7.387530952561065    6.24197921124869    7.140984250276233    5.120292206396698    5.438619407694205    5.282571295436355    
5.200787177192979    0.2574266625888413    7.832150202972116    0.21290571610734332    0.15323826533858664    0.21401349021471106    
16.595083264168352    3.454166256240569    22.89764011891384    0.27275900774111506    0.231717137110536    0.2328808677411871    
3.5068804618058493    0.6630754180951044    3.6644885704445187    0.9353575261193328    0.5382615230046213    0.6068516507075401    
7.231605421402492    2.9624025915254606    11.00161921576364    2.0889042799390154    2.5708879808080383    1.2512309356970945    
5.976799589305301    7.209077687875833    2.1393469379545422    6.480818576121237    5.801617342949612    1.8225759347114945    
24.01865034288494    3.432168373139575    34.66755142806505    2.6052710723161    0.2672032604459673    2.406332353275502    
0.2814363031939138    2.315597562730545    0.6918181645014556    3.174027227680199    2.9016620546608465    2.579688086756505    
1.4447208411438623    2.0350064224912785    1.1389234071830288    0.9193727050005691    1.104683163401205    0.07378529355628416    
1.0143877276423154    1.2535203280567657    0.3018039769231109    0.7538251048099482    1.2422820083593251    0.24967386756907217    
43.20881916595681    2.896980717094266    72.14211422122025    3.1962380841723643    1.0274345939978957    5.952913988789078    
0.9869856102595804    2.237335622587125    4.28404882720497    0.3655926137435017    2.3161507129116217    0.86120418428618    
0.5444104566267924    1.5347019754117355    4.735757647256833    0.3884904319274938    1.5078986781009007    2.8207512090884848    
1.4617486018978525    1.4706656416674377    0.7969286550942343    1.0469730937038548    1.4891412462602602    0.5349114761629608    
9.374610776038026    4.853627604039502    11.49034914886579    4.912290356034646    3.575829777648323    4.901501480504521    
0.2176328433852177    0.205791789048817    0.1938872744794935    0.09096982530900277    0.1951922747248318    0.11744677377282642    
2.391302071438986    2.6563611301680794    0.4083556153345853    1.2401112626394024    2.7478972869284917    0.9033327888464555    
14.498903328058077    12.446356259300956    22.383970009090262    2.0084443511004793    2.917920603300445    0.22463046529446729    
0.6841103035694687    0.07150170065870043    0.8241534966946347    0.08071957978245337    0.08829578685981687    0.04024828984984197    
19.550627430566237    13.145144622540101    17.15127561269037    2.7117093165579718    7.835039735524333    5.429264099075226    
4.175654942315305    2.226892203456373    3.914040404430125    1.076743061246816    1.7004312725330237    1.4166658406757051    
10.476821356103756    4.045187368508778    6.669836637622211    11.258278785273433    2.857927116085193    6.691122567688581    
1.8496231425524456    1.9243206745450152    1.1080037491046824    1.3045208703697426    0.8557812125363853    0.7607234896859154    
1.4838507013191702    0.2940104536974104    2.4530841420346405    1.8181806809589034    0.9475553490774473    2.003478607512079    
1.6363147912197746    3.672916674418957    2.6736729082185775    0.44899477713624947    2.4482541883917293    2.878156655919156    
0.2875965202547377    2.200564376398688    0.8915799213427817    0.33509860750928055    2.261078964409535    0.36080396272882354    
0.21782193129183725    0.05250077428354416    0.2797847529145656    0.4691069443069864    0.16964985836239066    0.4666200347128324    
11.010177165357163    1.293597786090686    14.256920437401277    1.4905801201384747    0.4943493422033498    1.309772018023068    
27.13106229614641    5.72591295017628    42.897662893286906    2.6530725749471458    3.6706621708144667    0.3357003632991109    
0.6426974170899484    3.29850126405654    0.5222324406349799    1.781680000043707    3.1240118556452217    0.9032117482856847    
0.037365714088082314    0.7980796351621393    0.914832824797486    0.11108219422749244    0.9579727475065738    0.30388091258646455    
11.311342596745817    0.6960771501326235    16.567914574916358    0.7276518708240474    0.1956505735288374    0.803568970732158    
0.5951924635010073    4.640679984266171    6.0560145013878355    0.19267268473049626    3.899557705866755    1.8452049539773725    
6.21197309337731    6.667447251646081    3.926792625556118    5.309684853578801    6.126625261968002    1.5642326895322185    
3.348071626140154    0.2526308723317925    9.408855291490909    0.06397715549974237    0.9489583748218138    0.9464996665046783    
3.619545498266234    0.2646532494982239    4.961679951753467    0.7603548460028833    0.18224803855991922    0.7220568848133553    
2.854198227330926    1.1073603978584288    3.854488746423158    1.3859281839249888    1.0544024681148585    1.1684560950379819    
6.184362608517404    2.5936941200779984    7.604699582327157    3.391778000703198    2.7211017440567957    2.84193060961843    
3.4795562463405076    4.216340396509622    1.7179158705839654    3.771567929710727    3.4267814878112404    0.9929295608744724    
2.0835338389733806    1.4553422052995302    4.870097743929364    1.918271934016957    1.5075640131981345    3.5698789924936136    
2.046725702661206    2.9413873046432855    2.9245471731119324    1.156477100594202    2.457014787447406    2.7977751805156004    
2.0956485234055435    2.1049022528604837    0.45411690993933007    2.68746044364525    2.8366461140394676    3.1000536394130904    
4.471998307140893    5.754734241461847    1.0310351486550644    4.378112490303465    4.396471582134836    0.8630332944449037    
0.005474738994962536    0.0429959271568805    0.06181250674126204    0.006229020335013047    0.03974092366115656    0.017403198551619425    
7.676438401860651    1.0048691865231376    9.404409349095658    0.5308094453794183    0.37030477324151434    0.23232140217442065    
3.9892805697600124    0.7881645355082583    4.141592494910583    0.36591856309678406    0.4370470976427896    0.06517823025933467    
9.954037002273253    8.858630787712173    9.28776861379447    8.456798116036225    8.680959763922147    8.043445118048112    
3.153289405250689    3.6168674370273948    0.41378529876237735    2.4315104920387967    4.1102212450350635    0.037585404090350494    
4.164551646012114    2.733224600829999    4.193341146994499    1.4620321048569167    1.69701652682852    1.7877709856256843    
1.3251619871734874    1.1786368559551192    1.0912405027484056    6.0895026099460665    3.234766020832467    5.848412932784413    
3.6781232281937264    1.3626826959225582    2.80756385474524    2.7112577628868166    2.47333228221396    0.9332210487482371    
40.13180593820289    15.676153569234884    34.39149095422181    5.344521853941842    8.527662770502502    1.034987143255421    
1.234475991455838    2.3690070336160716    0.003740292915608734    1.3237107107270276    2.1502664990985068    0.021513767627766356    
1.4437472955614794    4.675111920529162    1.3143825668812497    2.528197452542372    5.215930317310267    3.0885654522571713    
1.3567076198669383    0.5032353998685721    1.1236372075800318    0.10817849088925868    0.25645191193325445    0.20121178746921942    
6.059661641862476    2.4045088502025465    9.730182065351983    1.6922809936513659    1.0707510949287098    2.2228055424784543    
0.5978065970994066    0.7543665644916473    0.5979917945805937    3.093575964056072    1.821844328151201    3.017971423090785    
4.335912432608893    0.9961432381969644    6.65840652830957    1.249150511866901    0.603210875968216    0.7735123716993257    
21.697750497303787    8.144995811482659    22.933297780225985    1.5997318539011758    4.4320197060733335    3.5859818214084953    
0.004651355600799434    5.79602533862635    6.909549725605757    0.41609805832558777    6.359848421110655    3.959359211861738    
2.4400674727512524    0.30416979249275755    3.138505903436453    1.5053819662280148    0.5786287524097133    1.1683006780949654    
13.076290279001114    7.234977559564868    12.075491026233067    0.41160969709744677    2.429543514197576    2.4051722255535424    
6.585003401312861    2.046254066066467    14.452986086747842    4.836602785013383    3.9502023108216235    6.886345032253303    
1.3166626842721598    1.4154935954575194    4.170597956355778    1.3274785669636913    2.140349856330431    2.3116079706524033    
0.3159000130253844    1.0831996074557537    1.2990448286291212    0.5393592366453959    0.546386142494157    1.786119026306551    
16.38623842364177    3.00808531306393    25.95140725284    0.6483285265130689    0.40233849704964086    0.6211576298810542    
3.226218100244296    0.9596158406202449    9.080202952536638    0.7144748404389247    2.1510026914911577    0.5583005484950263    
6.965887272221153    3.7817377848841716    7.180559408137924    1.7902035190782044    2.151564405852696    2.227824525354663    
11.022278387186816    3.6515071512403665    11.548945960501442    0.9149356847919989    1.5240851218113676    1.2345843730436172    
1.270732816265081    1.3883396227029152    0.22412110323784873    0.8982799998484552    1.7521550179662881    0.10657831165008247    
4.582451499911258    1.527585971300141    7.4727039930730825    0.8116655602061655    1.3164732064760756    0.2099610751902219    
2.731394626767724    0.1490053151792381    4.501601799885975    0.42269724361540284    0.334884089344996    0.5227626428822987    
8.407542416563956    2.4019651829148643    9.836682347900933    0.45362861643661745    0.27969353602384217    0.7649376144108828    
1.3128273391339462    2.5046647604904138    7.567173586401623    0.36582534409535583    2.3523232934239786    3.157833420584211    
2.2431529573805165    0.3553417749935761    2.6098710173828295    0.14302890340331942    0.352221910332446    0.04085442877840251    
2.556250080058817    1.20250692992704    4.07523725934152    0.6583383550314466    1.103434321761597    0.08880164285073988    
8.14807557759923    1.3775695335498312    16.83690963400295    0.7214225711941253    0.5521258085791487    1.792210239203996    
12.695120281001437    12.070038610501797    18.039985525698285    4.140524974282016    6.017620705242734    2.6717338215676136    
2.2721088747202884    2.2500306930596707    2.0394088446482783    2.5618247700476786    0.7164340877498034    2.56357347908488    
4.602774035098264    1.23482626133773    7.366808875842253    0.6413668824825436    0.25309163363999687    0.9032794076047139    
50.228696238511475    8.013391765081906    67.09394333326782    0.9211691208038246    0.7996149813407101    0.7696703889087075    
5.589631360329804    5.236419003733317    3.114907700160984    5.985026872804156    3.580508504572208    3.5247460741520626    
1.746775044099195    4.236641815994517    1.002837170890416    0.8637702372216154    4.2686723216902465    0.9413972118054517    
17.83030093590787    3.1337007674446795    23.9310460275301    0.5933166549366433    0.546204767349991    0.48131852854567114    
3.985013551704469    1.8615528425143566    6.556100678717485    2.6174882415507454    2.7674225872469833    2.759435079380637    
3.1020863958692644    2.5663623958826065    3.2450520583806792    2.7172772161575267    2.544630888471147    2.3722528275247896    
10.095010071192519    0.224535421555629    19.210473685481702    0.08647927280981094    0.7312305852829013    0.4553841669257963    
0.40591714686888736    0.03086171968607232    0.6878460713487584    1.144154306864948    0.5248491254169494    1.2756648838403635    
0.33094830418122    1.1783735185163096    0.36024867270316463    0.15105968542047776    1.1750648541055853    0.36427982975146733    
7.799551178497495    1.2408966936636716    10.61713299715484    7.583773727121297    2.3865277882432565    8.165783437056234    
