|                            Parameters |                       0 |                       1 |   2 |                       3 |   4 |                       5 |                       6 |                      7 |                     8 |   9 |  10 |  11 |                     12 |                     13 |  14 |
|                Crablog.spectral.index |  0.00037608563828682895 |  -8.060017390345658e-15 | 0.0 | -0.00013504500962804907 | 0.0 |   7.435319801004514e-09 |   -2.06912536382641e-09 |                    0.0 |                   0.0 | 0.0 | 0.0 | 0.0 |                    0.0 |                    0.0 | 0.0 |
|            Crablog.spectral.amplitude |  -8.060017390345658e-15 |  1.8839919985749156e-23 | 0.0 |   4.281817243988105e-15 | 0.0 | -1.4056658858572749e-18 |   4.413080069945472e-19 |                    0.0 |                   0.0 | 0.0 | 0.0 | 0.0 |                    0.0 |                    0.0 | 0.0 |
|            Crablog.spectral.reference |                     0.0 |                     0.0 | 0.0 |                     0.0 | 0.0 |                     0.0 |                     0.0 |                    0.0 |                   0.0 | 0.0 | 0.0 | 0.0 |                    0.0 |                    0.0 | 0.0 |
|              Crablog.spectral.lambda_ | -0.00013504500962804907 |   4.281817243988105e-15 | 0.0 |   7.001736963460351e-05 | 0.0 |  2.7858252371857058e-11 |   5.712764692951857e-10 |                    0.0 |                   0.0 | 0.0 | 0.0 | 0.0 |                    0.0 |                    0.0 | 0.0 |
|                Crablog.spectral.alpha |                     0.0 |                     0.0 | 0.0 |                     0.0 | 0.0 |                     0.0 |                     0.0 |                    0.0 |                   0.0 | 0.0 | 0.0 | 0.0 |                    0.0 |                    0.0 | 0.0 |
|                 Crablog.spatial.lon_0 |   7.435319801004514e-09 | -1.4056658858572749e-18 | 0.0 |  2.7858252371857058e-11 | 0.0 |   2.420021031384006e-07 | -2.4107004089534072e-11 |                    0.0 |                   0.0 | 0.0 | 0.0 | 0.0 |                    0.0 |                    0.0 | 0.0 |
|                 Crablog.spatial.lat_0 |   -2.06912536382641e-09 |   4.413080069945472e-19 | 0.0 |   5.712764692951857e-10 | 0.0 | -2.4107004089534072e-11 |  1.8141963255549816e-07 |                    0.0 |                   0.0 | 0.0 | 0.0 | 0.0 |                    0.0 |                    0.0 | 0.0 |
|           dataset_N-bkg.spectral.norm |                     0.0 |                     0.0 | 0.0 |                     0.0 | 0.0 |                     0.0 |                     0.0 | 5.3544808058528706e-06 | 4.371055579090381e-07 | 0.0 | 0.0 | 0.0 |                    0.0 |                    0.0 | 0.0 |
|           dataset_N-bkg.spectral.tilt |                     0.0 |                     0.0 | 0.0 |                     0.0 | 0.0 |                     0.0 |                     0.0 |  4.371055579090381e-07 | 6.229583434015349e-06 | 0.0 | 0.0 | 0.0 |                    0.0 |                    0.0 | 0.0 |
|      dataset_N-bkg.spectral.reference |                     0.0 |                     0.0 | 0.0 |                     0.0 | 0.0 |                     0.0 |                     0.0 |                    0.0 |                   0.0 | 0.0 | 0.0 | 0.0 |                    0.0 |                    0.0 | 0.0 |
|       dataset_N-irf.e_reco_model.bias |                     0.0 |                     0.0 | 0.0 |                     0.0 | 0.0 |                     0.0 |                     0.0 |                    0.0 |                   0.0 | 0.0 | 0.0 | 0.0 |                    0.0 |                    0.0 | 0.0 |
| dataset_N-irf.e_reco_model.resolution |                     0.0 |                     0.0 | 0.0 |                     0.0 | 0.0 |                     0.0 |                     0.0 |                    0.0 |                   0.0 | 0.0 | 0.0 | 0.0 |                    0.0 |                    0.0 | 0.0 |
|           dataset_N-irf.spectral.norm |                     0.0 |                     0.0 | 0.0 |                     0.0 | 0.0 |                     0.0 |                     0.0 |                    0.0 |                   0.0 | 0.0 | 0.0 | 0.0 |   0.012462948098859764 | 1.1282898590093874e-05 | 0.0 |
|           dataset_N-irf.spectral.tilt |                     0.0 |                     0.0 | 0.0 |                     0.0 | 0.0 |                     0.0 |                     0.0 |                    0.0 |                   0.0 | 0.0 | 0.0 | 0.0 | 1.1282898590093874e-05 |   0.000400010190328952 | 0.0 |
|      dataset_N-irf.spectral.reference |                     0.0 |                     0.0 | 0.0 |                     0.0 | 0.0 |                     0.0 |                     0.0 |                    0.0 |                   0.0 | 0.0 | 0.0 | 0.0 |                    0.0 |                    0.0 | 0.0 |
