|                            Parameters |                      0 |                      1 |   2 |                      3 |   4 |                       5 |                       6 |                      7 |                      8 |   9 |  10 |  11 |                   12 |                     13 |  14 |
|                Crablog.spectral.index |  0.0017213592159333938 | -3.374212939249419e-14 | 0.0 | -0.0006156956332743243 | 0.0 |  3.7748010563822536e-08 |  -7.708522282525273e-09 |                    0.0 |                    0.0 | 0.0 | 0.0 | 0.0 |                  0.0 |                    0.0 | 0.0 |
|            Crablog.spectral.amplitude | -3.374212939249419e-14 |  1.721690833349268e-23 | 0.0 | 1.8011380452674175e-14 | 0.0 |  -6.165112712478977e-18 |  -1.976611318297465e-18 |                    0.0 |                    0.0 | 0.0 | 0.0 | 0.0 |                  0.0 |                    0.0 | 0.0 |
|            Crablog.spectral.reference |                    0.0 |                    0.0 | 0.0 |                    0.0 | 0.0 |                     0.0 |                     0.0 |                    0.0 |                    0.0 | 0.0 | 0.0 | 0.0 |                  0.0 |                    0.0 | 0.0 |
|              Crablog.spectral.lambda_ | -0.0006156956332743243 | 1.8011380452674175e-14 | 0.0 |  0.0003208136884482614 | 0.0 |  -6.022956223147913e-10 |  1.7480993725770805e-09 |                    0.0 |                    0.0 | 0.0 | 0.0 | 0.0 |                  0.0 |                    0.0 | 0.0 |
|                Crablog.spectral.alpha |                    0.0 |                    0.0 | 0.0 |                    0.0 | 0.0 |                     0.0 |                     0.0 |                    0.0 |                    0.0 | 0.0 | 0.0 | 0.0 |                  0.0 |                    0.0 | 0.0 |
|                 Crablog.spatial.lon_0 | 3.7748010563822536e-08 | -6.165112712478977e-18 | 0.0 | -6.022956223147913e-10 | 0.0 |  1.1233206876373447e-06 | -1.1934813515322293e-10 |                    0.0 |                    0.0 | 0.0 | 0.0 | 0.0 |                  0.0 |                    0.0 | 0.0 |
|                 Crablog.spatial.lat_0 | -7.708522282525273e-09 | -1.976611318297465e-18 | 0.0 | 1.7480993725770805e-09 | 0.0 | -1.1934813515322293e-10 |   8.421114933363909e-07 |                    0.0 |                    0.0 | 0.0 | 0.0 | 0.0 |                  0.0 |                    0.0 | 0.0 |
|           dataset_N-bkg.spectral.norm |                    0.0 |                    0.0 | 0.0 |                    0.0 | 0.0 |                     0.0 |                     0.0 | 2.4852262829111663e-05 | 2.0238387040480405e-06 | 0.0 | 0.0 | 0.0 |                  0.0 |                    0.0 | 0.0 |
|           dataset_N-bkg.spectral.tilt |                    0.0 |                    0.0 | 0.0 |                    0.0 | 0.0 |                     0.0 |                     0.0 | 2.0238387040480405e-06 |  2.891309853892662e-05 | 0.0 | 0.0 | 0.0 |                  0.0 |                    0.0 | 0.0 |
|      dataset_N-bkg.spectral.reference |                    0.0 |                    0.0 | 0.0 |                    0.0 | 0.0 |                     0.0 |                     0.0 |                    0.0 |                    0.0 | 0.0 | 0.0 | 0.0 |                  0.0 |                    0.0 | 0.0 |
|       dataset_N-irf.e_reco_model.bias |                    0.0 |                    0.0 | 0.0 |                    0.0 | 0.0 |                     0.0 |                     0.0 |                    0.0 |                    0.0 | 0.0 | 0.0 | 0.0 |                  0.0 |                    0.0 | 0.0 |
| dataset_N-irf.e_reco_model.resolution |                    0.0 |                    0.0 | 0.0 |                    0.0 | 0.0 |                     0.0 |                     0.0 |                    0.0 |                    0.0 | 0.0 | 0.0 | 0.0 |                  0.0 |                    0.0 | 0.0 |
|           dataset_N-irf.spectral.norm |                    0.0 |                    0.0 | 0.0 |                    0.0 | 0.0 |                     0.0 |                     0.0 |                    0.0 |                    0.0 | 0.0 | 0.0 | 0.0 | 0.010622734506422172 |   3.01995745886793e-06 | 0.0 |
|           dataset_N-irf.spectral.tilt |                    0.0 |                    0.0 | 0.0 |                    0.0 | 0.0 |                     0.0 |                     0.0 |                    0.0 |                    0.0 | 0.0 | 0.0 | 0.0 | 3.01995745886793e-06 | 0.00040000080268973203 | 0.0 |
|      dataset_N-irf.spectral.reference |                    0.0 |                    0.0 | 0.0 |                    0.0 | 0.0 |                     0.0 |                     0.0 |                    0.0 |                    0.0 | 0.0 | 0.0 | 0.0 |                  0.0 |                    0.0 | 0.0 |
