|                            Parameters |                      0 |                       1 |   2 |                      3 |   4 |                       5 |                       6 |                      7 |                      8 |   9 |  10 |  11 |                   12 |                     13 |  14 |
|                Crablog.spectral.index |    0.37073959923442956 |  -7.092832434560677e-12 | 0.0 |   -0.13283764300055614 | 0.0 |   7.268778695442148e-06 |  -2.161305889759825e-06 |                    0.0 |                    0.0 | 0.0 | 0.0 | 0.0 |                  0.0 |                    0.0 | 0.0 |
|            Crablog.spectral.amplitude | -7.092832434560677e-12 |  3.1289088068365567e-22 | 0.0 | 3.7794762714595735e-12 | 0.0 | -1.2111767235999398e-15 |   3.975310504932748e-16 |                    0.0 |                    0.0 | 0.0 | 0.0 | 0.0 |                  0.0 |                    0.0 | 0.0 |
|            Crablog.spectral.reference |                    0.0 |                     0.0 | 0.0 |                    0.0 | 0.0 |                     0.0 |                     0.0 |                    0.0 |                    0.0 | 0.0 | 0.0 | 0.0 |                  0.0 |                    0.0 | 0.0 |
|              Crablog.spectral.lambda_ |   -0.13283764300055614 |  3.7794762714595735e-12 | 0.0 |    0.06916188780729852 | 0.0 |   3.375246711348283e-08 |   5.933073868012206e-07 |                    0.0 |                    0.0 | 0.0 | 0.0 | 0.0 |                  0.0 |                    0.0 | 0.0 |
|                Crablog.spectral.alpha |                    0.0 |                     0.0 | 0.0 |                    0.0 | 0.0 |                     0.0 |                     0.0 |                    0.0 |                    0.0 | 0.0 | 0.0 | 0.0 |                  0.0 |                    0.0 | 0.0 |
|                 Crablog.spatial.lon_0 |  7.268778695442148e-06 | -1.2111767235999398e-15 | 0.0 |  3.375246711348283e-08 | 0.0 |  0.00024189750442149422 | -2.0313423693536635e-08 |                    0.0 |                    0.0 | 0.0 | 0.0 | 0.0 |                  0.0 |                    0.0 | 0.0 |
|                 Crablog.spatial.lat_0 | -2.161305889759825e-06 |   3.975310504932748e-16 | 0.0 |  5.933073868012206e-07 | 0.0 | -2.0313423693536635e-08 |  0.00018134956223811522 |                    0.0 |                    0.0 | 0.0 | 0.0 | 0.0 |                  0.0 |                    0.0 | 0.0 |
|           dataset_N-bkg.spectral.norm |                    0.0 |                     0.0 | 0.0 |                    0.0 | 0.0 |                     0.0 |                     0.0 |   0.005354416924894814 | 0.00043721577834270904 | 0.0 | 0.0 | 0.0 |                  0.0 |                    0.0 | 0.0 |
|           dataset_N-bkg.spectral.tilt |                    0.0 |                     0.0 | 0.0 |                    0.0 | 0.0 |                     0.0 |                     0.0 | 0.00043721577834270904 |   0.006229363325187128 | 0.0 | 0.0 | 0.0 |                  0.0 |                    0.0 | 0.0 |
|      dataset_N-bkg.spectral.reference |                    0.0 |                     0.0 | 0.0 |                    0.0 | 0.0 |                     0.0 |                     0.0 |                    0.0 |                    0.0 | 0.0 | 0.0 | 0.0 |                  0.0 |                    0.0 | 0.0 |
|       dataset_N-irf.e_reco_model.bias |                    0.0 |                     0.0 | 0.0 |                    0.0 | 0.0 |                     0.0 |                     0.0 |                    0.0 |                    0.0 | 0.0 | 0.0 | 0.0 |                  0.0 |                    0.0 | 0.0 |
| dataset_N-irf.e_reco_model.resolution |                    0.0 |                     0.0 | 0.0 |                    0.0 | 0.0 |                     0.0 |                     0.0 |                    0.0 |                    0.0 | 0.0 | 0.0 | 0.0 |                  0.0 |                    0.0 | 0.0 |
|           dataset_N-irf.spectral.norm |                    0.0 |                     0.0 | 0.0 |                    0.0 | 0.0 |                     0.0 |                     0.0 |                    0.0 |                    0.0 | 0.0 | 0.0 | 0.0 | 0.010003163769979487 |   9.72684254140344e-09 | 0.0 |
|           dataset_N-irf.spectral.tilt |                    0.0 |                     0.0 | 0.0 |                    0.0 | 0.0 |                     0.0 |                     0.0 |                    0.0 |                    0.0 | 0.0 | 0.0 | 0.0 | 9.72684254140344e-09 | 0.00040000000034579036 | 0.0 |
|      dataset_N-irf.spectral.reference |                    0.0 |                     0.0 | 0.0 |                    0.0 | 0.0 |                     0.0 |                     0.0 |                    0.0 |                    0.0 | 0.0 | 0.0 | 0.0 |                  0.0 |                    0.0 | 0.0 |
