|                            Parameters |                       0 |                       1 |   2 |                       3 |   4 |                       5 |                      6 |                      7 |                      8 |   9 |  10 |  11 |                    12 |                    13 |  14 |
|                Crablog.spectral.index |   0.0008251372708934127 | -1.6868809362639902e-14 | 0.0 |  -0.0002978518523729787 | 0.0 |  1.6092318262633562e-08 |  -4.61037444052812e-09 |                    0.0 |                    0.0 | 0.0 | 0.0 | 0.0 |                   0.0 |                   0.0 | 0.0 |
|            Crablog.spectral.amplitude | -1.6868809362639902e-14 |  1.7426633935820046e-23 | 0.0 |   8.928109910893147e-15 | 0.0 | -2.8316751720803784e-18 |  8.950471825782757e-19 |                    0.0 |                    0.0 | 0.0 | 0.0 | 0.0 |                   0.0 |                   0.0 | 0.0 |
|            Crablog.spectral.reference |                     0.0 |                     0.0 | 0.0 |                     0.0 | 0.0 |                     0.0 |                    0.0 |                    0.0 |                    0.0 | 0.0 | 0.0 | 0.0 |                   0.0 |                   0.0 | 0.0 |
|              Crablog.spectral.lambda_ |  -0.0002978518523729787 |   8.928109910893147e-15 | 0.0 |  0.00015400746623823558 | 0.0 | -1.5055804144542574e-10 | 1.3532253541327172e-09 |                    0.0 |                    0.0 | 0.0 | 0.0 | 0.0 |                   0.0 |                   0.0 | 0.0 |
|                Crablog.spectral.alpha |                     0.0 |                     0.0 | 0.0 |                     0.0 | 0.0 |                     0.0 |                    0.0 |                    0.0 |                    0.0 | 0.0 | 0.0 | 0.0 |                   0.0 |                   0.0 | 0.0 |
|                 Crablog.spatial.lon_0 |  1.6092318262633562e-08 | -2.8316751720803784e-18 | 0.0 | -1.5055804144542574e-10 | 0.0 |   5.213788970483188e-07 | -4.768580231376144e-11 |                    0.0 |                    0.0 | 0.0 | 0.0 | 0.0 |                   0.0 |                   0.0 | 0.0 |
|                 Crablog.spatial.lat_0 |   -4.61037444052812e-09 |   8.950471825782757e-19 | 0.0 |  1.3532253541327172e-09 | 0.0 |  -4.768580231376144e-11 |  3.908565791089611e-07 |                    0.0 |                    0.0 | 0.0 | 0.0 | 0.0 |                   0.0 |                   0.0 | 0.0 |
|           dataset_N-bkg.spectral.norm |                     0.0 |                     0.0 | 0.0 |                     0.0 | 0.0 |                     0.0 |                    0.0 | 1.1535641916381089e-05 |  9.403856665864368e-07 | 0.0 | 0.0 | 0.0 |                   0.0 |                   0.0 | 0.0 |
|           dataset_N-bkg.spectral.tilt |                     0.0 |                     0.0 | 0.0 |                     0.0 | 0.0 |                     0.0 |                    0.0 |  9.403856665864368e-07 | 1.3421014231159402e-05 | 0.0 | 0.0 | 0.0 |                   0.0 |                   0.0 | 0.0 |
|      dataset_N-bkg.spectral.reference |                     0.0 |                     0.0 | 0.0 |                     0.0 | 0.0 |                     0.0 |                    0.0 |                    0.0 |                    0.0 | 0.0 | 0.0 | 0.0 |                   0.0 |                   0.0 | 0.0 |
|       dataset_N-irf.e_reco_model.bias |                     0.0 |                     0.0 | 0.0 |                     0.0 | 0.0 |                     0.0 |                    0.0 |                    0.0 |                    0.0 | 0.0 | 0.0 | 0.0 |                   0.0 |                   0.0 | 0.0 |
| dataset_N-irf.e_reco_model.resolution |                     0.0 |                     0.0 | 0.0 |                     0.0 | 0.0 |                     0.0 |                    0.0 |                    0.0 |                    0.0 | 0.0 | 0.0 | 0.0 |                   0.0 |                   0.0 | 0.0 |
|           dataset_N-irf.spectral.norm |                     0.0 |                     0.0 | 0.0 |                     0.0 | 0.0 |                     0.0 |                    0.0 |                    0.0 |                    0.0 | 0.0 | 0.0 | 0.0 |  0.011248744953267099 | 6.250507498868446e-06 | 0.0 |
|           dataset_N-irf.spectral.tilt |                     0.0 |                     0.0 | 0.0 |                     0.0 | 0.0 |                     0.0 |                    0.0 |                    0.0 |                    0.0 | 0.0 | 0.0 | 0.0 | 6.250507498868446e-06 | 0.0004000033614155321 | 0.0 |
|      dataset_N-irf.spectral.reference |                     0.0 |                     0.0 | 0.0 |                     0.0 | 0.0 |                     0.0 |                    0.0 |                    0.0 |                    0.0 | 0.0 | 0.0 | 0.0 |                   0.0 |                   0.0 | 0.0 |
