|                            Parameters |                      0 |                      1 |   2 |                      3 |                      4 |                      5 |                      6 |   7 |   8 |   9 |                      10 |                      11 |  12 |
|               LyLFc-BS.spectral.index |   0.046788532635667866 | 2.5416847971987893e-14 | 0.0 |  6.722867670337643e-06 |  2.445419924514693e-07 |                    0.0 |                    0.0 | 0.0 | 0.0 | 0.0 |                     0.0 |                     0.0 | 0.0 |
|           LyLFc-BS.spectral.amplitude | 2.5416847971987893e-14 |    6.7174957875004e-26 | 0.0 | -6.550067963032386e-17 | 3.0786156867430566e-18 |                    0.0 |                    0.0 | 0.0 | 0.0 | 0.0 |                     0.0 |                     0.0 | 0.0 |
|           LyLFc-BS.spectral.reference |                    0.0 |                    0.0 | 0.0 |                    0.0 |                    0.0 |                    0.0 |                    0.0 | 0.0 | 0.0 | 0.0 |                     0.0 |                     0.0 | 0.0 |
|                LyLFc-BS.spatial.lon_0 |  6.722867670337643e-06 | -6.550067963032386e-17 | 0.0 | 0.00011655331362657799 |  1.668276863169571e-08 |                    0.0 |                    0.0 | 0.0 | 0.0 | 0.0 |                     0.0 |                     0.0 | 0.0 |
|                LyLFc-BS.spatial.lat_0 |  2.445419924514693e-07 | 3.0786156867430566e-18 | 0.0 |  1.668276863169571e-08 |  8.722519983562883e-05 |                    0.0 |                    0.0 | 0.0 | 0.0 | 0.0 |                     0.0 |                     0.0 | 0.0 |
|           dataset N-bkg.spectral.norm |                    0.0 |                    0.0 | 0.0 |                    0.0 |                    0.0 | 0.00014545287863527274 |    6.3404164775496e-05 | 0.0 | 0.0 | 0.0 |                     0.0 |                     0.0 | 0.0 |
|           dataset N-bkg.spectral.tilt |                    0.0 |                    0.0 | 0.0 |                    0.0 |                    0.0 |    6.3404164775496e-05 | 0.00019167250734582983 | 0.0 | 0.0 | 0.0 |                     0.0 |                     0.0 | 0.0 |
|      dataset N-bkg.spectral.reference |                    0.0 |                    0.0 | 0.0 |                    0.0 |                    0.0 |                    0.0 |                    0.0 | 0.0 | 0.0 | 0.0 |                     0.0 |                     0.0 | 0.0 |
|       dataset N-irf.e_reco_model.bias |                    0.0 |                    0.0 | 0.0 |                    0.0 |                    0.0 |                    0.0 |                    0.0 | 0.0 | 0.0 | 0.0 |                     0.0 |                     0.0 | 0.0 |
| dataset N-irf.e_reco_model.resolution |                    0.0 |                    0.0 | 0.0 |                    0.0 |                    0.0 |                    0.0 |                    0.0 | 0.0 | 0.0 | 0.0 |                     0.0 |                     0.0 | 0.0 |
|  dataset N-irf.spectral.norm_nuisance |                    0.0 |                    0.0 | 0.0 |                    0.0 |                    0.0 |                    0.0 |                    0.0 | 0.0 | 0.0 | 0.0 |     0.01006517661081973 | -5.2064900715103514e-08 | 0.0 |
|  dataset N-irf.spectral.tilt_nuisance |                    0.0 |                    0.0 | 0.0 |                    0.0 |                    0.0 |                    0.0 |                    0.0 | 0.0 | 0.0 | 0.0 | -5.2064900715103514e-08 |  0.00022489322381787804 | 0.0 |
|      dataset N-irf.spectral.reference |                    0.0 |                    0.0 | 0.0 |                    0.0 |                    0.0 |                    0.0 |                    0.0 | 0.0 | 0.0 | 0.0 |                     0.0 |                     0.0 | 0.0 |
