|                            Parameters |                       0 |                       1 |   2 |                       3 |                       4 |                      5 |                      6 |   7 |   8 |   9 |                      10 |                      11 |  12 |
|               rQPpt71k.spectral.index |   0.0038152463505262053 |  3.2042009216356977e-15 | 0.0 |  2.1798002105526908e-07 | -3.2072925950383593e-09 |                    0.0 |                    0.0 | 0.0 | 0.0 | 0.0 |                     0.0 |                     0.0 | 0.0 |
|           rQPpt71k.spectral.amplitude |  3.2042009216356977e-15 |    5.71110089518556e-26 | 0.0 | -2.2818764952239484e-18 |   7.246508571932337e-19 |                    0.0 |                    0.0 | 0.0 | 0.0 | 0.0 |                     0.0 |                     0.0 | 0.0 |
|           rQPpt71k.spectral.reference |                     0.0 |                     0.0 | 0.0 |                     0.0 |                     0.0 |                    0.0 |                    0.0 | 0.0 | 0.0 | 0.0 |                     0.0 |                     0.0 | 0.0 |
|                rQPpt71k.spatial.lon_0 |  2.1798002105526908e-07 | -2.2818764952239484e-18 | 0.0 |    8.33638120453959e-06 | -1.6346468051811642e-09 |                    0.0 |                    0.0 | 0.0 | 0.0 | 0.0 |                     0.0 |                     0.0 | 0.0 |
|                rQPpt71k.spatial.lat_0 | -3.2072925950383593e-09 |   7.246508571932337e-19 | 0.0 | -1.6346468051811642e-09 |   6.261271095441604e-06 |                    0.0 |                    0.0 | 0.0 | 0.0 | 0.0 |                     0.0 |                     0.0 | 0.0 |
|           dataset N-bkg.spectral.norm |                     0.0 |                     0.0 | 0.0 |                     0.0 |                     0.0 | 0.00014661347615344033 |  6.379131624183697e-05 | 0.0 | 0.0 | 0.0 |                     0.0 |                     0.0 | 0.0 |
|           dataset N-bkg.spectral.tilt |                     0.0 |                     0.0 | 0.0 |                     0.0 |                     0.0 |  6.379131624183697e-05 | 0.00019312564073972822 | 0.0 | 0.0 | 0.0 |                     0.0 |                     0.0 | 0.0 |
|      dataset N-bkg.spectral.reference |                     0.0 |                     0.0 | 0.0 |                     0.0 |                     0.0 |                    0.0 |                    0.0 | 0.0 | 0.0 | 0.0 |                     0.0 |                     0.0 | 0.0 |
|       dataset N-irf.e_reco_model.bias |                     0.0 |                     0.0 | 0.0 |                     0.0 |                     0.0 |                    0.0 |                    0.0 | 0.0 | 0.0 | 0.0 |                     0.0 |                     0.0 | 0.0 |
| dataset N-irf.e_reco_model.resolution |                     0.0 |                     0.0 | 0.0 |                     0.0 |                     0.0 |                    0.0 |                    0.0 | 0.0 | 0.0 | 0.0 |                     0.0 |                     0.0 | 0.0 |
|  dataset N-irf.spectral.norm_nuisance |                     0.0 |                     0.0 | 0.0 |                     0.0 |                     0.0 |                    0.0 |                    0.0 | 0.0 | 0.0 | 0.0 |    0.010122910126635708 | -2.6754288021632733e-08 | 0.0 |
|  dataset N-irf.spectral.tilt_nuisance |                     0.0 |                     0.0 | 0.0 |                     0.0 |                     0.0 |                    0.0 |                    0.0 | 0.0 | 0.0 | 0.0 | -2.6754288021632733e-08 |  0.00022462016948889202 | 0.0 |
|      dataset N-irf.spectral.reference |                     0.0 |                     0.0 | 0.0 |                     0.0 |                     0.0 |                    0.0 |                    0.0 | 0.0 | 0.0 | 0.0 |                     0.0 |                     0.0 | 0.0 |
