|                            Parameters |                      0 |                      1 |   2 |                      3 |                      4 |                     5 |                      6 |   7 |   8 |   9 |                     10 |                     11 |  12 |
|               rQPpt71k.spectral.index |     0.1352010826412681 | 1.6749656005703725e-13 | 0.0 | 4.9971147062492765e-05 |  8.195799217904746e-06 |                   0.0 |                    0.0 | 0.0 | 0.0 | 0.0 |                    0.0 |                    0.0 | 0.0 |
|           rQPpt71k.spectral.amplitude | 1.6749656005703725e-13 |   8.04427728247768e-25 | 0.0 | -6.933729780386657e-16 | -9.224185432391807e-17 |                   0.0 |                    0.0 | 0.0 | 0.0 | 0.0 |                    0.0 |                    0.0 | 0.0 |
|           rQPpt71k.spectral.reference |                    0.0 |                    0.0 | 0.0 |                    0.0 |                    0.0 |                   0.0 |                    0.0 | 0.0 | 0.0 | 0.0 |                    0.0 |                    0.0 | 0.0 |
|                rQPpt71k.spatial.lon_0 | 4.9971147062492765e-05 | -6.933729780386657e-16 | 0.0 | 0.00036861019908560966 | 2.3610290550157229e-07 |                   0.0 |                    0.0 | 0.0 | 0.0 | 0.0 |                    0.0 |                    0.0 | 0.0 |
|                rQPpt71k.spatial.lat_0 |  8.195799217904746e-06 | -9.224185432391807e-17 | 0.0 | 2.3610290550157229e-07 | 0.00027484185129092876 |                   0.0 |                    0.0 | 0.0 | 0.0 | 0.0 |                    0.0 |                    0.0 | 0.0 |
|           dataset N-bkg.spectral.norm |                    0.0 |                    0.0 | 0.0 |                    0.0 |                    0.0 | 0.0001452499920603607 |  6.331721268466798e-05 | 0.0 | 0.0 | 0.0 |                    0.0 |                    0.0 | 0.0 |
|           dataset N-bkg.spectral.tilt |                    0.0 |                    0.0 | 0.0 |                    0.0 |                    0.0 | 6.331721268466798e-05 | 0.00019141381959357468 | 0.0 | 0.0 | 0.0 |                    0.0 |                    0.0 | 0.0 |
|      dataset N-bkg.spectral.reference |                    0.0 |                    0.0 | 0.0 |                    0.0 |                    0.0 |                   0.0 |                    0.0 | 0.0 | 0.0 | 0.0 |                    0.0 |                    0.0 | 0.0 |
|       dataset N-irf.e_reco_model.bias |                    0.0 |                    0.0 | 0.0 |                    0.0 |                    0.0 |                   0.0 |                    0.0 | 0.0 | 0.0 | 0.0 |                    0.0 |                    0.0 | 0.0 |
| dataset N-irf.e_reco_model.resolution |                    0.0 |                    0.0 | 0.0 |                    0.0 |                    0.0 |                   0.0 |                    0.0 | 0.0 | 0.0 | 0.0 |                    0.0 |                    0.0 | 0.0 |
|  dataset N-irf.spectral.norm_nuisance |                    0.0 |                    0.0 | 0.0 |                    0.0 |                    0.0 |                   0.0 |                    0.0 | 0.0 | 0.0 | 0.0 |   0.010043532979491714 | -7.530542764230903e-08 | 0.0 |
|  dataset N-irf.spectral.tilt_nuisance |                    0.0 |                    0.0 | 0.0 |                    0.0 |                    0.0 |                   0.0 |                    0.0 | 0.0 | 0.0 | 0.0 | -7.530542764230903e-08 |  0.0002249340003413796 | 0.0 |
|      dataset N-irf.spectral.reference |                    0.0 |                    0.0 | 0.0 |                    0.0 |                    0.0 |                   0.0 |                    0.0 | 0.0 | 0.0 | 0.0 |                    0.0 |                    0.0 | 0.0 |
