|                      Parameters |                       0 |                     1 |   2 |   3 |   4 |                       5 |   6 |   7 |                      8 |                      9 |  10 |
|           Source.spectral.index |   0.0038089105442496267 | 3.873099547708141e-15 | 0.0 | 0.0 | 0.0 | -4.3149176446273186e-06 | 0.0 | 0.0 |                    0.0 |                    0.0 | 0.0 |
|       Source.spectral.amplitude |   3.873099547708141e-15 | 8.068311055306169e-27 | 0.0 | 0.0 | 0.0 |   4.710893503816195e-17 | 0.0 | 0.0 |                    0.0 |                    0.0 | 0.0 |
|       Source.spectral.reference |                     0.0 |                   0.0 | 0.0 | 0.0 | 0.0 |                     0.0 | 0.0 | 0.0 |                    0.0 |                    0.0 | 0.0 |
|            Source.spatial.lon_0 |                     0.0 |                   0.0 | 0.0 | 0.0 | 0.0 |                     0.0 | 0.0 | 0.0 |                    0.0 |                    0.0 | 0.0 |
|            Source.spatial.lat_0 |                     0.0 |                   0.0 | 0.0 | 0.0 | 0.0 |                     0.0 | 0.0 | 0.0 |                    0.0 |                    0.0 | 0.0 |
|            Source.spatial.sigma | -4.3149176446273186e-06 | 4.710893503816195e-17 | 0.0 | 0.0 | 0.0 |  0.00012231135567998265 | 0.0 | 0.0 |                    0.0 |                    0.0 | 0.0 |
|                Source.spatial.e |                     0.0 |                   0.0 | 0.0 | 0.0 | 0.0 |                     0.0 | 0.0 | 0.0 |                    0.0 |                    0.0 | 0.0 |
|              Source.spatial.phi |                     0.0 |                   0.0 | 0.0 | 0.0 | 0.0 |                     0.0 | 0.0 | 0.0 |                    0.0 |                    0.0 | 0.0 |
|      xUDUVTrp-bkg.spectral.norm |                     0.0 |                   0.0 | 0.0 | 0.0 | 0.0 |                     0.0 | 0.0 | 0.0 |  4.253449064118562e-06 | 2.3595408878771723e-06 | 0.0 |
|      xUDUVTrp-bkg.spectral.tilt |                     0.0 |                   0.0 | 0.0 | 0.0 | 0.0 |                     0.0 | 0.0 | 0.0 | 2.3595408878771723e-06 |   3.83343841139336e-06 | 0.0 |
| xUDUVTrp-bkg.spectral.reference |                     0.0 |                   0.0 | 0.0 | 0.0 | 0.0 |                     0.0 | 0.0 | 0.0 |                    0.0 |                    0.0 | 0.0 |
