|                      Parameters |                     0 |                      1 |   2 |   3 |   4 |                      5 |   6 |   7 |                      8 |                      9 |  10 |
|           Source.spectral.index |  0.003821359157841163 |  3.222763786834536e-15 | 0.0 | 0.0 | 0.0 |  -5.02360430622101e-06 | 0.0 | 0.0 |                    0.0 |                    0.0 | 0.0 |
|       Source.spectral.amplitude | 3.222763786834536e-15 |  5.591454980205541e-27 | 0.0 | 0.0 | 0.0 | 4.6967395786704834e-17 | 0.0 | 0.0 |                    0.0 |                    0.0 | 0.0 |
|       Source.spectral.reference |                   0.0 |                    0.0 | 0.0 | 0.0 | 0.0 |                    0.0 | 0.0 | 0.0 |                    0.0 |                    0.0 | 0.0 |
|            Source.spatial.lon_0 |                   0.0 |                    0.0 | 0.0 | 0.0 | 0.0 |                    0.0 | 0.0 | 0.0 |                    0.0 |                    0.0 | 0.0 |
|            Source.spatial.lat_0 |                   0.0 |                    0.0 | 0.0 | 0.0 | 0.0 |                    0.0 | 0.0 | 0.0 |                    0.0 |                    0.0 | 0.0 |
|            Source.spatial.sigma | -5.02360430622101e-06 | 4.6967395786704834e-17 | 0.0 | 0.0 | 0.0 |  0.0001387916614899927 | 0.0 | 0.0 |                    0.0 |                    0.0 | 0.0 |
|                Source.spatial.e |                   0.0 |                    0.0 | 0.0 | 0.0 | 0.0 |                    0.0 | 0.0 | 0.0 |                    0.0 |                    0.0 | 0.0 |
|              Source.spatial.phi |                   0.0 |                    0.0 | 0.0 | 0.0 | 0.0 |                    0.0 | 0.0 | 0.0 |                    0.0 |                    0.0 | 0.0 |
|      luwQhc5D-bkg.spectral.norm |                   0.0 |                    0.0 | 0.0 | 0.0 | 0.0 |                    0.0 | 0.0 | 0.0 |  2.964007489269112e-06 | 1.9793845572328026e-06 | 0.0 |
|      luwQhc5D-bkg.spectral.tilt |                   0.0 |                    0.0 | 0.0 | 0.0 | 0.0 |                    0.0 | 0.0 | 0.0 | 1.9793845572328026e-06 |  3.846470980700484e-06 | 0.0 |
| luwQhc5D-bkg.spectral.reference |                   0.0 |                    0.0 | 0.0 | 0.0 | 0.0 |                    0.0 | 0.0 | 0.0 |                    0.0 |                    0.0 | 0.0 |
