|                      Parameters |                      0 |                       1 |   2 |                      3 |   4 |                       5 |                      6 |                     7 |                     8 |   9 |
|             Crab.spectral.index | 0.00032109418740619485 |  -5.717020335940175e-15 | 0.0 |  -0.000105218257628373 | 0.0 |   1.585808680331347e-08 |  6.120093199923635e-09 |                   0.0 |                   0.0 | 0.0 |
|         Crab.spectral.amplitude | -5.717020335940175e-15 |   2.435696534197922e-25 | 0.0 | 2.8791474272337132e-15 | 0.0 | -1.1660321368580007e-18 | 3.9004492909799427e-19 |                   0.0 |                   0.0 | 0.0 |
|         Crab.spectral.reference |                    0.0 |                     0.0 | 0.0 |                    0.0 | 0.0 |                     0.0 |                    0.0 |                   0.0 |                   0.0 | 0.0 |
|           Crab.spectral.lambda_ |  -0.000105218257628373 |  2.8791474272337132e-15 | 0.0 |  5.240218616175677e-05 | 0.0 |   4.820051233035931e-09 |  5.030336718253725e-09 |                   0.0 |                   0.0 | 0.0 |
|             Crab.spectral.alpha |                    0.0 |                     0.0 | 0.0 |                    0.0 | 0.0 |                     0.0 |                    0.0 |                   0.0 |                   0.0 | 0.0 |
|              Crab.spatial.lon_0 |  1.585808680331347e-08 | -1.1660321368580007e-18 | 0.0 |  4.820051233035931e-09 | 0.0 |  2.3767593662616492e-07 | 4.4879723209983635e-10 |                   0.0 |                   0.0 | 0.0 |
|              Crab.spatial.lat_0 |  6.120093199923635e-09 |  3.9004492909799427e-19 | 0.0 |  5.030336718253725e-09 | 0.0 |  4.4879723209983635e-10 | 1.7780457558473076e-07 |                   0.0 |                   0.0 | 0.0 |
|      qnL0V04p-bkg.spectral.norm |                    0.0 |                     0.0 | 0.0 |                    0.0 | 0.0 |                     0.0 |                    0.0 | 5.354450479254974e-06 | 4.302812471882006e-07 | 0.0 |
|      qnL0V04p-bkg.spectral.tilt |                    0.0 |                     0.0 | 0.0 |                    0.0 | 0.0 |                     0.0 |                    0.0 | 4.302812471882006e-07 | 6.229594857276147e-06 | 0.0 |
| qnL0V04p-bkg.spectral.reference |                    0.0 |                     0.0 | 0.0 |                    0.0 | 0.0 |                     0.0 |                    0.0 |                   0.0 |                   0.0 | 0.0 |
