|                           Parameters |                      0 |                       1 |   2 |                     3 |   4 |                       5 |                       6 |                     7 |                     8 |   9 |                      10 |  11 |                     12 |                      13 |  14 |
|                  Crab.spectral.index |      4.666678928268715 |  -3.958861625132969e-11 | 0.0 |   -0.5467613686753267 | 0.0 |   0.0024507569380080815 |  -0.0005628072612931637 |                   0.0 |                   0.0 | 0.0 |                     0.0 | 0.0 |                    0.0 |                     0.0 | 0.0 |
|              Crab.spectral.amplitude | -3.958861625132969e-11 |  3.8235410834108284e-22 | 0.0 | 4.937610133468529e-12 | 0.0 | -2.0777705884705802e-14 |  4.7799253794523645e-15 |                   0.0 |                   0.0 | 0.0 |                     0.0 | 0.0 |                    0.0 |                     0.0 | 0.0 |
|              Crab.spectral.reference |                    0.0 |                     0.0 | 0.0 |                   0.0 | 0.0 |                     0.0 |                     0.0 |                   0.0 |                   0.0 | 0.0 |                     0.0 | 0.0 |                    0.0 |                     0.0 | 0.0 |
|                Crab.spectral.lambda_ |    -0.5467613686753267 |   4.937610133468529e-12 | 0.0 |    0.0701545974128601 | 0.0 |   -0.000280596806233374 |   6.451427512938898e-05 |                   0.0 |                   0.0 | 0.0 |                     0.0 | 0.0 |                    0.0 |                     0.0 | 0.0 |
|                  Crab.spectral.alpha |                    0.0 |                     0.0 | 0.0 |                   0.0 | 0.0 |                     0.0 |                     0.0 |                   0.0 |                   0.0 | 0.0 |                     0.0 | 0.0 |                    0.0 |                     0.0 | 0.0 |
|                   Crab.spatial.lon_0 |  0.0024507569380080815 | -2.0777705884705802e-14 | 0.0 | -0.000280596806233374 | 0.0 |   5.214447830139912e-05 | -3.0463401348271227e-07 |                   0.0 |                   0.0 | 0.0 |                     0.0 | 0.0 |                    0.0 |                     0.0 | 0.0 |
|                   Crab.spatial.lat_0 | -0.0005628072612931637 |  4.7799253794523645e-15 | 0.0 | 6.451427512938898e-05 | 0.0 | -3.0463401348271227e-07 |   3.818177738035333e-05 |                   0.0 |                   0.0 | 0.0 |                     0.0 | 0.0 |                    0.0 |                     0.0 | 0.0 |
|           kbJZVv5T-bkg.spectral.norm |                    0.0 |                     0.0 | 0.0 |                   0.0 | 0.0 |                     0.0 |                     0.0 | 0.0011452119385442648 | 9.497352495177325e-05 | 0.0 |                     0.0 | 0.0 |                    0.0 |                     0.0 | 0.0 |
|           kbJZVv5T-bkg.spectral.tilt |                    0.0 |                     0.0 | 0.0 |                   0.0 | 0.0 |                     0.0 |                     0.0 | 9.497352495177325e-05 | 0.0013281564304738615 | 0.0 |                     0.0 | 0.0 |                    0.0 |                     0.0 | 0.0 |
|      kbJZVv5T-bkg.spectral.reference |                    0.0 |                     0.0 | 0.0 |                   0.0 | 0.0 |                     0.0 |                     0.0 |                   0.0 |                   0.0 | 0.0 |                     0.0 | 0.0 |                    0.0 |                     0.0 | 0.0 |
|       kbJZVv5T-irf.e_reco_model.bias |                    0.0 |                     0.0 | 0.0 |                   0.0 | 0.0 |                     0.0 |                     0.0 |                   0.0 |                   0.0 | 0.0 |    0.017500051261865327 | 0.0 | -0.0005880261212420961 | -5.2024978171497635e-09 | 0.0 |
| kbJZVv5T-irf.e_reco_model.resolution |                    0.0 |                     0.0 | 0.0 |                   0.0 | 0.0 |                     0.0 |                     0.0 |                   0.0 |                   0.0 | 0.0 |                     0.0 | 0.0 |                    0.0 |                     0.0 | 0.0 |
|           kbJZVv5T-irf.spectral.norm |                    0.0 |                     0.0 | 0.0 |                   0.0 | 0.0 |                     0.0 |                     0.0 |                   0.0 |                   0.0 | 0.0 |  -0.0005880261212420961 | 0.0 |   0.009717120535929009 |   9.152205332278336e-08 | 0.0 |
|           kbJZVv5T-irf.spectral.tilt |                    0.0 |                     0.0 | 0.0 |                   0.0 | 0.0 |                     0.0 |                     0.0 |                   0.0 |                   0.0 | 0.0 | -5.2024978171497635e-09 | 0.0 |  9.152205332278336e-08 |   0.0003951906140095007 | 0.0 |
|      kbJZVv5T-irf.spectral.reference |                    0.0 |                     0.0 | 0.0 |                   0.0 | 0.0 |                     0.0 |                     0.0 |                   0.0 |                   0.0 | 0.0 |                     0.0 | 0.0 |                    0.0 |                     0.0 | 0.0 |
