|                           Parameters |                      0 |                      1 |   2 |                      3 |   4 |                      5 |                      6 |                     7 |                     8 |   9 |                      10 |  11 |                    12 |                      13 |  14 |
|                  Crab.spectral.index |     14.123937217939856 | -1.329452776956239e-10 | 0.0 |    -1.8926655738233553 | 0.0 |   0.007174726201071163 | -0.0014634306900020919 |                   0.0 |                   0.0 | 0.0 |                     0.0 | 0.0 |                   0.0 |                     0.0 | 0.0 |
|              Crab.spectral.amplitude | -1.329452776956239e-10 |  1.608854290136287e-21 | 0.0 | 2.0926174170998657e-11 | 0.0 | -6.745008274501586e-14 | 1.3901275256292461e-14 |                   0.0 |                   0.0 | 0.0 |                     0.0 | 0.0 |                   0.0 |                     0.0 | 0.0 |
|              Crab.spectral.reference |                    0.0 |                    0.0 | 0.0 |                    0.0 | 0.0 |                    0.0 |                    0.0 |                   0.0 |                   0.0 | 0.0 |                     0.0 | 0.0 |                   0.0 |                     0.0 | 0.0 |
|                Crab.spectral.lambda_ |    -1.8926655738233553 | 2.0926174170998657e-11 | 0.0 |     0.3154054287663902 | 0.0 | -0.0008958169597950656 |  0.0001835668386128623 |                   0.0 |                   0.0 | 0.0 |                     0.0 | 0.0 |                   0.0 |                     0.0 | 0.0 |
|                  Crab.spectral.alpha |                    0.0 |                    0.0 | 0.0 |                    0.0 | 0.0 |                    0.0 |                    0.0 |                   0.0 |                   0.0 | 0.0 |                     0.0 | 0.0 |                   0.0 |                     0.0 | 0.0 |
|                   Crab.spatial.lon_0 |   0.007174726201071163 | -6.745008274501586e-14 | 0.0 | -0.0008958169597950656 | 0.0 |  0.0005183962606801344 | -8.206982817899871e-07 |                   0.0 |                   0.0 | 0.0 |                     0.0 | 0.0 |                   0.0 |                     0.0 | 0.0 |
|                   Crab.spatial.lat_0 | -0.0014634306900020919 | 1.3901275256292461e-14 | 0.0 |  0.0001835668386128623 | 0.0 | -8.206982817899871e-07 | 0.00038591567744763404 |                   0.0 |                   0.0 | 0.0 |                     0.0 | 0.0 |                   0.0 |                     0.0 | 0.0 |
|           FnehtpWM-bkg.spectral.norm |                    0.0 |                    0.0 | 0.0 |                    0.0 | 0.0 |                    0.0 |                    0.0 |   0.01155258373834236 | 0.0009424991696631564 | 0.0 |                     0.0 | 0.0 |                   0.0 |                     0.0 | 0.0 |
|           FnehtpWM-bkg.spectral.tilt |                    0.0 |                    0.0 | 0.0 |                    0.0 | 0.0 |                    0.0 |                    0.0 | 0.0009424991696631564 |   0.01342636863094513 | 0.0 |                     0.0 | 0.0 |                   0.0 |                     0.0 | 0.0 |
|      FnehtpWM-bkg.spectral.reference |                    0.0 |                    0.0 | 0.0 |                    0.0 | 0.0 |                    0.0 |                    0.0 |                   0.0 |                   0.0 | 0.0 |                     0.0 | 0.0 |                   0.0 |                     0.0 | 0.0 |
|       FnehtpWM-irf.e_reco_model.bias |                    0.0 |                    0.0 | 0.0 |                    0.0 | 0.0 |                    0.0 |                    0.0 |                   0.0 |                   0.0 | 0.0 |    0.025111139614192746 | 0.0 | 6.332577611070312e-07 | -1.5374359389838103e-11 | 0.0 |
| FnehtpWM-irf.e_reco_model.resolution |                    0.0 |                    0.0 | 0.0 |                    0.0 | 0.0 |                    0.0 |                    0.0 |                   0.0 |                   0.0 | 0.0 |                     0.0 | 0.0 |                   0.0 |                     0.0 | 0.0 |
|           FnehtpWM-irf.spectral.norm |                    0.0 |                    0.0 | 0.0 |                    0.0 | 0.0 |                    0.0 |                    0.0 |                   0.0 |                   0.0 | 0.0 |   6.332577611070312e-07 | 0.0 |  0.009999251799860295 |   6.968233772098052e-09 | 0.0 |
|           FnehtpWM-irf.spectral.tilt |                    0.0 |                    0.0 | 0.0 |                    0.0 | 0.0 |                    0.0 |                    0.0 |                   0.0 |                   0.0 | 0.0 | -1.5374359389838103e-11 | 0.0 | 6.968233772098052e-09 |   0.0004000000006211834 | 0.0 |
|      FnehtpWM-irf.spectral.reference |                    0.0 |                    0.0 | 0.0 |                    0.0 | 0.0 |                    0.0 |                    0.0 |                   0.0 |                   0.0 | 0.0 |                     0.0 | 0.0 |                   0.0 |                     0.0 | 0.0 |
