|                      Parameters |                      0 |                      1 |   2 |                       3 |   4 |                       5 |                     6 |                     7 |                     8 |   9 |
|             Crab.spectral.index |   0.014274781217008455 | -2.475659928387764e-13 | 0.0 |   -0.004599326194383285 | 0.0 |   5.113441760850574e-07 | 1.478835724030673e-08 |                   0.0 |                   0.0 | 0.0 |
|         Crab.spectral.amplitude | -2.475659928387764e-13 | 1.0820433546133328e-23 | 0.0 |  1.2581260975280007e-13 | 0.0 |  -6.904916010770304e-17 | 5.519226025217522e-18 |                   0.0 |                   0.0 | 0.0 |
|         Crab.spectral.reference |                    0.0 |                    0.0 | 0.0 |                     0.0 | 0.0 |                     0.0 |                   0.0 |                   0.0 |                   0.0 | 0.0 |
|           Crab.spectral.lambda_ |  -0.004599326194383285 | 1.2581260975280007e-13 | 0.0 |    0.002308003433141865 | 0.0 | -1.8309960235632675e-08 | 2.772846900760573e-08 |                   0.0 |                   0.0 | 0.0 |
|             Crab.spectral.alpha |                    0.0 |                    0.0 | 0.0 |                     0.0 | 0.0 |                     0.0 |                   0.0 |                   0.0 |                   0.0 | 0.0 |
|              Crab.spatial.lon_0 |  5.113441760850574e-07 | -6.904916010770304e-17 | 0.0 | -1.8309960235632675e-08 | 0.0 |  1.1084799149821541e-05 |  2.30441139237838e-09 |                   0.0 |                   0.0 | 0.0 |
|              Crab.spatial.lat_0 |  1.478835724030673e-08 |  5.519226025217522e-18 | 0.0 |   2.772846900760573e-08 | 0.0 |    2.30441139237838e-09 | 8.307592524532715e-06 |                   0.0 |                   0.0 | 0.0 |
|      A5-Iqv9K-bkg.spectral.norm |                    0.0 |                    0.0 | 0.0 |                     0.0 | 0.0 |                     0.0 |                   0.0 | 0.0002485577450416826 | 2.022828705847575e-05 | 0.0 |
|      A5-Iqv9K-bkg.spectral.tilt |                    0.0 |                    0.0 | 0.0 |                     0.0 | 0.0 |                     0.0 |                   0.0 | 2.022828705847575e-05 | 0.0002891914762150745 | 0.0 |
| A5-Iqv9K-bkg.spectral.reference |                    0.0 |                    0.0 | 0.0 |                     0.0 | 0.0 |                     0.0 |                   0.0 |                   0.0 |                   0.0 | 0.0 |
