|                           Parameters |                      0 |                       1 |   2 |                      3 |   4 |                       5 |                      6 |                     7 |                     8 |   9 |  10 |  11 |                     12 |                     13 |  14 |
|                  Crab.spectral.index |    0.03093194389861696 |     -5.388014657774e-13 | 0.0 |     -0.009979875566111 | 0.0 |   9.408008823188609e-07 | -1.747094060230155e-07 |                   0.0 |                   0.0 | 0.0 | 0.0 | 0.0 |                    0.0 |                    0.0 | 0.0 |
|              Crab.spectral.amplitude |    -5.388014657774e-13 |   3.776779894754019e-23 | 0.0 |  2.741544592847313e-13 | 0.0 | -1.2762129130953142e-16 |  3.113146188011544e-17 |                   0.0 |                   0.0 | 0.0 | 0.0 | 0.0 |                    0.0 |                    0.0 | 0.0 |
|              Crab.spectral.reference |                    0.0 |                     0.0 | 0.0 |                    0.0 | 0.0 |                     0.0 |                    0.0 |                   0.0 |                   0.0 | 0.0 | 0.0 | 0.0 |                    0.0 |                    0.0 | 0.0 |
|                Crab.spectral.lambda_ |     -0.009979875566111 |   2.741544592847313e-13 | 0.0 |   0.005016422237291502 | 0.0 |  -6.261477200626922e-08 |   4.76019480634676e-08 |                   0.0 |                   0.0 | 0.0 | 0.0 | 0.0 |                    0.0 |                    0.0 | 0.0 |
|                  Crab.spectral.alpha |                    0.0 |                     0.0 | 0.0 |                    0.0 | 0.0 |                     0.0 |                    0.0 |                   0.0 |                   0.0 | 0.0 | 0.0 | 0.0 |                    0.0 |                    0.0 | 0.0 |
|                   Crab.spatial.lon_0 |  9.408008823188609e-07 | -1.2762129130953142e-16 | 0.0 | -6.261477200626922e-08 | 0.0 |  2.3900102921900957e-05 | -2.010981124509938e-09 |                   0.0 |                   0.0 | 0.0 | 0.0 | 0.0 |                    0.0 |                    0.0 | 0.0 |
|                   Crab.spatial.lat_0 | -1.747094060230155e-07 |   3.113146188011544e-17 | 0.0 |   4.76019480634676e-08 | 0.0 |  -2.010981124509938e-09 | 1.7915987744894215e-05 |                   0.0 |                   0.0 | 0.0 | 0.0 | 0.0 |                    0.0 |                    0.0 | 0.0 |
|           J0A0G2bR-bkg.spectral.norm |                    0.0 |                     0.0 | 0.0 |                    0.0 | 0.0 |                     0.0 |                    0.0 | 0.0005354869961120772 | 4.347832580317599e-05 | 0.0 | 0.0 | 0.0 |                    0.0 |                    0.0 | 0.0 |
|           J0A0G2bR-bkg.spectral.tilt |                    0.0 |                     0.0 | 0.0 |                    0.0 | 0.0 |                     0.0 |                    0.0 | 4.347832580317599e-05 | 0.0006230270234128402 | 0.0 | 0.0 | 0.0 |                    0.0 |                    0.0 | 0.0 |
|      J0A0G2bR-bkg.spectral.reference |                    0.0 |                     0.0 | 0.0 |                    0.0 | 0.0 |                     0.0 |                    0.0 |                   0.0 |                   0.0 | 0.0 | 0.0 | 0.0 |                    0.0 |                    0.0 | 0.0 |
|       J0A0G2bR-irf.e_reco_model.bias |                    0.0 |                     0.0 | 0.0 |                    0.0 | 0.0 |                     0.0 |                    0.0 |                   0.0 |                   0.0 | 0.0 | 0.0 | 0.0 |                    0.0 |                    0.0 | 0.0 |
| J0A0G2bR-irf.e_reco_model.resolution |                    0.0 |                     0.0 | 0.0 |                    0.0 | 0.0 |                     0.0 |                    0.0 |                   0.0 |                   0.0 | 0.0 | 0.0 | 0.0 |                    0.0 |                    0.0 | 0.0 |
|           J0A0G2bR-irf.spectral.norm |                    0.0 |                     0.0 | 0.0 |                    0.0 | 0.0 |                     0.0 |                    0.0 |                   0.0 |                   0.0 | 0.0 | 0.0 | 0.0 |     0.0100380460929924 | 2.0204455007448844e-07 | 0.0 |
|           J0A0G2bR-irf.spectral.tilt |                    0.0 |                     0.0 | 0.0 |                    0.0 | 0.0 |                     0.0 |                    0.0 |                   0.0 |                   0.0 | 0.0 | 0.0 | 0.0 | 2.0204455007448844e-07 |  0.0004000000712718942 | 0.0 |
|      J0A0G2bR-irf.spectral.reference |                    0.0 |                     0.0 | 0.0 |                    0.0 | 0.0 |                     0.0 |                    0.0 |                   0.0 |                   0.0 | 0.0 | 0.0 | 0.0 |                    0.0 |                    0.0 | 0.0 |
