|                           Parameters |                      0 |                       1 |   2 |                       3 |   4 |                       5 |                      6 |                     7 |                     8 |   9 |                     10 |  11 |                     12 |                    13 |  14 |
|                  Crab.spectral.index | 0.00042738687892964855 |  -6.416142846183559e-15 | 0.0 |  -8.887737834789266e-05 | 0.0 |  1.3067523920469016e-07 | -4.010570950367752e-08 |                   0.0 |                   0.0 | 0.0 |                    0.0 | 0.0 |                    0.0 |                   0.0 | 0.0 |
|              Crab.spectral.amplitude | -6.416142846183559e-15 |  1.9822733992144426e-23 | 0.0 |   2.065809315593578e-15 | 0.0 | -2.3920415301604788e-18 | -3.670030693841735e-18 |                   0.0 |                   0.0 | 0.0 |                    0.0 | 0.0 |                    0.0 |                   0.0 | 0.0 |
|              Crab.spectral.reference |                    0.0 |                     0.0 | 0.0 |                     0.0 | 0.0 |                     0.0 |                    0.0 |                   0.0 |                   0.0 | 0.0 |                    0.0 | 0.0 |                    0.0 |                   0.0 | 0.0 |
|                Crab.spectral.lambda_ | -8.887737834789266e-05 |   2.065809315593578e-15 | 0.0 |  3.0269444904466222e-05 | 0.0 | -1.8246049560590008e-08 | 5.7147131539028406e-09 |                   0.0 |                   0.0 | 0.0 |                    0.0 | 0.0 |                    0.0 |                   0.0 | 0.0 |
|                  Crab.spectral.alpha |                    0.0 |                     0.0 | 0.0 |                     0.0 | 0.0 |                     0.0 |                    0.0 |                   0.0 |                   0.0 | 0.0 |                    0.0 | 0.0 |                    0.0 |                   0.0 | 0.0 |
|                   Crab.spatial.lon_0 | 1.3067523920469016e-07 | -2.3920415301604788e-18 | 0.0 | -1.8246049560590008e-08 | 0.0 |  1.1096097028832783e-07 | -3.229289428340236e-11 |                   0.0 |                   0.0 | 0.0 |                    0.0 | 0.0 |                    0.0 |                   0.0 | 0.0 |
|                   Crab.spatial.lat_0 | -4.010570950367752e-08 |  -3.670030693841735e-18 | 0.0 |  5.7147131539028406e-09 | 0.0 |  -3.229289428340236e-11 |  8.314278558763303e-08 |                   0.0 |                   0.0 | 0.0 |                    0.0 | 0.0 |                    0.0 |                   0.0 | 0.0 |
|           iebGFeuE-bkg.spectral.norm |                    0.0 |                     0.0 | 0.0 |                     0.0 | 0.0 |                     0.0 |                    0.0 | 2.486075562384746e-06 |  2.03898715576128e-07 | 0.0 |                    0.0 | 0.0 |                    0.0 |                   0.0 | 0.0 |
|           iebGFeuE-bkg.spectral.tilt |                    0.0 |                     0.0 | 0.0 |                     0.0 | 0.0 |                     0.0 |                    0.0 |  2.03898715576128e-07 | 2.892206761460311e-06 | 0.0 |                    0.0 | 0.0 |                    0.0 |                   0.0 | 0.0 |
|      iebGFeuE-bkg.spectral.reference |                    0.0 |                     0.0 | 0.0 |                     0.0 | 0.0 |                     0.0 |                    0.0 |                   0.0 |                   0.0 | 0.0 |                    0.0 | 0.0 |                    0.0 |                   0.0 | 0.0 |
|       iebGFeuE-irf.e_reco_model.bias |                    0.0 |                     0.0 | 0.0 |                     0.0 | 0.0 |                     0.0 |                    0.0 |                   0.0 |                   0.0 | 0.0 | 2.1971728823427162e-24 | 0.0 | 1.2221693783555944e-15 | 7.315830833441079e-19 | 0.0 |
| iebGFeuE-irf.e_reco_model.resolution |                    0.0 |                     0.0 | 0.0 |                     0.0 | 0.0 |                     0.0 |                    0.0 |                   0.0 |                   0.0 | 0.0 |                    0.0 | 0.0 |                    0.0 |                   0.0 | 0.0 |
|           iebGFeuE-irf.spectral.norm |                    0.0 |                     0.0 | 0.0 |                     0.0 | 0.0 |                     0.0 |                    0.0 |                   0.0 |                   0.0 | 0.0 | 1.2221693783555944e-15 | 0.0 |   0.013847491752533692 |    8.976508872231e-06 | 0.0 |
|           iebGFeuE-irf.spectral.tilt |                    0.0 |                     0.0 | 0.0 |                     0.0 | 0.0 |                     0.0 |                    0.0 |                   0.0 |                   0.0 | 0.0 |  7.315830833441079e-19 | 0.0 |     8.976508872231e-06 | 0.0004000057131010123 | 0.0 |
|      iebGFeuE-irf.spectral.reference |                    0.0 |                     0.0 | 0.0 |                     0.0 | 0.0 |                     0.0 |                    0.0 |                   0.0 |                   0.0 | 0.0 |                    0.0 | 0.0 |                    0.0 |                   0.0 | 0.0 |
