|                      Parameters |                       0 |                       1 |   2 |                       3 |   4 |                       5 |                       6 |                     7 |                     8 |   9 |
|             Crab.spectral.index |     0.03056882864465046 |  -5.291457546675785e-13 | 0.0 |   -0.009830501387618847 | 0.0 |  1.0186971249982667e-06 | -4.2608339569667534e-08 |                   0.0 |                   0.0 | 0.0 |
|         Crab.spectral.amplitude |  -5.291457546675785e-13 |  2.3214833128069652e-23 | 0.0 |   2.692896430350728e-13 | 0.0 | -1.4072596855780992e-16 |   1.974300639845625e-17 |                   0.0 |                   0.0 | 0.0 |
|         Crab.spectral.reference |                     0.0 |                     0.0 | 0.0 |                     0.0 | 0.0 |                     0.0 |                     0.0 |                   0.0 |                   0.0 | 0.0 |
|           Crab.spectral.lambda_ |   -0.009830501387618847 |   2.692896430350728e-13 | 0.0 |    0.004940273789722603 | 0.0 | -3.8189363553485744e-08 |    5.89636620302001e-08 |                   0.0 |                   0.0 | 0.0 |
|             Crab.spectral.alpha |                     0.0 |                     0.0 | 0.0 |                     0.0 | 0.0 |                     0.0 |                     0.0 |                   0.0 |                   0.0 | 0.0 |
|              Crab.spatial.lon_0 |  1.0186971249982667e-06 | -1.4072596855780992e-16 | 0.0 | -3.8189363553485744e-08 | 0.0 |   2.388783404407761e-05 |  2.0234491806708755e-09 |                   0.0 |                   0.0 | 0.0 |
|              Crab.spatial.lat_0 | -4.2608339569667534e-08 |   1.974300639845625e-17 | 0.0 |    5.89636620302001e-08 | 0.0 |  2.0234491806708755e-09 |  1.7904798793626676e-05 |                   0.0 |                   0.0 | 0.0 |
|      u-_iF6jk-bkg.spectral.norm |                     0.0 |                     0.0 | 0.0 |                     0.0 | 0.0 |                     0.0 |                     0.0 | 0.0005354934749806484 |  4.35453570644949e-05 | 0.0 |
|      u-_iF6jk-bkg.spectral.tilt |                     0.0 |                     0.0 | 0.0 |                     0.0 | 0.0 |                     0.0 |                     0.0 |  4.35453570644949e-05 | 0.0006230373662518379 | 0.0 |
| u-_iF6jk-bkg.spectral.reference |                     0.0 |                     0.0 | 0.0 |                     0.0 | 0.0 |                     0.0 |                     0.0 |                   0.0 |                   0.0 | 0.0 |
