|                           Parameters |                       0 |                       1 |   2 |                      3 |   4 |                      5 |                      6 |                   7 |                    8 |   9 |                    10 |  11 |                    12 |                    13 |  14 |
|                  Crab.spectral.index |      10.301297747955271 | -1.0405693283044317e-10 | 0.0 |     -1.550746117417741 | 0.0 |   0.004759659614506752 | -0.0009968507136216892 |                 0.0 |                  0.0 | 0.0 |                   0.0 | 0.0 |                   0.0 |                   0.0 | 0.0 |
|              Crab.spectral.amplitude | -1.0405693283044317e-10 |   1.796350790271737e-21 | 0.0 | 2.2164203861997404e-11 | 0.0 | -4.841374432403421e-14 | 1.0437637828863848e-14 |                 0.0 |                  0.0 | 0.0 |                   0.0 | 0.0 |                   0.0 |                   0.0 | 0.0 |
|              Crab.spectral.reference |                     0.0 |                     0.0 | 0.0 |                    0.0 | 0.0 |                    0.0 |                    0.0 |                 0.0 |                  0.0 | 0.0 |                   0.0 | 0.0 |                   0.0 |                   0.0 | 0.0 |
|                Crab.spectral.lambda_ |      -1.550746117417741 |  2.2164203861997404e-11 | 0.0 |     0.3617535948205832 | 0.0 |  -0.000587949728609151 | 0.00012497888530921893 |                 0.0 |                  0.0 | 0.0 |                   0.0 | 0.0 |                   0.0 |                   0.0 | 0.0 |
|                  Crab.spectral.alpha |                     0.0 |                     0.0 | 0.0 |                    0.0 | 0.0 |                    0.0 |                    0.0 |                 0.0 |                  0.0 | 0.0 |                   0.0 | 0.0 |                   0.0 |                   0.0 | 0.0 |
|                   Crab.spatial.lon_0 |    0.004759659614506752 |  -4.841374432403421e-14 | 0.0 |  -0.000587949728609151 | 0.0 |  0.0011112758061167312 | -6.249904659359235e-07 |                 0.0 |                  0.0 | 0.0 |                   0.0 | 0.0 |                   0.0 |                   0.0 | 0.0 |
|                   Crab.spatial.lat_0 |  -0.0009968507136216892 |  1.0437637828863848e-14 | 0.0 | 0.00012497888530921893 | 0.0 | -6.249904659359235e-07 |  0.0008312860325863012 |                 0.0 |                  0.0 | 0.0 |                   0.0 | 0.0 |                   0.0 |                   0.0 | 0.0 |
|           uis9I-80-bkg.spectral.norm |                     0.0 |                     0.0 | 0.0 |                    0.0 | 0.0 |                    0.0 |                    0.0 | 0.02486480196605184 |    0.002019815913962 | 0.0 |                   0.0 | 0.0 |                   0.0 |                   0.0 | 0.0 |
|           uis9I-80-bkg.spectral.tilt |                     0.0 |                     0.0 | 0.0 |                    0.0 | 0.0 |                    0.0 |                    0.0 |   0.002019815913962 | 0.028920458138639683 | 0.0 |                   0.0 | 0.0 |                   0.0 |                   0.0 | 0.0 |
|      uis9I-80-bkg.spectral.reference |                     0.0 |                     0.0 | 0.0 |                    0.0 | 0.0 |                    0.0 |                    0.0 |                 0.0 |                  0.0 | 0.0 |                   0.0 | 0.0 |                   0.0 |                   0.0 | 0.0 |
|       uis9I-80-irf.e_reco_model.bias |                     0.0 |                     0.0 | 0.0 |                    0.0 | 0.0 |                    0.0 |                    0.0 |                 0.0 |                  0.0 | 0.0 |  0.008518089688544096 | 0.0 | 3.627989691879501e-07 | 4.411894534074902e-10 | 0.0 |
| uis9I-80-irf.e_reco_model.resolution |                     0.0 |                     0.0 | 0.0 |                    0.0 | 0.0 |                    0.0 |                    0.0 |                 0.0 |                  0.0 | 0.0 |                   0.0 | 0.0 |                   0.0 |                   0.0 | 0.0 |
|           uis9I-80-irf.spectral.norm |                     0.0 |                     0.0 | 0.0 |                    0.0 | 0.0 |                    0.0 |                    0.0 |                 0.0 |                  0.0 | 0.0 | 3.627989691879501e-07 | 0.0 |  0.009999657501982881 | 5.716522132080964e-09 | 0.0 |
|           uis9I-80-irf.spectral.tilt |                     0.0 |                     0.0 | 0.0 |                    0.0 | 0.0 |                    0.0 |                    0.0 |                 0.0 |                  0.0 | 0.0 | 4.411894534074902e-10 | 0.0 | 5.716522132080964e-09 | 0.0004000000006446066 | 0.0 |
|      uis9I-80-irf.spectral.reference |                     0.0 |                     0.0 | 0.0 |                    0.0 | 0.0 |                    0.0 |                    0.0 |                 0.0 |                  0.0 | 0.0 |                   0.0 | 0.0 |                   0.0 |                   0.0 | 0.0 |
