|                           Parameters |                       0 |                       1 |   2 |                      3 |   4 |                      5 |                       6 |                     7 |                     8 |   9 |                     10 |  11 |                     12 |                    13 |  14 |
|                  Crab.spectral.index |      1.2646197079023433 | -1.1851856108122141e-11 | 0.0 |   -0.16814485758256595 | 0.0 |  0.0006290400938590038 | -0.00015359691225430057 |                   0.0 |                   0.0 | 0.0 |                    0.0 | 0.0 |                    0.0 |                   0.0 | 0.0 |
|              Crab.spectral.amplitude | -1.1851856108122141e-11 |  1.3260702750220501e-22 | 0.0 | 1.6437146622901546e-12 | 0.0 | -5.892846017358423e-15 |  1.4382213511800991e-15 |                   0.0 |                   0.0 | 0.0 |                    0.0 | 0.0 |                    0.0 |                   0.0 | 0.0 |
|              Crab.spectral.reference |                     0.0 |                     0.0 | 0.0 |                    0.0 | 0.0 |                    0.0 |                     0.0 |                   0.0 |                   0.0 | 0.0 |                    0.0 | 0.0 |                    0.0 |                   0.0 | 0.0 |
|                Crab.spectral.lambda_ |    -0.16814485758256595 |  1.6437146622901546e-12 | 0.0 |    0.02370595083193663 | 0.0 | -8.224004322636232e-05 |  2.0098896939388792e-05 |                   0.0 |                   0.0 | 0.0 |                    0.0 | 0.0 |                    0.0 |                   0.0 | 0.0 |
|                  Crab.spectral.alpha |                     0.0 |                     0.0 | 0.0 |                    0.0 | 0.0 |                    0.0 |                     0.0 |                   0.0 |                   0.0 | 0.0 |                    0.0 | 0.0 |                    0.0 |                   0.0 | 0.0 |
|                   Crab.spatial.lon_0 |   0.0006290400938590038 |  -5.892846017358423e-15 | 0.0 | -8.224004322636232e-05 | 0.0 | 1.1404039768878418e-05 |  -7.853167400815488e-08 |                   0.0 |                   0.0 | 0.0 |                    0.0 | 0.0 |                    0.0 |                   0.0 | 0.0 |
|                   Crab.spatial.lat_0 | -0.00015359691225430057 |  1.4382213511800991e-15 | 0.0 | 2.0098896939388792e-05 | 0.0 | -7.853167400815488e-08 |   8.330759946937447e-06 |                   0.0 |                   0.0 | 0.0 |                    0.0 | 0.0 |                    0.0 |                   0.0 | 0.0 |
|           YhOD_vyU-bkg.spectral.norm |                     0.0 |                     0.0 | 0.0 |                    0.0 | 0.0 |                    0.0 |                     0.0 | 0.0002500008476386472 | 2.089388627680348e-05 | 0.0 |                    0.0 | 0.0 |                    0.0 |                   0.0 | 0.0 |
|           YhOD_vyU-bkg.spectral.tilt |                     0.0 |                     0.0 | 0.0 |                    0.0 | 0.0 |                    0.0 |                     0.0 | 2.089388627680348e-05 | 0.0002895210634889062 | 0.0 |                    0.0 | 0.0 |                    0.0 |                   0.0 | 0.0 |
|      YhOD_vyU-bkg.spectral.reference |                     0.0 |                     0.0 | 0.0 |                    0.0 | 0.0 |                    0.0 |                     0.0 |                   0.0 |                   0.0 | 0.0 |                    0.0 | 0.0 |                    0.0 |                   0.0 | 0.0 |
|       YhOD_vyU-irf.e_reco_model.bias |                     0.0 |                     0.0 | 0.0 |                    0.0 | 0.0 |                    0.0 |                     0.0 |                   0.0 |                   0.0 | 0.0 |    0.00685746550884599 | 0.0 | -2.185061033256148e-05 | 8.558791801977429e-10 | 0.0 |
| YhOD_vyU-irf.e_reco_model.resolution |                     0.0 |                     0.0 | 0.0 |                    0.0 | 0.0 |                    0.0 |                     0.0 |                   0.0 |                   0.0 | 0.0 |                    0.0 | 0.0 |                    0.0 |                   0.0 | 0.0 |
|           YhOD_vyU-irf.spectral.norm |                     0.0 |                     0.0 | 0.0 |                    0.0 | 0.0 |                    0.0 |                     0.0 |                   0.0 |                   0.0 | 0.0 | -2.185061033256148e-05 | 0.0 |   0.009976342288391423 | 6.930493555291174e-07 | 0.0 |
|           YhOD_vyU-irf.spectral.tilt |                     0.0 |                     0.0 | 0.0 |                    0.0 | 0.0 |                    0.0 |                     0.0 |                   0.0 |                   0.0 | 0.0 |  8.558791801977429e-10 | 0.0 |  6.930493555291174e-07 | 0.0004000000493655304 | 0.0 |
|      YhOD_vyU-irf.spectral.reference |                     0.0 |                     0.0 | 0.0 |                    0.0 | 0.0 |                    0.0 |                     0.0 |                   0.0 |                   0.0 | 0.0 |                    0.0 | 0.0 |                    0.0 |                   0.0 | 0.0 |
