|                           Parameters |                       0 |                       1 |   2 |                      3 |   4 |                       5 |                       6 |                     7 |                     8 |   9 |                      10 |  11 |                      12 |                      13 |  14 |
|                  Crab.spectral.index |    0.020544956052133596 | -1.3607133795529506e-13 | 0.0 | -0.0028327908409838906 | 0.0 |   9.603913076454566e-06 |  -2.819715501491621e-06 |                   0.0 |                   0.0 | 0.0 |                     0.0 | 0.0 |                     0.0 |                     0.0 | 0.0 |
|              Crab.spectral.amplitude | -1.3607133795529506e-13 |   6.406000408325267e-24 | 0.0 |   1.97672710864032e-14 | 0.0 |  -6.358468907594474e-17 |  1.7926173006885426e-17 |                   0.0 |                   0.0 | 0.0 |                     0.0 | 0.0 |                     0.0 |                     0.0 | 0.0 |
|              Crab.spectral.reference |                     0.0 |                     0.0 | 0.0 |                    0.0 | 0.0 |                     0.0 |                     0.0 |                   0.0 |                   0.0 | 0.0 |                     0.0 | 0.0 |                     0.0 |                     0.0 | 0.0 |
|                Crab.spectral.lambda_ |  -0.0028327908409838906 |    1.97672710864032e-14 | 0.0 |  0.0004193985994984168 | 0.0 |  -1.295859134771179e-06 |   3.809225787233134e-07 |                   0.0 |                   0.0 | 0.0 |                     0.0 | 0.0 |                     0.0 |                     0.0 | 0.0 |
|                  Crab.spectral.alpha |                     0.0 |                     0.0 | 0.0 |                    0.0 | 0.0 |                     0.0 |                     0.0 |                   0.0 |                   0.0 | 0.0 |                     0.0 | 0.0 |                     0.0 |                     0.0 | 0.0 |
|                   Crab.spatial.lon_0 |   9.603913076454566e-06 |  -6.358468907594474e-17 | 0.0 | -1.295859134771179e-06 | 0.0 |  2.4248123417431775e-07 | -1.3761273854414112e-09 |                   0.0 |                   0.0 | 0.0 |                     0.0 | 0.0 |                     0.0 |                     0.0 | 0.0 |
|                   Crab.spatial.lat_0 |  -2.819715501491621e-06 |  1.7926173006885426e-17 | 0.0 |  3.809225787233134e-07 | 0.0 | -1.3761273854414112e-09 |    1.78751870038806e-07 |                   0.0 |                   0.0 | 0.0 |                     0.0 | 0.0 |                     0.0 |                     0.0 | 0.0 |
|           eOXdCb8n-bkg.spectral.norm |                     0.0 |                     0.0 | 0.0 |                    0.0 | 0.0 |                     0.0 |                     0.0 | 5.355465940737831e-06 | 4.457024428081596e-07 | 0.0 |                     0.0 | 0.0 |                     0.0 |                     0.0 | 0.0 |
|           eOXdCb8n-bkg.spectral.tilt |                     0.0 |                     0.0 | 0.0 |                    0.0 | 0.0 |                     0.0 |                     0.0 | 4.457024428081596e-07 | 6.210976057104881e-06 | 0.0 |                     0.0 | 0.0 |                     0.0 |                     0.0 | 0.0 |
|      eOXdCb8n-bkg.spectral.reference |                     0.0 |                     0.0 | 0.0 |                    0.0 | 0.0 |                     0.0 |                     0.0 |                   0.0 |                   0.0 | 0.0 |                     0.0 | 0.0 |                     0.0 |                     0.0 | 0.0 |
|       eOXdCb8n-irf.e_reco_model.bias |                     0.0 |                     0.0 | 0.0 |                    0.0 | 0.0 |                     0.0 |                     0.0 |                   0.0 |                   0.0 | 0.0 |  1.2498099136446342e-06 | 0.0 | -1.2269491209538174e-05 | -3.5012568792865473e-08 | 0.0 |
| eOXdCb8n-irf.e_reco_model.resolution |                     0.0 |                     0.0 | 0.0 |                    0.0 | 0.0 |                     0.0 |                     0.0 |                   0.0 |                   0.0 | 0.0 |                     0.0 | 0.0 |                     0.0 |                     0.0 | 0.0 |
|           eOXdCb8n-irf.spectral.norm |                     0.0 |                     0.0 | 0.0 |                    0.0 | 0.0 |                     0.0 |                     0.0 |                   0.0 |                   0.0 | 0.0 | -1.2269491209538174e-05 | 0.0 |     0.00397569309909533 |  1.1366919921996342e-05 | 0.0 |
|           eOXdCb8n-irf.spectral.tilt |                     0.0 |                     0.0 | 0.0 |                    0.0 | 0.0 |                     0.0 |                     0.0 |                   0.0 |                   0.0 | 0.0 | -3.5012568792865473e-08 | 0.0 |  1.1366919921996342e-05 |  0.00039842729976261585 | 0.0 |
|      eOXdCb8n-irf.spectral.reference |                     0.0 |                     0.0 | 0.0 |                    0.0 | 0.0 |                     0.0 |                     0.0 |                   0.0 |                   0.0 | 0.0 |                     0.0 | 0.0 |                     0.0 |                     0.0 | 0.0 |
