|                           Parameters |                      0 |                      1 |   2 |                       3 |   4 |                       5 |                       6 |                      7 |                      8 |   9 |  10 |  11 |                     12 |                     13 |  14 |
|                  Crab.spectral.index |   0.014449892233104944 | -2.526178750157266e-13 | 0.0 |   -0.004672213553525092 | 0.0 |   4.355257572527882e-07 |   -8.31063286011252e-08 |                    0.0 |                    0.0 | 0.0 | 0.0 | 0.0 |                    0.0 |                    0.0 | 0.0 |
|              Crab.spectral.amplitude | -2.526178750157266e-13 |  2.526573478036089e-23 | 0.0 |   1.283791743629759e-13 | 0.0 |  -5.918155586434209e-17 |  1.2855048231709009e-17 |                    0.0 |                    0.0 | 0.0 | 0.0 | 0.0 |                    0.0 |                    0.0 | 0.0 |
|              Crab.spectral.reference |                    0.0 |                    0.0 | 0.0 |                     0.0 | 0.0 |                     0.0 |                     0.0 |                    0.0 |                    0.0 | 0.0 | 0.0 | 0.0 |                    0.0 |                    0.0 | 0.0 |
|                Crab.spectral.lambda_ |  -0.004672213553525092 |  1.283791743629759e-13 | 0.0 |   0.0023458004832531466 | 0.0 | -2.9647655334759545e-08 |   2.204101580536923e-08 |                    0.0 |                    0.0 | 0.0 | 0.0 | 0.0 |                    0.0 |                    0.0 | 0.0 |
|                  Crab.spectral.alpha |                    0.0 |                    0.0 | 0.0 |                     0.0 | 0.0 |                     0.0 |                     0.0 |                    0.0 |                    0.0 | 0.0 | 0.0 | 0.0 |                    0.0 |                    0.0 | 0.0 |
|                   Crab.spatial.lon_0 |  4.355257572527882e-07 | -5.918155586434209e-17 | 0.0 | -2.9647655334759545e-08 | 0.0 |  1.1093767315208023e-05 | -1.0330172415898107e-09 |                    0.0 |                    0.0 | 0.0 | 0.0 | 0.0 |                    0.0 |                    0.0 | 0.0 |
|                   Crab.spatial.lat_0 |  -8.31063286011252e-08 | 1.2855048231709009e-17 | 0.0 |   2.204101580536923e-08 | 0.0 | -1.0330172415898107e-09 |   8.316173445670061e-06 |                    0.0 |                    0.0 | 0.0 | 0.0 | 0.0 |                    0.0 |                    0.0 | 0.0 |
|           -zCKbFTH-bkg.spectral.norm |                    0.0 |                    0.0 | 0.0 |                     0.0 | 0.0 |                     0.0 |                     0.0 |  0.0002485560378786957 | 2.0227403654624616e-05 | 0.0 | 0.0 | 0.0 |                    0.0 |                    0.0 | 0.0 |
|           -zCKbFTH-bkg.spectral.tilt |                    0.0 |                    0.0 | 0.0 |                     0.0 | 0.0 |                     0.0 |                     0.0 | 2.0227403654624616e-05 | 0.00028919270564234714 | 0.0 | 0.0 | 0.0 |                    0.0 |                    0.0 | 0.0 |
|      -zCKbFTH-bkg.spectral.reference |                    0.0 |                    0.0 | 0.0 |                     0.0 | 0.0 |                     0.0 |                     0.0 |                    0.0 |                    0.0 | 0.0 | 0.0 | 0.0 |                    0.0 |                    0.0 | 0.0 |
|       -zCKbFTH-irf.e_reco_model.bias |                    0.0 |                    0.0 | 0.0 |                     0.0 | 0.0 |                     0.0 |                     0.0 |                    0.0 |                    0.0 | 0.0 | 0.0 | 0.0 |                    0.0 |                    0.0 | 0.0 |
| -zCKbFTH-irf.e_reco_model.resolution |                    0.0 |                    0.0 | 0.0 |                     0.0 | 0.0 |                     0.0 |                     0.0 |                    0.0 |                    0.0 | 0.0 | 0.0 | 0.0 |                    0.0 |                    0.0 | 0.0 |
|           -zCKbFTH-irf.spectral.norm |                    0.0 |                    0.0 | 0.0 |                     0.0 | 0.0 |                     0.0 |                     0.0 |                    0.0 |                    0.0 | 0.0 | 0.0 | 0.0 |   0.010069874195782485 | 2.4667621091923287e-07 | 0.0 |
|           -zCKbFTH-irf.spectral.tilt |                    0.0 |                    0.0 | 0.0 |                     0.0 | 0.0 |                     0.0 |                     0.0 |                    0.0 |                    0.0 | 0.0 | 0.0 | 0.0 | 2.4667621091923287e-07 |  0.0004000000339776624 | 0.0 |
|      -zCKbFTH-irf.spectral.reference |                    0.0 |                    0.0 | 0.0 |                     0.0 | 0.0 |                     0.0 |                     0.0 |                    0.0 |                    0.0 | 0.0 | 0.0 | 0.0 |                    0.0 |                    0.0 | 0.0 |
