|                           Parameters |                       0 |                       1 |   2 |                       3 |   4 |                       5 |                       6 |                      7 |                      8 |   9 |  10 |  11 |                    12 |                     13 |  14 |
|                  Crab.spectral.index |  0.00015272950373428068 | -3.2882269267987077e-15 | 0.0 |  -5.013749271946314e-05 | 0.0 |     4.4017751773293e-09 |  -9.342395109424149e-10 |                    0.0 |                    0.0 | 0.0 | 0.0 | 0.0 |                   0.0 |                    0.0 | 0.0 |
|              Crab.spectral.amplitude | -3.2882269267987077e-15 |  2.0458911795284074e-23 | 0.0 |  1.6483049714319276e-15 | 0.0 |  -8.634785538736498e-19 | -3.8983850968320425e-18 |                    0.0 |                    0.0 | 0.0 | 0.0 | 0.0 |                   0.0 |                    0.0 | 0.0 |
|              Crab.spectral.reference |                     0.0 |                     0.0 | 0.0 |                     0.0 | 0.0 |                     0.0 |                     0.0 |                    0.0 |                    0.0 | 0.0 | 0.0 | 0.0 |                   0.0 |                    0.0 | 0.0 |
|                Crab.spectral.lambda_ |  -5.013749271946314e-05 |  1.6483049714319276e-15 | 0.0 |  2.4807385560560893e-05 | 0.0 | -4.2393758024028026e-10 |  1.9776894575590154e-10 |                    0.0 |                    0.0 | 0.0 | 0.0 | 0.0 |                   0.0 |                    0.0 | 0.0 |
|                  Crab.spectral.alpha |                     0.0 |                     0.0 | 0.0 |                     0.0 | 0.0 |                     0.0 |                     0.0 |                    0.0 |                    0.0 | 0.0 | 0.0 | 0.0 |                   0.0 |                    0.0 | 0.0 |
|                   Crab.spatial.lon_0 |     4.4017751773293e-09 |  -8.634785538736498e-19 | 0.0 | -4.2393758024028026e-10 | 0.0 |  1.1093717167717053e-07 | -1.5410207425345213e-11 |                    0.0 |                    0.0 | 0.0 | 0.0 | 0.0 |                   0.0 |                    0.0 | 0.0 |
|                   Crab.spatial.lat_0 |  -9.342395109424149e-10 | -3.8983850968320425e-18 | 0.0 |  1.9776894575590154e-10 | 0.0 | -1.5410207425345213e-11 |   8.316384001152184e-08 |                    0.0 |                    0.0 | 0.0 | 0.0 | 0.0 |                   0.0 |                    0.0 | 0.0 |
|           xeL5Oh-a-bkg.spectral.norm |                     0.0 |                     0.0 | 0.0 |                     0.0 | 0.0 |                     0.0 |                     0.0 |  2.485835715338431e-06 | 2.0377051633320955e-07 | 0.0 | 0.0 | 0.0 |                   0.0 |                    0.0 | 0.0 |
|           xeL5Oh-a-bkg.spectral.tilt |                     0.0 |                     0.0 | 0.0 |                     0.0 | 0.0 |                     0.0 |                     0.0 | 2.0377051633320955e-07 |  2.892165002556785e-06 | 0.0 | 0.0 | 0.0 |                   0.0 |                    0.0 | 0.0 |
|      xeL5Oh-a-bkg.spectral.reference |                     0.0 |                     0.0 | 0.0 |                     0.0 | 0.0 |                     0.0 |                     0.0 |                    0.0 |                    0.0 | 0.0 | 0.0 | 0.0 |                   0.0 |                    0.0 | 0.0 |
|       xeL5Oh-a-irf.e_reco_model.bias |                     0.0 |                     0.0 | 0.0 |                     0.0 | 0.0 |                     0.0 |                     0.0 |                    0.0 |                    0.0 | 0.0 | 0.0 | 0.0 |                   0.0 |                    0.0 | 0.0 |
| xeL5Oh-a-irf.e_reco_model.resolution |                     0.0 |                     0.0 | 0.0 |                     0.0 | 0.0 |                     0.0 |                     0.0 |                    0.0 |                    0.0 | 0.0 | 0.0 | 0.0 |                   0.0 |                    0.0 | 0.0 |
|           xeL5Oh-a-irf.spectral.norm |                     0.0 |                     0.0 | 0.0 |                     0.0 | 0.0 |                     0.0 |                     0.0 |                    0.0 |                    0.0 | 0.0 | 0.0 | 0.0 |   0.01435546974294953 |  8.578861222871368e-06 | 0.0 |
|           xeL5Oh-a-irf.spectral.tilt |                     0.0 |                     0.0 | 0.0 |                     0.0 | 0.0 |                     0.0 |                     0.0 |                    0.0 |                    0.0 | 0.0 | 0.0 | 0.0 | 8.578861222871368e-06 | 0.00040000560713899705 | 0.0 |
|      xeL5Oh-a-irf.spectral.reference |                     0.0 |                     0.0 | 0.0 |                     0.0 | 0.0 |                     0.0 |                     0.0 |                    0.0 |                    0.0 | 0.0 | 0.0 | 0.0 |                   0.0 |                    0.0 | 0.0 |
