|                      Parameters |                      0 |                      1 |   2 |                      3 |   4 |                      5 |                      6 |                      7 |                      8 |   9 |
|             Crab.spectral.index | 0.00015072396835376356 | -2.684231740097414e-15 | 0.0 | -4.950180302290949e-05 | 0.0 |  7.717468990210165e-09 |  2.890216956180263e-09 |                    0.0 |                    0.0 | 0.0 |
|         Crab.spectral.amplitude | -2.684231740097414e-15 | 1.1360676138676346e-25 | 0.0 | 1.3483193235924573e-15 | 0.0 | -5.449512721591132e-19 | 1.7906390790686366e-19 |                    0.0 |                    0.0 | 0.0 |
|         Crab.spectral.reference |                    0.0 |                    0.0 | 0.0 |                    0.0 | 0.0 |                    0.0 |                    0.0 |                    0.0 |                    0.0 | 0.0 |
|           Crab.spectral.lambda_ | -4.950180302290949e-05 | 1.3483193235924573e-15 | 0.0 | 2.4577790177634542e-05 | 0.0 |  2.094209695284584e-09 | 2.2928825703823453e-09 |                    0.0 |                    0.0 | 0.0 |
|             Crab.spectral.alpha |                    0.0 |                    0.0 | 0.0 |                    0.0 | 0.0 |                    0.0 |                    0.0 |                    0.0 |                    0.0 | 0.0 |
|              Crab.spatial.lon_0 |  7.717468990210165e-09 | -5.449512721591132e-19 | 0.0 |  2.094209695284584e-09 | 0.0 | 1.1032003591955541e-07 |  2.084023534337227e-10 |                    0.0 |                    0.0 | 0.0 |
|              Crab.spatial.lat_0 |  2.890216956180263e-09 | 1.7906390790686366e-19 | 0.0 | 2.2928825703823453e-09 | 0.0 |  2.084023534337227e-10 |  8.252940158716036e-08 |                    0.0 |                    0.0 | 0.0 |
|      8NG24UiJ-bkg.spectral.norm |                    0.0 |                    0.0 | 0.0 |                    0.0 | 0.0 |                    0.0 |                    0.0 | 2.4853029889198193e-06 | 1.9965358288077063e-07 | 0.0 |
|      8NG24UiJ-bkg.spectral.tilt |                    0.0 |                    0.0 | 0.0 |                    0.0 | 0.0 |                    0.0 |                    0.0 | 1.9965358288077063e-07 | 2.8915053885612506e-06 | 0.0 |
| 8NG24UiJ-bkg.spectral.reference |                    0.0 |                    0.0 | 0.0 |                    0.0 | 0.0 |                    0.0 |                    0.0 |                    0.0 |                    0.0 | 0.0 |
