|                           Parameters |                       0 |                      1 |   2 |                       3 |   4 |                       5 |                       6 |                     7 |                     8 |   9 |  10 |  11 |                    12 |                     13 |  14 |
|              0xlews-0.spectral.index |      1.3991524338844372 | -2.409846440430894e-11 | 0.0 |     -0.4474627309812171 | 0.0 |  4.4018777305948216e-05 | -6.3432322722512374e-06 |                   0.0 |                   0.0 | 0.0 | 0.0 | 0.0 |                   0.0 |                    0.0 | 0.0 |
|          0xlews-0.spectral.amplitude |  -2.409846440430894e-11 | 1.0833210237319916e-21 | 0.0 |  1.2334802012575495e-11 | 0.0 |  -5.960523706786585e-15 |  1.5293342936653643e-15 |                   0.0 |                   0.0 | 0.0 | 0.0 | 0.0 |                   0.0 |                    0.0 | 0.0 |
|          0xlews-0.spectral.reference |                     0.0 |                    0.0 | 0.0 |                     0.0 | 0.0 |                     0.0 |                     0.0 |                   0.0 |                   0.0 | 0.0 | 0.0 | 0.0 |                   0.0 |                    0.0 | 0.0 |
|            0xlews-0.spectral.lambda_ |     -0.4474627309812171 | 1.2334802012575495e-11 | 0.0 |     0.22633030501562873 | 0.0 | -2.3107643884549477e-06 |    2.06223565288731e-06 |                   0.0 |                   0.0 | 0.0 | 0.0 | 0.0 |                   0.0 |                    0.0 | 0.0 |
|              0xlews-0.spectral.alpha |                     0.0 |                    0.0 | 0.0 |                     0.0 | 0.0 |                     0.0 |                     0.0 |                   0.0 |                   0.0 | 0.0 | 0.0 | 0.0 |                   0.0 |                    0.0 | 0.0 |
|               0xlews-0.spatial.lon_0 |  4.4018777305948216e-05 | -5.960523706786585e-15 | 0.0 | -2.3107643884549477e-06 | 0.0 |   0.0011094045938227855 |  -9.006999663072723e-08 |                   0.0 |                   0.0 | 0.0 | 0.0 | 0.0 |                   0.0 |                    0.0 | 0.0 |
|               0xlews-0.spatial.lat_0 | -6.3432322722512374e-06 | 1.5293342936653643e-15 | 0.0 |    2.06223565288731e-06 | 0.0 |  -9.006999663072723e-08 |   0.0008316483269586189 |                   0.0 |                   0.0 | 0.0 | 0.0 | 0.0 |                   0.0 |                    0.0 | 0.0 |
|           VGXjIp2h-bkg.spectral.norm |                     0.0 |                    0.0 | 0.0 |                     0.0 | 0.0 |                     0.0 |                     0.0 |  0.024857757041713602 | 0.0020444934138819284 | 0.0 | 0.0 | 0.0 |                   0.0 |                    0.0 | 0.0 |
|           VGXjIp2h-bkg.spectral.tilt |                     0.0 |                    0.0 | 0.0 |                     0.0 | 0.0 |                     0.0 |                     0.0 | 0.0020444934138819284 |   0.02892195296034547 | 0.0 | 0.0 | 0.0 |                   0.0 |                    0.0 | 0.0 |
|      VGXjIp2h-bkg.spectral.reference |                     0.0 |                    0.0 | 0.0 |                     0.0 | 0.0 |                     0.0 |                     0.0 |                   0.0 |                   0.0 | 0.0 | 0.0 | 0.0 |                   0.0 |                    0.0 | 0.0 |
|       VGXjIp2h-irf.e_reco_model.bias |                     0.0 |                    0.0 | 0.0 |                     0.0 | 0.0 |                     0.0 |                     0.0 |                   0.0 |                   0.0 | 0.0 | 0.0 | 0.0 |                   0.0 |                    0.0 | 0.0 |
| VGXjIp2h-irf.e_reco_model.resolution |                     0.0 |                    0.0 | 0.0 |                     0.0 | 0.0 |                     0.0 |                     0.0 |                   0.0 |                   0.0 | 0.0 | 0.0 | 0.0 |                   0.0 |                    0.0 | 0.0 |
|           VGXjIp2h-irf.spectral.norm |                     0.0 |                    0.0 | 0.0 |                     0.0 | 0.0 |                     0.0 |                     0.0 |                   0.0 |                   0.0 | 0.0 | 0.0 | 0.0 |   0.01000033999917222 |  6.380462068728268e-09 | 0.0 |
|           VGXjIp2h-irf.spectral.tilt |                     0.0 |                    0.0 | 0.0 |                     0.0 | 0.0 |                     0.0 |                     0.0 |                   0.0 |                   0.0 | 0.0 | 0.0 | 0.0 | 6.380462068728268e-09 | 0.00039991526880836547 | 0.0 |
|      VGXjIp2h-irf.spectral.reference |                     0.0 |                    0.0 | 0.0 |                     0.0 | 0.0 |                     0.0 |                     0.0 |                   0.0 |                   0.0 | 0.0 | 0.0 | 0.0 |                   0.0 |                    0.0 | 0.0 |
