|                      Parameters |                      0 |                     1 |   2 |   3 |   4 |                      5 |   6 |   7 |                      8 |                      9 |  10 |
|           Source.spectral.index |   0.003800549855034263 | 3.607227148583363e-15 | 0.0 | 0.0 | 0.0 | -4.491449751466434e-06 | 0.0 | 0.0 |                    0.0 |                    0.0 | 0.0 |
|       Source.spectral.amplitude |  3.607227148583363e-15 | 7.000724669175085e-27 | 0.0 | 0.0 | 0.0 |  4.831477636070342e-17 | 0.0 | 0.0 |                    0.0 |                    0.0 | 0.0 |
|       Source.spectral.reference |                    0.0 |                   0.0 | 0.0 | 0.0 | 0.0 |                    0.0 | 0.0 | 0.0 |                    0.0 |                    0.0 | 0.0 |
|            Source.spatial.lon_0 |                    0.0 |                   0.0 | 0.0 | 0.0 | 0.0 |                    0.0 | 0.0 | 0.0 |                    0.0 |                    0.0 | 0.0 |
|            Source.spatial.lat_0 |                    0.0 |                   0.0 | 0.0 | 0.0 | 0.0 |                    0.0 | 0.0 | 0.0 |                    0.0 |                    0.0 | 0.0 |
|            Source.spatial.sigma | -4.491449751466434e-06 | 4.831477636070342e-17 | 0.0 | 0.0 | 0.0 | 0.00013082044016803245 | 0.0 | 0.0 |                    0.0 |                    0.0 | 0.0 |
|                Source.spatial.e |                    0.0 |                   0.0 | 0.0 | 0.0 | 0.0 |                    0.0 | 0.0 | 0.0 |                    0.0 |                    0.0 | 0.0 |
|              Source.spatial.phi |                    0.0 |                   0.0 | 0.0 | 0.0 | 0.0 |                    0.0 | 0.0 | 0.0 |                    0.0 |                    0.0 | 0.0 |
|      lOa5OYmB-bkg.spectral.norm |                    0.0 |                   0.0 | 0.0 | 0.0 | 0.0 |                    0.0 | 0.0 | 0.0 | 3.6929988834174055e-06 |  2.209599392617656e-06 | 0.0 |
|      lOa5OYmB-bkg.spectral.tilt |                    0.0 |                   0.0 | 0.0 | 0.0 | 0.0 |                    0.0 | 0.0 | 0.0 |  2.209599392617656e-06 | 3.8468557607879964e-06 | 0.0 |
| lOa5OYmB-bkg.spectral.reference |                    0.0 |                   0.0 | 0.0 | 0.0 | 0.0 |                    0.0 | 0.0 | 0.0 |                    0.0 |                    0.0 | 0.0 |
