|                            Parameters |                       0 |                       1 |   2 |                       3 |   4 |                       5 |                       6 |                      7 |                      8 |   9 |                     10 |  11 |                     12 |                    13 |  14 |
|                Crablog.spectral.index |    0.004702472687172204 |   9.341993020059427e-13 | 0.0 |   -5.42991122451454e-05 | 0.0 |   6.323480821893466e-08 | -1.9724800729768074e-08 |                    0.0 |                    0.0 | 0.0 |                    0.0 | 0.0 |                    0.0 |                   0.0 | 0.0 |
|            Crablog.spectral.amplitude |   9.341993020059427e-13 |  2.2447074268448707e-22 | 0.0 |  1.1869810952576866e-14 | 0.0 | -5.3296358553638305e-18 |  1.7021075669623776e-18 |                    0.0 |                    0.0 | 0.0 |                    0.0 | 0.0 |                    0.0 |                   0.0 | 0.0 |
|            Crablog.spectral.reference |                     0.0 |                     0.0 | 0.0 |                     0.0 | 0.0 |                     0.0 |                     0.0 |                    0.0 |                    0.0 | 0.0 |                    0.0 | 0.0 |                    0.0 |                   0.0 | 0.0 |
|              Crablog.spectral.lambda_ |   -5.42991122451454e-05 |  1.1869810952576866e-14 | 0.0 |   3.962760049160514e-05 | 0.0 | -1.4098651117356622e-08 |   4.698731315625682e-09 |                    0.0 |                    0.0 | 0.0 |                    0.0 | 0.0 |                    0.0 |                   0.0 | 0.0 |
|                Crablog.spectral.alpha |                     0.0 |                     0.0 | 0.0 |                     0.0 | 0.0 |                     0.0 |                     0.0 |                    0.0 |                    0.0 | 0.0 |                    0.0 | 0.0 |                    0.0 |                   0.0 | 0.0 |
|                 Crablog.spatial.lon_0 |   6.323480821893466e-08 | -5.3296358553638305e-18 | 0.0 | -1.4098651117356622e-08 | 0.0 |  1.1227891210979905e-07 | -2.1892804082092116e-11 |                    0.0 |                    0.0 | 0.0 |                    0.0 | 0.0 |                    0.0 |                   0.0 | 0.0 |
|                 Crablog.spatial.lat_0 | -1.9724800729768074e-08 |  1.7021075669623776e-18 | 0.0 |   4.698731315625682e-09 | 0.0 | -2.1892804082092116e-11 |   8.414996970851465e-08 |                    0.0 |                    0.0 | 0.0 |                    0.0 | 0.0 |                    0.0 |                   0.0 | 0.0 |
|           dataset_N-bkg.spectral.norm |                     0.0 |                     0.0 | 0.0 |                     0.0 | 0.0 |                     0.0 |                     0.0 | 2.4855897562584247e-06 | 2.0337906679665456e-07 | 0.0 |                    0.0 | 0.0 |                    0.0 |                   0.0 | 0.0 |
|           dataset_N-bkg.spectral.tilt |                     0.0 |                     0.0 | 0.0 |                     0.0 | 0.0 |                     0.0 |                     0.0 | 2.0337906679665456e-07 | 2.8916400127289933e-06 | 0.0 |                    0.0 | 0.0 |                    0.0 |                   0.0 | 0.0 |
|      dataset_N-bkg.spectral.reference |                     0.0 |                     0.0 | 0.0 |                     0.0 | 0.0 |                     0.0 |                     0.0 |                    0.0 |                    0.0 | 0.0 |                    0.0 | 0.0 |                    0.0 |                   0.0 | 0.0 |
|       dataset_N-irf.e_reco_model.bias |                     0.0 |                     0.0 | 0.0 |                     0.0 | 0.0 |                     0.0 |                     0.0 |                    0.0 |                    0.0 | 0.0 |  3.849713216789606e-05 | 0.0 | 1.8230665278230898e-05 | 1.407331723874836e-05 | 0.0 |
| dataset_N-irf.e_reco_model.resolution |                     0.0 |                     0.0 | 0.0 |                     0.0 | 0.0 |                     0.0 |                     0.0 |                    0.0 |                    0.0 | 0.0 |                    0.0 | 0.0 |                    0.0 |                   0.0 | 0.0 |
|           dataset_N-irf.spectral.norm |                     0.0 |                     0.0 | 0.0 |                     0.0 | 0.0 |                     0.0 |                     0.0 |                    0.0 |                    0.0 | 0.0 | 1.8230665278230898e-05 | 0.0 |    0.01743672326841306 |  0.004027417454945003 | 0.0 |
|           dataset_N-irf.spectral.tilt |                     0.0 |                     0.0 | 0.0 |                     0.0 | 0.0 |                     0.0 |                     0.0 |                    0.0 |                    0.0 | 0.0 |  1.407331723874836e-05 | 0.0 |   0.004027417454945003 | 0.0045276658775554104 | 0.0 |
|      dataset_N-irf.spectral.reference |                     0.0 |                     0.0 | 0.0 |                     0.0 | 0.0 |                     0.0 |                     0.0 |                    0.0 |                    0.0 | 0.0 |                    0.0 | 0.0 |                    0.0 |                   0.0 | 0.0 |
