|                            Parameters |                      0 |                       1 |   2 |                       3 |   4 |                       5 |                       6 |                     7 |                     8 |   9 |                    10 |  11 |                     12 |                     13 |  14 |
|                Crablog.spectral.index |    0.41610389466423264 |  -7.256555020629088e-12 | 0.0 |     -0.1376598428528587 | 0.0 |   2.779030572415834e-05 |  -8.438377964469533e-06 |                   0.0 |                   0.0 | 0.0 |                   0.0 | 0.0 |                    0.0 |                    0.0 | 0.0 |
|            Crablog.spectral.amplitude | -7.256555020629088e-12 |  3.2678953179233415e-22 | 0.0 |  3.8049766135901036e-12 | 0.0 | -1.3266867465369849e-15 |   4.289083132837172e-16 |                   0.0 |                   0.0 | 0.0 |                   0.0 | 0.0 |                    0.0 |                    0.0 | 0.0 |
|            Crablog.spectral.reference |                    0.0 |                     0.0 | 0.0 |                     0.0 | 0.0 |                     0.0 |                     0.0 |                   0.0 |                   0.0 | 0.0 |                   0.0 | 0.0 |                    0.0 |                    0.0 | 0.0 |
|              Crablog.spectral.lambda_ |    -0.1376598428528587 |  3.8049766135901036e-12 | 0.0 |     0.06965629315676132 | 0.0 | -2.2086541078188007e-06 |   1.269135794616905e-06 |                   0.0 |                   0.0 | 0.0 |                   0.0 | 0.0 |                    0.0 |                    0.0 | 0.0 |
|                Crablog.spectral.alpha |                    0.0 |                     0.0 | 0.0 |                     0.0 | 0.0 |                     0.0 |                     0.0 |                   0.0 |                   0.0 | 0.0 |                   0.0 | 0.0 |                    0.0 |                    0.0 | 0.0 |
|                 Crablog.spatial.lon_0 |  2.779030572415834e-05 | -1.3266867465369849e-15 | 0.0 | -2.2086541078188007e-06 | 0.0 |  0.00024191857107188193 | -2.5318390268178943e-08 |                   0.0 |                   0.0 | 0.0 |                   0.0 | 0.0 |                    0.0 |                    0.0 | 0.0 |
|                 Crablog.spatial.lat_0 | -8.438377964469533e-06 |   4.289083132837172e-16 | 0.0 |   1.269135794616905e-06 | 0.0 | -2.5318390268178943e-08 |  0.00018134922053984783 |                   0.0 |                   0.0 | 0.0 |                   0.0 | 0.0 |                    0.0 |                    0.0 | 0.0 |
|           dataset_N-bkg.spectral.norm |                    0.0 |                     0.0 | 0.0 |                     0.0 | 0.0 |                     0.0 |                     0.0 |  0.005354450776119603 | 0.0004372221606017328 | 0.0 |                   0.0 | 0.0 |                    0.0 |                    0.0 | 0.0 |
|           dataset_N-bkg.spectral.tilt |                    0.0 |                     0.0 | 0.0 |                     0.0 | 0.0 |                     0.0 |                     0.0 | 0.0004372221606017328 |  0.006229359859935218 | 0.0 |                   0.0 | 0.0 |                    0.0 |                    0.0 | 0.0 |
|      dataset_N-bkg.spectral.reference |                    0.0 |                     0.0 | 0.0 |                     0.0 | 0.0 |                     0.0 |                     0.0 |                   0.0 |                   0.0 | 0.0 |                   0.0 | 0.0 |                    0.0 |                    0.0 | 0.0 |
|       dataset_N-irf.e_reco_model.bias |                    0.0 |                     0.0 | 0.0 |                     0.0 | 0.0 |                     0.0 |                     0.0 |                   0.0 |                   0.0 | 0.0 |  0.009879831796032228 | 0.0 |  6.870259924866013e-07 |  3.474293171359441e-07 | 0.0 |
| dataset_N-irf.e_reco_model.resolution |                    0.0 |                     0.0 | 0.0 |                     0.0 | 0.0 |                     0.0 |                     0.0 |                   0.0 |                   0.0 | 0.0 |                   0.0 | 0.0 |                    0.0 |                    0.0 | 0.0 |
|           dataset_N-irf.spectral.norm |                    0.0 |                     0.0 | 0.0 |                     0.0 | 0.0 |                     0.0 |                     0.0 |                   0.0 |                   0.0 | 0.0 | 6.870259924866013e-07 | 0.0 |   0.010003279628000055 | 4.3550019200244635e-07 | 0.0 |
|           dataset_N-irf.spectral.tilt |                    0.0 |                     0.0 | 0.0 |                     0.0 | 0.0 |                     0.0 |                     0.0 |                   0.0 |                   0.0 | 0.0 | 3.474293171359441e-07 | 0.0 | 4.3550019200244635e-07 | 0.00040024536987257606 | 0.0 |
|      dataset_N-irf.spectral.reference |                    0.0 |                     0.0 | 0.0 |                     0.0 | 0.0 |                     0.0 |                     0.0 |                   0.0 |                   0.0 | 0.0 |                   0.0 | 0.0 |                    0.0 |                    0.0 | 0.0 |
