7.601691664339412e-09  3.970067505253649e-09  2.0712749259559155e-09  1.0791466662681046e-09  5.612119530457183e-10  2.9114644112802417e-10  1.505497501154162e-10  7.751045723087411e-11  3.9675506421213625e-11  2.0152398645602714e-11  1.0131019773793364e-11  5.023521581606074e-12  2.4456849692361176e-12  1.1619143151089942e-12  5.343028458303689e-13  2.3524366572260036e-13  9.773893260477896e-14  3.758703882439538e-14  1.3038575312482493e-14  3.941931622035449e-15  9.921089340982486e-16  1.9553436382229264e-16  2.7815367075086696e-17  2.5616344647559974e-18  1.3211178081797208e-19  
9.655488261680765e-09  4.826602858495554e-09  2.410815748251333e-09  1.2028918437490138e-09  5.993435867490664e-10  2.9806249026149085e-10  1.4785915128698303e-10  7.31029295123956e-11  3.598172648724746e-11  1.7605284310970502e-11  8.545852100164226e-12  4.104580387307053e-12  1.9437901588148133e-12  9.033411599509243e-13  4.0940055079795663e-13  1.7943284092543286e-13  7.520762791949553e-14  2.970025173880248e-14  1.08335605240131e-14  3.554618002798442e-15  1.0127141057722951e-15  2.3900052106868613e-16  4.387861127954508e-17  5.763360294505859e-18  4.84354275141642e-19  
6.309095228761924e-09  3.308239465652595e-09  1.7333671414623112e-09  9.072684431053891e-10  4.742235667939644e-10  2.474190430858249e-10  1.287715273997531e-10  6.680187970546207e-11  3.450378467480638e-11  1.771835445444671e-11  9.0285434713876e-12  4.553320761711358e-12  2.2649551832541358e-12  1.1061591336756133e-12  5.271606022968895e-13  2.431584689404495e-13  1.0738114065156292e-13  4.474583463363541e-14  1.725654259307434e-14  6.0022959231443385e-15  1.819236548292829e-15  4.58909695816069e-16  9.06230523748017e-17  1.291104298609558e-17  1.1901605457817405e-18  
8.349411373321038e-09  4.245538583400921e-09  2.1567597492049283e-09  1.0942756381549001e-09  5.54276202863675e-10  2.8012916155783113e-10  1.4115632472171837e-10  7.084709221133377e-11  3.5371185637106814e-11  1.7535492691453878e-11  8.61205462829397e-12  4.176912807511552e-12  1.9922758018121424e-12  9.293287410896954e-13  4.208124708171554e-13  1.8314898127893643e-13  7.561002945504983e-14  2.909122332446182e-14  1.0189410128353501e-14  3.148722620556682e-15  8.233299903095567e-16  1.7229475109321357e-16  2.6789425672827187e-17  2.802989593264177e-18  1.7292966893403202e-19  
8.601013491157586e-09  4.296044384009156e-09  2.1438849199158557e-09  1.0686091263987263e-09  5.318009689059009e-10  2.640967285211958e-10  1.3078410020595065e-10  6.45234162033695e-11  3.167428015007906e-11  1.5445373216715133e-11  7.464931935182741e-12  3.5653345959026125e-12  1.6761122220965931e-12  7.715115130740024e-13  3.45272533158791e-13  1.4882860835894684e-13  6.102120396987411e-14  2.3404407521612127e-14  8.212444562702056e-15  2.5592764979447537e-15  6.808407650086083e-16  1.4666925338083224e-16  2.3847102876974458e-17  2.664280028725686e-18  1.804777753432982e-19  
5.744119738099403e-09  3.021473015692522e-09  1.5880951253887571e-09  8.33843059064763e-10  4.3721198205987883e-10  2.2882295501256867e-10  1.1946482073642686e-10  6.216665453768717e-11  3.2209010026619824e-11  1.6590779504572656e-11  8.479725173568372e-12  4.289403372060406e-12  2.1399879233869906e-12  1.0481506867073315e-12  5.009163893579767e-13  2.3167379317457525e-13  1.0256820774338028e-13  4.283945866142052e-14  1.6555064938261877e-14  5.767917833027826e-15  1.7502515051845346e-15  4.417347093394725e-16  8.719945422357165e-17  1.2404164130773686e-17  1.1398905067623227e-18  
6.127483848534485e-09  3.2237040106201566e-09  1.6934311088408714e-09  8.87766943390331e-10  4.641471158752915e-10  2.417941497012589e-10  1.253565087100514e-10  6.457467321317432e-11  3.298091204408715e-11  1.665364210739169e-11  8.282275836766152e-12  4.036275238459488e-12  1.91453962876968e-12  8.759562345294269e-13  3.8195317483496497e-13  1.5619967849724543e-13  5.864099092490185e-14  1.9641908440443784e-14  5.6507362272366335e-15  1.3271884398859917e-15  2.3784015421289022e-16  2.971545458561572e-17  2.294966039226927e-18  9.332394715425844e-20  1.6133235360808484e-21  
6.398836477276889e-09  3.356256957617864e-09  1.7582222185902106e-09  9.195557178442471e-10  4.798768872224264e-10  2.4969591416748684e-10  1.2941935325016848e-10  6.673109904747944e-11  3.4170021827854586e-11  1.7335867130836906e-11  8.687395113633536e-12  4.282435454163097e-12  2.0652235257047167e-12  9.672561306375106e-13  4.3569019076116355e-13  1.8630594171194266e-13  7.432841815775501e-14  2.7034380624095614e-14  8.691902938169944e-15  2.3707501329983365e-15  5.19285934665687e-16  8.49003015157922e-17  9.39789402445799e-18  6.1841238305030815e-19  2.033847669260233e-20  
5.495615743987535e-09  2.976945370896149e-09  1.6098609962748494e-09  8.686065422895097e-10  4.672477672719523e-10  2.5033621886176567e-10  1.3340421942169446e-10  7.058421208929532e-11  3.6991433503688634e-11  1.9141152618108322e-11  9.73789490285373e-12  4.843219184692928e-12  2.337208055816098e-12  1.0833873817855488e-12  4.759533792726229e-13  1.9465534345221522e-13  7.236425538522363e-14  2.3687280683387017e-14  6.543453801368338e-15  1.4415154878261473e-15  2.3484087133071637e-16  2.5583474859409244e-17  1.6296255003592515e-18  5.074915656228608e-20  6.0859498534125875e-22  
1.4254114705219642e-08  6.79064429136112e-09  3.2334329969149366e-09  1.538601830280822e-09  7.314779319381595e-10  3.473438488222603e-10  1.6467554118592722e-10  7.790761829827122e-11  3.675409260311727e-11  1.727419631307057e-11  8.078142565557965e-12  3.752495000649437e-12  1.7276460824380133e-12  7.860016175189129e-13  3.5196796058005326e-13  1.5431076952506118e-13  6.577166440229729e-14  2.699884026206623e-14  1.05406297025642e-14  3.848907431056773e-15  1.2854904688976365e-15  3.8118893246103676e-16  9.645439542040956e-17  1.9753219842512505e-17  3.0510453956953635e-18  
7.882276938786429e-09  4.011175770988885e-09  2.03941602780982e-09  1.0356795434289905e-09  5.251202731769985e-10  2.656911769339239e-10  1.3405260403260373e-10  6.738235424300553e-11  3.3701342781001054e-11  1.674382281968929e-11  8.245240800976679e-12  4.0124203171504185e-12  1.9219747052494465e-12  9.014435110306162e-13  4.110807256517826e-13  1.8056923089358135e-13  7.545036922739419e-14  2.949462590813974e-14  1.0549636790204529e-14  3.3517811585298855e-15  9.092755225550176e-16  1.9980730754519397e-16  3.3151617286295946e-17  3.781624767619133e-18  2.617351323869194e-19  
5.423256756537804e-09  2.934788159157725e-09  1.5859344903006575e-09  8.554267111917069e-10  4.6025550053882647e-10  2.4681589247730566e-10  1.3177233830271085e-10  6.993764780637598e-11  3.682800198726529e-11  1.9190449187061885e-11  9.860775238741872e-12  4.973106407326005e-12  2.446417725632206e-12  1.1641608905863115e-12  5.299872070045639e-13  2.274438187558989e-13  9.021662185706817e-14  3.2217916034520014e-14  1.0002249905980759e-14  2.5763548559778866e-15  5.173391814325813e-16  7.453158156635739e-17  6.89612636075158e-18  3.5353611910192927e-19  8.24705850871396e-21  
6.6591648193131725e-09  3.4988848283332894e-09  1.8357469848898147e-09  9.61302945907722e-10  5.021035168597933e-10  2.613605874954862e-10  1.3542695435212182e-10  6.974728800014164e-11  3.563077829177273e-11  1.8006265740680094e-11  8.969225337779666e-12  4.382570866305679e-12  2.0871725970644384e-12  9.6056381859093e-13  4.2235328792080137e-13  1.7474209335181502e-13  6.666177656121882e-14  2.2822323850083446e-14  6.763510649163708e-15  1.6535290022026661e-15  3.127558924090543e-16  4.201299243241966e-17  3.5758532288566554e-18  1.6561350469705527e-19  3.4071304235801e-21  
4.441440208504579e-09  2.4335048043622244e-09  1.3311467076149038e-09  7.265518350100143e-10  3.9539975519043936e-10  2.1434404870004346e-10  1.1559165097196747e-10  6.190528817845048e-11  3.284809038022467e-11  1.7216037800541597e-11  8.87584176193954e-12  4.476675011281985e-12  2.1927680191377086e-12  1.0329569574637084e-12  4.619253481616153e-13  1.9271868520641742e-13  7.32971008869533e-14  2.4640913442060242e-14  7.026829860082634e-15  1.6090102194629073e-15  2.749598061064193e-16  3.18056136655013e-17  2.186445597470543e-18  7.50927775772335e-20  1.0222734964346866e-21  
8.675558929765159e-09  4.405378116677545e-09  2.235119881910917e-09  1.1327331002606602e-09  5.731915593179526e-10  2.89467021189829e-10  1.4579223059717384e-10  7.316736719229308e-11  3.654521557603338e-11  1.8137745731010868e-11  8.92596431336413e-12  4.343285366911079e-12  2.081784811745878e-12  9.77967476096914e-13  4.4727314143989677e-13  1.9737803171658259e-13  8.30472653690099e-14  3.279054763354499e-14  1.1894948316292266e-14  3.853809707029657e-15  1.0738917272430572e-15  2.4476075237950896e-16  4.26698758863281e-17  5.203275739013462e-18  3.939468092822254e-19  
1.9565638865201415e-08  8.885132072830919e-09  4.03397740694306e-09  1.8309197474958735e-09  8.306667539866769e-10  3.766574361767135e-10  1.706668400308996e-10  7.725540410193883e-11  3.492566384488645e-11  1.5761896498188308e-11  7.096912744683316e-12  3.185614319979629e-12  1.424077590956866e-12  6.331346456178777e-13  2.794392135846786e-13  1.2213772270646451e-13  5.26954461458135e-14  2.234479420574956e-14  9.258732974397328e-15  3.720095662716968e-15  1.4345772528367222e-15  5.237372489513955e-16  1.7774256052526386e-16  5.472444508876279e-17  1.479719166727553e-17  
4.3020021524846124e-09  2.3748565990029735e-09  1.3091566959004394e-09  7.203259394825806e-10  3.953458948090487e-10  2.162583488506896e-10  1.1776915317676634e-10  6.375396763603631e-11  3.424036548387807e-11  1.8196014021900753e-11  9.534301162421333e-12  4.90267712639228e-12  2.4585853089068963e-12  1.1923725570059439e-12  5.530556886337595e-13  2.4171061019309666e-13  9.758378354852459e-14  3.5442680595950716e-14  1.117951053761898e-14  2.9217110115071236e-15  5.94192746826781e-16  8.648971006668242e-17  8.059415683488586e-18  4.1432607227444684e-19  9.636777677818931e-21  
7.971296011824609e-09  4.045748749871075e-09  2.0517187172927885e-09  1.0393661921946577e-09  5.257691131552616e-10  2.654538682022065e-10  1.3368198882773917e-10  6.709286388699734e-11  3.352012329337704e-11  1.6645709312846942e-11  8.199519546445033e-12  3.9957015776282025e-12  1.919353009029812e-12  9.044649200741283e-13  4.1545798103147313e-13  1.8444139990733237e-13  7.824348062451141e-14  3.124007953370876e-14  1.1504562425950998e-14  3.803763285259019e-15  1.0892525644776814e-15  2.575100992068502e-16  4.714602010515682e-17  6.138398144961334e-18  5.072821169127483e-19  
8.46070177946591e-09  4.271547366420819e-09  2.155200651844456e-09  1.086479825318202e-09  5.47096813121717e-10  2.75075151251705e-10  1.380271821007319e-10  6.907366496442202e-11  3.44434237113328e-11  1.7093372294320992e-11  8.429185859274496e-12  4.12152788713288e-12  1.992583249278247e-12  9.489018116963896e-13  4.428808836946293e-13  2.0123279607749062e-13  8.822058896494384e-14  3.6873755658676406e-14  1.446202813802537e-14  5.210607695150067e-15  1.676500728537734e-15  4.638577318818824e-16  1.0494806564644036e-16  1.8156233149616752e-17  2.1961940423154424e-18  
6.1260163971494355e-09  3.240371467149637e-09  1.7116509366218569e-09  9.024860625212891e-10  4.746850136726141e-10  2.488608762366763e-10  1.2990391777033264e-10  6.741763939544367e-11  3.4719376764310116e-11  1.7696978257639384e-11  8.897415999253955e-12  4.3921550629725545e-12  2.115868085143084e-12  9.8664380105548e-13  4.405319138898543e-13  1.8563123515908424e-13  7.240950785581566e-14  2.5481695051364176e-14  7.816941433183256e-15  1.9968033100613448e-15  3.9958141117605816e-16  5.774096870757477e-17  5.405236002091657e-18  2.8360389937229462e-19  6.875722859973997e-21  
3.992545990183241e-09  2.2126340721436863e-09  1.2247165881347127e-09  6.76783796558356e-10  3.731773711996934e-10  2.0517060223648843e-10  1.123640468269824e-10  6.121941411407421e-11  3.312454742793231e-11  1.7758604006921182e-11  9.404399163322929e-12  4.899330791112065e-12  2.4971948859328027e-12  1.236268904776046e-12  5.887047243877809e-13  2.661813829263489e-13  1.1231757227966922e-13  4.322137639184537e-14  1.4708998040851448e-14  4.24915296046529e-15  9.865549747844957e-16  1.711545966262785e-16  2.0132444332211707e-17  1.4104583104144801e-18  4.951339973537781e-20  
7.798243383717454e-09  3.986010885085417e-09  2.0355795674996618e-09  1.0382807972538167e-09  5.287426108234354e-10  2.6868535966152704e-10  1.361456562753114e-10  6.872427022584442e-11  3.451529475581745e-11  1.7217605723170813e-11  8.511635293604994e-12  4.1574268773761226e-12  1.9983140158248614e-12  9.401667210634838e-13  4.298797280866132e-13  1.8921460652779833e-13  7.916138407771737e-14  3.0950617643301395e-14  1.105645813234664e-14  3.5016793515231936e-15  9.445212831155748e-16  2.0566830611353668e-16  3.366142554234267e-17  3.7649018735502404e-18  2.5344579119688647e-19  
4.503143171238412e-09  2.4568042963620094e-09  1.3380906358535397e-09  7.271330892863459e-10  3.939368827855253e-10  2.1256166539138675e-10  1.1407846438878865e-10  6.078585253005731e-11  3.20804857144474e-11  1.6715960850117658e-11  8.56294908348063e-12  4.287947517394045e-12  2.083143313773673e-12  9.719512446718114e-13  4.2970859021189633e-13  1.7680918515292281e-13  6.610455459104981e-14  2.175092928813227e-14  6.035876021254052e-15  1.3345770013927915e-15  2.1796303508659224e-16  2.3767225642153176e-17  1.512224863236312e-18  4.691012336676794e-20  5.58308850696834e-22  
4.973126078930872e-09  2.6335663807025547e-09  1.393569134472812e-09  7.366682828437502e-10  3.88890750114663e-10  2.0492710090108363e-10  1.0772732752451777e-10  5.6449286345942284e-11  2.9453180768706084e-11  1.5280134261466878e-11  7.86713552552097e-12  4.009573050013327e-12  2.0160510066829693e-12  9.955574149618127e-13  4.799303109914482e-13  2.2405304210886544e-13  1.002155893250296e-13  4.233815486338103e-14  1.6575762312653496e-14  5.863210202519888e-15  1.8114080249686885e-15  4.672090135777609e-16  9.472767181714497e-17  1.3933187654235787e-17  1.3358012709606558e-18  
4.322347458769989e-09  2.3994307598162136e-09  1.3297257392952065e-09  7.352519746025075e-10  4.05325412827536e-10  2.2255083883061202e-10  1.2154338664819559e-10  6.590756323797113e-11  3.54003611655574e-11  1.877460066275216e-11  9.790092403327022e-12  4.991206992741567e-12  2.469218214030707e-12  1.1735214691383177e-12  5.286759630294076e-13  2.2177180537627875e-13  8.458790313899638e-14  2.8419469232212306e-14  8.062214295674795e-15  1.825239204497834e-15  3.058695507587371e-16  3.43185925308749e-17  2.2552374531526484e-18  7.261686457308124e-20  9.030968256216523e-22  
7.392596065444646e-09  3.784988853112971e-09  1.9364795375550836e-09  9.897725355864378e-10  5.052310626086605e-10  2.574467778878146e-10  1.3088054567125843e-10  6.633094267751018e-11  3.347815918465157e-11  1.680398959231833e-11  8.372786777716107e-12  4.13113559945499e-12  2.0118261852246783e-12  9.628068632881684e-13  4.501840396668234e-13  2.0406821783754392e-13  8.875726918438607e-14  3.653312507183855e-14  1.3971326892228094e-14  4.844025225891275e-15  1.4736386740293894e-15  3.7657611785900646e-16  7.626696996681751e-17  1.1328276067145362e-17  1.1128175795742111e-18  
9.186427562334828e-09  4.633109868568089e-09  2.334336095830476e-09  1.1745564115111527e-09  5.899436652737442e-10  2.9560738708583177e-10  1.4765356377620418e-10  7.344082374705337e-11  3.632319761467668e-11  1.7830658597354302e-11  8.665609577468388e-12  4.155544430249469e-12  1.9575750495733236e-12  9.005123959659292e-13  4.0132856610630254e-13  1.7145888730785196e-13  6.923874857181989e-14  2.593619068805173e-14  8.789160511646286e-15  2.60590981673814e-15  6.465292242189844e-16  1.2648084937396194e-16  1.8024051587614295e-17  1.6833544311737387e-18  8.949350613391996e-20  
6.304304109585872e-09  3.309077458674775e-09  1.7345637005738402e-09  9.075937980053094e-10  4.737507373413148e-10  2.465003651052147e-10  1.277117015812527e-10  6.57916445347635e-11  3.363666241272486e-11  1.702382848421018e-11  8.500353602351216e-12  4.168657397053862e-12  1.9958438083431374e-12  9.25443232079578e-13  4.1117583313666315e-13  1.725737129229622e-13  6.713403325087546e-14  2.3601123532322643e-14  7.24897832455047e-15  1.8595825927539616e-15  3.7520230413826136e-16  5.4959702873005547e-17  5.25253436968131e-18  2.8404429805539337e-19  7.1880914125029e-21  
5.955907579537513e-09  3.1898193153156658e-09  1.70537872148484e-09  9.096150062001329e-10  4.836563511841055e-10  2.560978434240883e-10  1.3485310079751017e-10  7.048501848392565e-11  3.647874710904408e-11  1.8631957652765903e-11  9.350682086229459e-12  4.5840389275355e-12  2.1781025508285337e-12  9.926721216670672e-13  4.2795018832353627e-13  1.7131258599811376e-13  6.212372208092326e-14  1.9746060121568518e-14  5.264604211283159e-15  1.1103324172684242e-15  1.7131308097509053e-16  1.742219144410818e-17  1.0162814227656796e-18  2.824956191024021e-20  2.9223412575340667e-22  
1.2151800658989741e-08  5.89266382560886e-09  2.8565169493153482e-09  1.3840997784753575e-09  6.702526837997921e-10  3.243125589130098e-10  1.5675724813337054e-10  7.566173330890906e-11  3.645058876764856e-11  1.75161556750071e-11  8.389076515066324e-12  3.999853217345542e-12  1.8957437809631054e-12  8.913651562989485e-13  4.146849301561813e-13  1.9020799470878112e-13  8.56121378849483e-14  3.757524229634335e-14  1.59470127784844e-14  6.471460290654768e-15  2.4738998119617482e-15  8.733055147402505e-16  2.77214639385755e-16  7.637395126765177e-17  1.7419471446641667e-17  
7.263557331109597e-09  3.790122392704866e-09  1.974877641960032e-09  1.027080519656682e-09  5.328092517251605e-10  2.7547113874996734e-10  1.4178478158934764e-10  7.25406855236959e-11  3.681837074658602e-11  1.8489336400309392e-11  9.153959927637e-12  4.447030377152939e-12  2.106497006841697e-12  9.64766943877701e-13  4.224503315415189e-13  1.7422646410756181e-13  6.633784096041001e-14  2.2706333248602433e-14  6.742825696865584e-15  1.6568031942770197e-15  3.1622523545161343e-16  4.3095339484110194e-17  3.747838004317943e-18  1.790538173105864e-19  3.848343085005708e-21  
5.16752136642519e-09  2.837708253161091e-09  1.5563584500899498e-09  8.521707832746721e-10  4.6556145821492173e-10  2.5359364947650135e-10  1.3758807178304426e-10  7.425589675657003e-11  3.9794618789450264e-11  2.1127178100624077e-11  1.1077018018206213e-11  5.711570045233471e-12  2.880194548089843e-12  1.4099310820033195e-12  6.634138175063239e-13  2.9610699289282815e-13  1.2318141846292804e-13  4.66529562740297e-14  1.5590332525746716e-14  4.409043169351497e-15  9.980907719634082e-16  1.6791642104189152e-16  1.9016122711324035e-17  1.2703576419051905e-18  4.1981107897382527e-20  
6.494636508152472e-09  3.3887620212368477e-09  1.766801981882145e-09  9.201996567138126e-10  4.785999854673605e-10  2.484611065603739e-10  1.2866808109731323e-10  6.641282149767385e-11  3.412906313571804e-11  1.743618818684845e-11  8.838622327242922e-12  4.4339565441439416e-12  2.1936257627965057e-12  1.0653316796914064e-12  5.047471738012131e-13  2.313928480381253e-13  1.0151711104661008e-13  4.2002585331135484e-14  1.6072050179084478e-14  5.541212406303709e-15  1.6625733608373491e-15  4.144468273298734e-16  8.069085629969663e-17  1.1299250689629643e-17  1.0195482765012623e-18  
1.3005348447759422e-08  6.245508143908521e-09  2.997305164338336e-09  1.4372002604278973e-09  6.88336920625615e-10  3.291657829847893e-10  1.5708496955841868e-10  7.47588912906133e-11  3.544882756142136e-11  1.672713927516364e-11  7.841794115764874e-12  3.644522379276963e-12  1.6743271836594677e-12  7.574229354993341e-13  3.3566021642118394e-13  1.4472514750107301e-13  6.015838555634395e-14  2.3815301123767862e-14  8.83396427470532e-15  3.0044807587431893e-15  9.10182391915352e-16  2.3630428549763326e-16  4.9939905363162246e-17  8.021414415445014e-18  8.935823999171685e-19  
1.0220539714608764e-08  4.994714820251748e-09  2.4400159636884176e-09  1.1914287680116075e-09  5.813906584225884e-10  2.8346582117462847e-10  1.38052263245018e-10  6.713255425702334e-11  3.258005182309036e-11  1.5769169368245292e-11  7.605309802828016e-12  3.650559549599075e-12  1.7411953156914181e-12  8.234977028624758e-13  3.851049212444673e-13  1.774041831870437e-13  8.010105395974057e-14  3.521251797005007e-14  1.4937103274573206e-14  6.0419905288227435e-15  2.2937651522243474e-15  8.001775296823369e-16  2.4936844527992254e-16  6.686175272235166e-17  1.4669316577231734e-17  
6.278973062523915e-09  3.291463648574443e-09  1.7234067061805861e-09  9.009847278244635e-10  4.700617017995445e-10  2.445696285103482e-10  1.2678374531764677e-10  6.540468561673583e-11  3.352221645227018e-11  1.7033118311815007e-11  8.555360686620722e-12  4.2314755803657146e-12  2.0503274914880853e-12  9.666222634857144e-13  4.393638605824469e-13  1.9021037012073873e-13  7.716668279853708e-14  2.8707885637453545e-14  9.514803423376337e-15  2.7032858898020075e-15  6.254072952320107e-16  1.1001592038581888e-16  1.343036825826374e-17  1.0072644745250587e-18  3.945090136882065e-20  
8.87927814641904e-09  4.424604156472881e-09  2.2029543189123534e-09  1.0955921195304094e-09  5.440539932511658e-10  2.696298116204574e-10  1.3327153170486036e-10  6.563942262667707e-11  3.2176267839901263e-11  1.5673437929452635e-11  7.57069815005658e-12  3.6160213746876535e-12  1.7014648853476576e-12  7.84771146435731e-13  3.5245105264583244e-13  1.5276836118680522e-13  6.315439183450806e-14  2.4510407573229188e-14  8.744362128410973e-15  2.788301242393737e-15  7.654567990185342e-16  1.7210045779709992e-16  2.9648372033319634e-17  3.5810295601201634e-18  2.6938304499482684e-19  
9.282725251994432e-09  4.686240819096874e-09  2.3637115104384804e-09  1.1908542602694942e-09  5.990297161854534e-10  3.0070372146637226e-10  1.5053239828886842e-10  7.507959526982984e-11  3.726329452920881e-11  1.837370278895905e-11  8.980897473256556e-12  4.3389591509288e-12  2.0639893971772248e-12  9.61692429356976e-13  4.3588543141066016e-13  1.9042157367043448e-13  7.920156995545873e-14  3.0854076026235886e-14  1.1014567199181218e-14  3.499854935991006e-15  9.521238091287618e-16  2.1057419764010367e-16  3.533386112485541e-17  4.10254577201863e-18  2.915105096308214e-19  
5.200180638740196e-09  2.820677885621421e-09  1.5275279552025274e-09  8.254526923081032e-10  4.447863987628628e-10  2.3875489954188327e-10  1.2750917049909884e-10  6.763651836649449e-11  3.555397040907666e-11  1.8465041239805504e-11  9.436665353346228e-12  4.7201989816002416e-12  2.2943778732070183e-12  1.073456442363707e-12  4.772953951972536e-13  1.9828826716341275e-13  7.524491976724318e-14  2.530524086254956e-14  7.244438615236544e-15  1.6731458560926309e-15  2.9019620551845305e-16  3.435564281544506e-17  2.444205935857911e-18  8.817532393255082e-20  1.2860571318383295e-21  
6.023252286267573e-09  3.192732195353841e-09  1.6898353813448546e-09  8.926067031597393e-10  4.702413793419123e-10  2.46854621622791e-10  1.289756387993446e-10  6.69630253285333e-11  3.4475444046516295e-11  1.7551485574399524e-11  8.802835623324172e-12  4.3278248743105175e-12  2.0718881348358137e-12  9.573266293874441e-13  4.219043736313358e-13  1.7457315224150604e-13  6.640719146600638e-14  2.258108881274746e-14  6.611829177074656e-15  1.5859231048064835e-15  2.915667594035791e-16  3.759810964808728e-17  3.0213047007023174e-18  1.2921663549533378e-19  2.3833326265776124e-21  
8.27345528338196e-09  4.233850592949365e-09  2.1633816553683903e-09  1.103221325621537e-09  5.610925625328864e-10  2.8435615656263716e-10  1.4342740749026367e-10  7.188800970953939e-11  3.572892804160641e-11  1.7559080823533496e-11  8.501071537699709e-12  4.034265485519043e-12  1.8641414368611486e-12  8.312962927887401e-13  3.5354664541681147e-13  1.4115152799782478e-13  5.1798430131863246e-14  1.698753091287069e-14  4.795621935157931e-15  1.1085332522070588e-15  1.9628554962301064e-16  2.4358689070239445e-17  1.881734862865578e-18  7.725788403584281e-20  1.3653647799793056e-21  
6.693888038889286e-09  3.5069043937037114e-09  1.8352948938522463e-09  9.591126743036738e-10  5.002753206582507e-10  2.602850793151035e-10  1.3496575468630766e-10  6.966956832425189e-11  3.574834230919581e-11  1.8196696317431983e-11  9.164181196803872e-12  4.550019144371283e-12  2.2166112460204564e-12  1.0528664639798692e-12  4.835019777102485e-13  2.122635363353892e-13  8.77576725646381e-14  3.349140055142691e-14  1.1487521354392374e-14  3.417462158819172e-15  8.409082564918719e-16  1.6064530580020198e-16  2.189774932992128e-17  1.9030609763952607e-18  9.07468453475762e-20  
5.439452651975263e-09  2.8682438450329177e-09  1.5106583252247041e-09  7.943929999668259e-10  4.1686594397114144e-10  2.1814556330872872e-10  1.1373166692474161e-10  5.900147331790636e-11  3.040692336668884e-11  1.5532896816978488e-11  7.841976216283604e-12  3.897520469788703e-12  1.897010647050383e-12  8.979263782507683e-13  4.095078306803584e-13  1.7772479137667563e-13  7.219639732927714e-14  2.685261503996779e-14  8.879499830600707e-15  2.510086138406076e-15  5.756699287179724e-16  9.989745902823498e-17  1.1951998579544092e-17  8.70903102922185e-19  3.2757915109721294e-20  
4.647511045660306e-09  2.5297743786076765e-09  1.3742851457596248e-09  7.445891268681906e-10  4.0199070415112555e-10  2.1600361420897473e-10  1.1533644346936662e-10  6.106873874444211e-11  3.197420849161662e-11  1.6492418512791844e-11  8.338845476277427e-12  4.105586962714867e-12  1.9509197814859157e-12  8.842202181605796e-13  3.7625888863464893e-13  1.4719114178843262e-13  5.147082703418555e-14  1.5498067363851463e-14  3.822647831146975e-15  7.226508818288903e-16  9.581666644645839e-17  7.91630098077183e-18  3.480619301799924e-19  6.598975801169276e-21  4.075136988239575e-23  
1.0762558821542854e-08  5.284833525476249e-09  2.593921442453727e-09  1.2724144836079909e-09  6.236803245245467e-10  3.0538260278282773e-10  1.493223681037246e-10  7.287911703451476e-11  3.5482269834078634e-11  1.7218404105629577e-11  8.319011854111677e-12  3.9958884766100915e-12  1.904458538103531e-12  8.982925115094456e-13  4.178758883668059e-13  1.908329731833595e-13  8.502763603408792e-14  3.6660542977525664e-14  1.5129031622452488e-14  5.889128835581151e-15  2.1205887701500787e-15  6.882445760369835e-16  1.9447415903032347e-16  4.568216821338194e-17  8.387593201058713e-18  
4.262276029694074e-09  2.357125033859621e-09  1.3007176884491618e-09  7.15696892680124e-10  3.922857451662255e-10  2.1391702718580091e-10  1.1585470397576704e-10  6.217494591331293e-11  3.296306981256146e-11  1.7194367673629917e-11  8.776847270681756e-12  4.352587070930195e-12  2.0769665129113998e-12  9.414686039254076e-13  3.9850803970608086e-13  1.5395812126369107e-13  5.2659049576707147e-14  1.531111005952201e-14  3.58490845560841e-15  6.288041631361717e-16  7.503843164643555e-17  5.357908519180045e-18  1.9286606699179432e-19  2.7852170802349253e-21  1.189902175625254e-23  
3.84031531090944e-09  2.1452543170641747e-09  1.1965550891180585e-09  6.660535874381356e-10  3.697562812056223e-10  2.0453216488037006e-10  1.1259702914010668e-10  6.159104028604567e-11  3.340473363742374e-11  1.791283307374411e-11  9.46107907789745e-12  4.8971416437541894e-12  2.467424131355821e-12  1.1993380558820887e-12  5.556893053063796e-13  2.4153238633808745e-13  9.640895292751596e-14  3.434925170489142e-14  1.0517644176755975e-14  2.6313320982658807e-15  5.02833660940817e-16  6.708719995512967e-17  5.543463147104155e-18  2.417974737245684e-19  4.49892709732619e-21  
5.375191682292758e-09  2.9019042776977972e-09  1.5641194634676042e-09  8.412406309375894e-10  4.5115076118431487e-10  2.410225953841468e-10  1.2810703806354478e-10  6.762802322623664e-11  3.5377825443129426e-11  1.8283913230589324e-11  9.29788730754289e-12  4.627370034760826e-12  2.2376673261135497e-12  1.041364847742705e-12  4.604706750959271e-13  1.901891592549476e-13  7.1726051752668e-14  2.3960939581628626e-14  6.809290456010118e-15  1.5597253401383876e-15  2.6798333269326423e-16  3.137823168313136e-17  2.2032605349300434e-18  7.822587263674746e-20  1.1186876231210992e-21  
1.308357785308924e-08  6.2431006364698074e-09  2.977244778756885e-09  1.418673834273443e-09  6.752878303952191e-10  3.209812505835136e-10  1.5228231139357663e-10  7.206501906591269e-11  3.39891011554979e-11  1.595908850592905e-11  7.448699028943209e-12  3.4489815258961684e-12  1.5801007870294226e-12  7.137111505819143e-13  3.1633752440582484e-13  1.3671981009790465e-13  5.713647751849492e-14  2.2831149295977223e-14  8.593725635929998e-15  2.986869006616108e-15  9.33438406399442e-16  2.5315870678410147e-16  5.683363603961584e-17  9.916149538663348e-18  1.2362135635244783e-18  
8.723232082545896e-09  4.416169923866362e-09  2.2322148063096836e-09  1.1259571921838062e-09  5.663721009977804e-10  2.838400680395629e-10  1.41547135843704e-10  7.012433858172253e-11  3.443681755524164e-11  1.6714443076947984e-11  7.98692145498794e-12  3.737866421778189e-12  1.7014097636173314e-12  7.462989588678672e-13  3.1158180437032546e-13  1.2179639184299077e-13  4.360759696124225e-14  1.3887899911865867e-14  3.7835286122076285e-15  8.370011870330535e-16  1.4026939509097314e-16  1.6232577669258118e-17  1.1464772115829078e-18  4.191545540213381e-20  6.36849669453747e-22  
1.1150026521624965e-08  5.530672774567365e-09  2.7407087924485526e-09  1.3564118163056002e-09  6.701599256923749e-10  3.3035140823523216e-10  1.6235092813800131e-10  7.946471822199853e-11  3.868549875645043e-11  1.8697949656096662e-11  8.950935496811223e-12  4.230388878856148e-12  1.9655058479187552e-12  8.926404696324851e-13  3.9326731745123336e-13  1.6638291385401404e-13  6.669179442055746e-14  2.4874560156997764e-14  8.42800867633623e-15  2.5122842008442144e-15  6.312979845575791e-16  1.2632283845446024e-16  1.865605692672284e-17  1.837611536408077e-18  1.0546676589165098e-19  
9.996035042025608e-09  4.907467514477673e-09  2.4083362990300687e-09  1.1812727267565789e-09  5.790032169156764e-10  2.835363371932435e-10  1.3867526196077703e-10  6.771307351119515e-11  3.299060448929175e-11  1.6026307031845503e-11  7.754914072508063e-12  3.732965671293718e-12  1.7844670874714474e-12  8.451476209813054e-13  3.9535007544716127e-13  1.8191298350100425e-13  8.188186194318453e-14  3.5790363953859875e-14  1.5043468413070382e-14  6.0015660487214025e-15  2.2333490380273244e-15  7.574316743409587e-16  2.269773598280324e-16  5.766971389947229e-17  1.1758027664737119e-17  
1.0223850622211141e-08  5.085627187852063e-09  2.5280816654682087e-09  1.2556242558606133e-09  6.229084876098087e-10  3.085436723582583e-10  1.5251505145929457e-10  7.518193266238014e-11  3.692498543478768e-11  1.8046859434723202e-11  8.762912601719697e-12  4.2180868119430195e-12  2.0069755790196804e-12  9.402581404759293e-13  4.3150792029153756e-13  1.926538218092793e-13  8.291386400663034e-14  3.397983308080097e-14  1.3045800800539296e-14  4.591156888532418e-15  1.438695659791369e-15  3.861892057336719e-16  8.43330644320399e-17  1.3985162299093172e-17  1.6067334220226069e-18  
7.847727102209902e-09  3.951795513792363e-09  1.98838520285155e-09  9.994179978163075e-10  5.01627306518007e-10  2.513033076133489e-10  1.2558153720413825e-10  6.254615065863743e-11  3.1012590227326616e-11  1.5285935184296796e-11  7.474822067778082e-12  3.6167255392953e-12  1.7254558340121738e-12  8.078346116852342e-13  3.688473060438748e-13  1.6287063606330588e-13  6.878054184183128e-14  2.7368662920256953e-14  1.0059821913668265e-14  3.326484387278637e-15  9.55249219274201e-16  2.2727467383734824e-16  4.207662469328499e-17  5.575077626084439e-18  4.728541237808298e-19  
5.257477329809827e-09  2.8322025448576532e-09  1.5226713703789376e-09  8.164592694875105e-10  4.362391184814339e-10  2.3198686117812705e-10  1.2259329457414688e-10  6.42424739710629e-11  3.328996941547773e-11  1.6994866247001377e-11  8.504951474549822e-12  4.1446762693055775e-12  1.9495159809580136e-12  8.746815626667174e-13  3.6848397266364334e-13  1.427280609229022e-13  4.942607339454743e-14  1.4741273792685385e-14  3.602560297802662e-15  6.750475383430187e-16  8.876291657259247e-17  7.277775324484854e-18  3.1784860194331396e-19  5.993262337453823e-21  3.68694012156926e-23  
7.306343294077649e-09  3.7589657703141536e-09  1.932249539513829e-09  9.921104932631989e-10  5.086192175791352e-10  2.602195283253047e-10  1.3277185875803847e-10  6.749899963979388e-11  3.414982977026354e-11  1.7166400032825283e-11  8.555302293705874e-12  4.215133959952979e-12  2.0452496225546503e-12  9.723558598927277e-13  4.498776843660823e-13  2.0073133780934703e-13  8.533652654073208e-14  3.4013359856045986e-14  1.2439947783532557e-14  4.0568270334616935e-15  1.135386185154681e-15  2.591435881648513e-16  4.506509968583443e-17  5.453249043566001e-18  4.06874877317132e-19  
8.786887627701124e-09  4.497615181900731e-09  2.299118409524451e-09  1.1732287780878823e-09  5.973016270982424e-10  3.031498292984384e-10  1.5322309281383304e-10  7.70185144316839e-11  3.843005055215005e-11  1.8988298332730225e-11  9.260178659073663e-12  4.437883741769827e-12  2.0779194053879804e-12  9.432088638553978e-13  4.107898543573078e-13  1.6930575186055466e-13  6.482951424960249e-14  2.250435380848499e-14  6.8539765128155984e-15  1.753279021007311e-15  3.554034901388654e-16  5.282704348185518e-17  5.191794963832561e-18  2.9388704593861847e-19  7.971386448837869e-21  
8.72216617584116e-09  4.4142298427330855e-09  2.232134788424931e-09  1.1274544489741093e-09  5.686281054225352e-10  2.8621462459377606e-10  1.4368146051514847e-10  7.187369647168024e-11  3.5783766511346816e-11  1.770370506484305e-11  8.68542666378661e-12  4.213561131085243e-12  2.0137925246438207e-12  9.434567009262468e-13  4.3041099683999755e-13  1.8951696280441014e-13  7.959413094354904e-14  3.138588978613491e-14  1.1378280058424074e-14  3.687485232276244e-15  1.0290981515926818e-15  2.3528895678950164e-16  4.1237056181894124e-17  5.0699911278624356e-18  3.885161080333021e-19  
5.845675392363748e-09  3.156373014153082e-09  1.7015353393454526e-09  9.15290302060701e-10  4.909420366413683e-10  2.6232477364385605e-10  1.394542383411159e-10  7.363226242435987e-11  3.852677911240391e-11  1.9915934753218144e-11  1.0130454792445783e-11  5.0432389686182515e-12  2.439635074341559e-12  1.1358408076447263e-12  5.02508382144913e-13  2.076869978885283e-13  7.838927008327161e-14  2.6214300253307826e-14  7.45971920170848e-15  1.7117102626988704e-15  2.9477130073622344e-16  3.4618872504601927e-17  2.4404677773142955e-18  8.710333636254e-20  1.2543237333747292e-21  
1.0416544076033036e-08  5.113076752779966e-09  2.508619748547353e-09  1.2300208724574405e-09  6.025922839463983e-10  2.948803525739921e-10  1.4408416813460272e-10  7.026150388046299e-11  3.417113918148376e-11  1.6559823614466478e-11  7.987127968185302e-12  3.828042698773839e-12  1.8192706498701162e-12  8.549283305528217e-13  3.95770719063742e-13  1.7958295981666777e-13  7.93405075201643e-14  3.3827285956975276e-14  1.3753910783305226e-14  5.249249280389031e-15  1.841247978613996e-15  5.770931625894308e-16  1.5566648776769242e-16  3.437316054115534e-17  5.812027289100921e-18  
7.90693379946271e-09  4.076635951822704e-09  2.0990155535375734e-09  1.0788369337822692e-09  5.53177329853375e-10  2.8274654384518167e-10  1.4391159808491994e-10  7.283632432238221e-11  3.658795181471474e-11  1.8196088143893525e-11  8.929290561160587e-12  4.304474180603683e-12  2.026317252444494e-12  9.24141373898733e-13  4.040405756480564e-13  1.669740154010327e-13  6.401051536119286e-14  2.2199966393161228e-14  6.736637965287419e-15  1.7107099684308953e-15  3.425716300345058e-16  4.997614722978664e-17  4.7789237572374695e-18  2.6017817363482456e-19  6.683390621522693e-21  
1.1203497895814004e-08  5.508787822764928e-09  2.7073545306787185e-09  1.3296879877679362e-09  6.524917308632815e-10  3.198117459647733e-10  1.5650896592717569e-10  7.643362514085505e-11  3.722460437421049e-11  1.806242374475805e-11  8.721450747209054e-12  4.183663350174967e-12  1.9894418507563144e-12  9.350763725159795e-13  4.32730046754698e-13  1.9615133293594857e-13  8.649070599724429e-14  3.675789667240727e-14  1.4873033750875956e-14  5.636394670528735e-15  1.95734976713539e-15  6.049906002246065e-16  1.6009219567655053e-16  3.443769960613019e-17  5.62001881408596e-18  
3.570352133539827e-09  2.002928379258372e-09  1.1213452605979675e-09  6.260935103129497e-10  3.4831597228841153e-10  1.9285003971007002e-10  1.0609181752597117e-10  5.786704096234379e-11  3.120538898322211e-11  1.657393307562527e-11  8.626153710553319e-12  4.369864697095708e-12  2.135316030898607e-12  9.944383922932255e-13  4.343619228601511e-13  1.7417984388080488e-13  6.232086090887426e-14  1.9153385127420277e-14  4.806334063518719e-15  9.203949418048239e-16  1.22904623383933e-16  1.0147936399276937e-17  4.4133530771497545e-19  8.163614091280164e-21  4.8293672458358014e-23  
5.319969722628544e-09  2.865551859546563e-09  1.5407385639462858e-09  8.264404738257194e-10  4.418856866320989e-10  2.352677171233923e-10  1.2455269405527385e-10  6.544271285205845e-11  3.404019350760399e-11  1.746969540705828e-11  8.806317305657048e-12  4.33433799124698e-12  2.066372106617789e-12  9.441364510667169e-13  4.0761000119336214e-13  1.6316564044367969e-13  5.90524830549378e-14  1.8684155955911004e-14  4.9415778912120435e-15  1.0290874617304512e-15  1.5581599690774302e-16  1.5423274191764112e-17  8.661227287977087e-19  2.2841278782419332e-20  2.198452795501154e-22  
8.956472430350272e-09  4.549010816005334e-09  2.3082981271933933e-09  1.1698406037447157e-09  5.918902657563057e-10  2.9881004164930425e-10  1.5040709032373625e-10  7.541076831371567e-11  3.7611502150302906e-11  1.862818634726523e-11  9.140501116719537e-12  4.429636200090121e-12  2.1113647136973475e-12  9.843585051492787e-13  4.45589193502976e-13  1.9392568862396773e-13  8.008637012074527e-14  3.083952591562405e-14  1.081812887089702e-14  3.3510647661720308e-15  8.793969405287164e-16  1.849845573050434e-16  2.8973377536626727e-17  3.0623595928823397e-18  1.915750715573787e-19  
9.52449552910267e-09  4.787460563303598e-09  2.4041890728556855e-09  1.2058654797333478e-09  6.038347728115801e-10  3.017096894080349e-10  1.503128335459993e-10  7.459622465008162e-11  3.68289463383694e-11  1.805774556826574e-11  8.772827448430426e-12  4.210018356637775e-12  1.987552066681553e-12  9.180616917765076e-13  4.1189058895470526e-13  1.7775904022880605e-13  7.284472677166562e-14  2.786008501453372e-14  9.71818089209845e-15  2.998271544458798e-15  7.853408280950567e-16  1.6536121459346311e-16  2.602409585117814e-17  2.777895403586724e-18  1.7669410970099338e-19  
1.5795545277115155e-08  7.424114279748413e-09  3.487508763966928e-09  1.6370681786104794e-09  7.677018118776894e-10  3.5954291683672104e-10  1.68093904937398e-10  7.840500658254284e-11  3.645772536106013e-11  1.6882639542074286e-11  7.774947470161977e-12  3.554369530578773e-12  1.6090557385187937e-12  7.189576828740835e-13  3.1569386394720317e-13  1.3543626140997723e-13  5.633044913419295e-14  2.2480270188588532e-14  8.490303282802059e-15  2.979372912456007e-15  9.478955841648104e-16  2.6462655765391495e-16  6.206004230745241e-17  1.153588061043283e-17  1.572837464507702e-18  
5.726059871834929e-09  3.016435702387313e-09  1.5869923019877103e-09  8.335126772648512e-10  4.367755456279033e-10  2.2818259855848378e-10  1.1872548383383143e-10  6.144048983865504e-11  3.156680846710978e-11  1.6062993007931482e-11  8.069523024822833e-12  3.9850674594041686e-12  1.923581752550663e-12  9.006719411470225e-13  4.049438580339316e-13  1.7247094691374447e-13  6.834235224458663e-14  2.4595847507161463e-14  7.785556442191176e-15  2.076737952867389e-15  4.4090530911618855e-16  6.904291080736697e-17  7.204682385104233e-18  4.375624781725794e-19  1.291200657474467e-20  
1.1550078493181894e-08  5.721746830680277e-09  2.832090957452809e-09  1.4002282380269762e-09  6.912595443953593e-10  3.405787605487241e-10  1.6735523375073507e-10  8.19447706210575e-11  3.993464629685258e-11  1.9339278094315564e-11  9.287081362733162e-12  4.410105607073913e-12  2.0631246866384854e-12  9.461131310403328e-13  4.224874828581254e-13  1.820902506980181e-13  7.485590626185547e-14  2.889240081492288e-14  1.0252433126398292e-14  3.252203643183102e-15  8.883743076211658e-16  1.9880409652500172e-16  3.41025213373214e-17  4.103631530203196e-18  3.0776238688284527e-19  
6.60704661543182e-09  3.4226927560182166e-09  1.770928122678908e-09  9.148091225347461e-10  4.715437041117752e-10  2.423608427015502e-10  1.2408942558647235e-10  6.320952647245379e-11  3.197892085935613e-11  1.6032054720531575e-11  7.940343881091338e-12  3.869499252603934e-12  1.845395006457536e-12  8.550948840816878e-13  3.8129178298959885e-13  1.615306749076616e-13  6.391276642475922e-14  2.3086674186135393e-14  7.385545135208717e-15  2.009356747572422e-15  4.404764809165478e-16  7.239229241000175e-17  8.102959056656256e-18  5.434244750273627e-19  1.8407093322787918e-20  
7.319570534482199e-09  3.778354505314631e-09  1.9486629064644217e-09  1.0038293211022495e-09  5.162996109804896e-10  2.6499353183442427e-10  1.3563048600595186e-10  6.916141865565399e-11  3.509265324003825e-11  1.7688693672558565e-11  8.837805414712415e-12  4.363998038833343e-12  2.1213497644609345e-12  1.0098469576107897e-12  4.675031388023844e-13  2.0852532490334707e-13  8.85096148908337e-14  3.516369752824046e-14  1.2790567184741231e-14  4.136180114720332e-15  1.1433660722145463e-15  2.5640508767591283e-16  4.35035661932787e-17  5.0883401898136e-18  3.6241078183174893e-19  
3.881316151979148e-09  2.17451884539327e-09  1.2165038423316479e-09  6.792326369990979e-10  3.782652525396359e-10  2.0992843291642983e-10  1.1596893755996271e-10  6.367063512708911e-11  3.467147370418224e-11  1.8674640011556723e-11  9.912739767128611e-12  5.160391899369507e-12  2.617580776510486e-12  1.2825863612609352e-12  6.001076151460547e-13  2.640234786103013e-13  1.0700698293279296e-13  3.887316168587485e-14  1.2204019774638314e-14  3.1537776764819566e-15  6.287000959821862e-16  8.866396522993291e-17  7.881533553040393e-18  3.786022690950369e-19  8.004188215019484e-21  
7.279064109583223e-09  3.7024733897394596e-09  1.8815820457235576e-09  9.550821308218018e-10  4.840311468784456e-10  2.447893256092781e-10  1.234507050310343e-10  6.202551131832448e-11  3.1008521978408484e-11  1.5399381706607433e-11  7.580077256723543e-12  3.687291131489885e-12  1.7655967658305392e-12  8.278304505349714e-13  3.774075531186862e-13  1.657435271889074e-13  6.924715089966251e-14  2.7069628298393866e-14  9.683759066000091e-15  3.0777982416650317e-15  8.354862527384222e-16  1.837791497154535e-16  3.0538404544929695e-17  3.491117293404769e-18  2.4236838589252136e-19  
3.389961372853229e-09  1.9390136078192707e-09  1.1074306780488829e-09  6.3122603387899e-10  3.588365202833914e-10  2.0326658743928366e-10  1.1459840304048073e-10  6.420197112730146e-11  3.5666509668316097e-11  1.959275208690232e-11  1.0602935870984365e-11  5.624493449925231e-12  2.9051898408643055e-12  1.4482444419119536e-12  6.885592640182599e-13  3.073357263221027e-13  1.260983198211975e-13  4.624144306690855e-14  1.4598628341773397e-14  3.7744929434100435e-15  7.477275653181943e-16  1.0384621852187938e-16  8.981709386969016e-18  4.130950386539043e-19  8.184388916928929e-21  
7.27237819975134e-09  3.750697146471052e-09  1.932303943506255e-09  9.940525125223577e-10  5.103918012651051e-10  2.61383715369796e-10  1.3340142049377732e-10  6.777219529630196e-11  3.42206174895723e-11  1.7138936991063295e-11  8.491001665229916e-12  4.146087086967155e-12  1.985741276346899e-12  9.268547069436694e-13  4.179954503887878e-13  1.8006245742953966e-13  7.296703132795108e-14  2.725384005693356e-14  9.131008861747076e-15  2.6463929238313797e-15  6.321750938653099e-16  1.166992242467557e-16  1.527592584279844e-17  1.2643413611630792e-18  5.67858343724379e-20  
6.808340058869414e-09  3.5398609516721966e-09  1.8390245584960367e-09  9.544003870766097e-10  4.946096680297067e-10  2.558466309997657e-10  1.3201100173599033e-10  6.788775439723288e-11  3.4756844750987066e-11  1.7689368408027865e-11  8.931983958174473e-12  4.462734618731028e-12  2.1985854715618012e-12  1.0630084473203755e-12  5.012602943142341e-13  2.2861189274192346e-13  9.972640771473324e-14  4.099702588353868e-14  1.5571511675175837e-14  5.322116759925318e-15  1.5802640709203881e-15  3.8894270788419106e-16  7.453733695036682e-17  1.0231784064921861e-17  9.000927745612446e-19  
7.853507302456851e-09  4.008956397918947e-09  2.043974844644777e-09  1.040451176777601e-09  5.284902676746154e-10  2.6767693211580757e-10  1.3506087213843086e-10  6.78017199391122e-11  3.380712192106135e-11  1.6705144593723074e-11  8.155631731958803e-12  3.918180404862773e-12  1.8424789779569807e-12  8.419906956803891e-13  3.7038940829134237e-13  1.5485862524502845e-13  6.050280637975679e-14  2.159539450079029e-14  6.83282111271323e-15  1.840913975614819e-15  4.0029471422204804e-16  6.540223584456573e-17  7.299119800242506e-18  4.900090785685175e-19  1.6702079904007424e-20  
6.2191311396125915e-09  3.2344894461415804e-09  1.6800592950139801e-09  8.711651754561062e-10  4.5069799928591704e-10  2.3246069793363307e-10  1.1941299027825532e-10  6.101043450197606e-11  3.094735691043038e-11  1.5547657153996074e-11  7.7114282582591e-12  3.7598882965505755e-12  1.7918734529019353e-12  8.283761022729634e-13  3.67730015737531e-13  1.546449260971254e-13  6.050778929967829e-14  2.1503361558200438e-14  6.7218092492721255e-15  1.7707960230806616e-15  3.713416131648339e-16  5.744563514082599e-17  5.923158825531072e-18  3.555498358672051e-19  1.0373796928828808e-20  
8.75073960840805e-09  4.458939082885081e-09  2.2701910694982864e-09  1.154565759883483e-09  5.863298917728422e-10  2.9718125347879977e-10  1.502364489114259e-10  7.568823263533858e-11  3.795596258456964e-11  1.8917456045133668e-11  9.351610131366294e-12  4.572607910163688e-12  2.2034973002992117e-12  1.0414087212233615e-12  4.795955534211919e-13  2.1336374965359076e-13  9.06467070453983e-14  3.6215477069384724e-14  1.3330478678474688e-14  4.398822028425723e-15  1.254691417893448e-15  2.946719145537299e-16  5.340637020444644e-17  6.851140519061322e-18  5.543598720694313e-19  
9.271794254361622e-09  4.615763897333647e-09  2.2966115372647803e-09  1.141870874607163e-09  5.671880247712651e-10  2.813700295527581e-10  1.3934224899912076e-10  6.88483046090964e-11  3.3913876728410017e-11  1.6637690646967236e-11  8.118021820445584e-12  3.932442268387364e-12  1.8866030590835944e-12  8.935234901053638e-13  4.159808875800043e-13  1.8927590350564466e-13  8.35323702870301e-14  3.539390566810075e-14  1.4204233052078573e-14  5.30220857856462e-15  1.7970336211306523e-15  5.35461449262601e-16  1.3437542329978085e-16  2.6819887961513997e-17  3.944294520021138e-18  
5.093088018521358e-09  2.7948190055292352e-09  1.5312712746013074e-09  8.372433596665277e-10  4.565124472641102e-10  2.480019471012286e-10  1.34068267533093e-10  7.200363518720097e-11  3.833472380865035e-11  2.0173234106710176e-11  1.0452450822004406e-11  5.30483673432228e-12  2.6190227289158155e-12  1.246298480782034e-12  5.646629090704557e-13  2.396247340905418e-13  9.31899179750291e-14  3.2259598320800886e-14  9.561876445165187e-15  2.304305990832405e-15  4.213769042549297e-16  5.3328189293220967e-17  4.131301794952669e-18  1.6632934472613916e-19  2.797691732381723e-21  
7.36290430041566e-09  3.776429861425753e-09  1.9343709758552164e-09  9.890830798860093e-10  5.0455112867667e-10  2.5657633968745853e-10  1.2993110261314992e-10  6.543188452199959e-11  3.270682040955025e-11  1.6187635143281524e-11  7.90659068178152e-12  3.794387813520691e-12  1.7786406744262916e-12  8.080251139955943e-13  3.5205657065548047e-13  1.4507678060440803e-13  5.550208432484186e-14  1.9230142810608024e-14  5.8379908274716636e-15  1.4859712991982218e-15  2.9901836147933545e-16  4.398318347874648e-17  4.2597588965019325e-18  2.362990522771368e-19  6.234451068996515e-21  
1.1480450804353907e-08  5.652129006420083e-09  2.7803458617120442e-09  1.3661457135103384e-09  6.702606487695742e-10  3.281871934722043e-10  1.6026584790333677e-10  7.798577409880292e-11  3.7768484640572375e-11  1.8175918794907012e-11  8.673602687217912e-12  4.092767767485414e-12  1.9024780933331657e-12  8.668307585833192e-13  3.845594105894997e-13  1.6464291099510427e-13  6.722337912290508e-14  2.5764638204731376e-14  9.075929848406356e-15  2.856948983536771e-15  7.740404930305838e-16  1.7169029341594295e-16  2.9165714351171e-17  3.4713956793320275e-18  2.5710630443245777e-19  
1.076092106206517e-08  5.301604114951837e-09  2.609641784569991e-09  1.2830456238692169e-09  6.298251587444526e-10  3.0852241231648655e-10  1.5070870523025398e-10  7.334484685326636e-11  3.5517312629344436e-11  1.7085557315202087e-11  8.146587731860648e-12  3.838825067443616e-12  1.7806884160643272e-12  8.088456059929479e-13  3.5726658158075547e-13  1.5202521591402144e-13  6.155043252569516e-14  2.332019546222363e-14  8.087394700305015e-15  2.492556618507699e-15  6.563745100011035e-16  1.4013261893706901e-16  2.2616085610818716e-17  2.51339266695697e-18  1.6983441787676164e-19  
1.1197247744815288e-08  5.532263423598491e-09  2.7291152588951826e-09  1.3435197678973926e-09  6.595842615446617e-10  3.226277132950844e-10  1.5703856033922388e-10  7.594074844800658e-11  3.6405037644272404e-11  1.725062266889005e-11  8.048643501019385e-12  3.67851198326199e-12  1.6355433593927565e-12  7.009766805667602e-13  2.860734637882154e-13  1.0936815993074022e-13  3.8325221271541456e-14  1.195763342755422e-14  3.1955973025431532e-15  6.94663585168786e-16  1.1465712673816966e-16  1.3108222080451971e-17  9.183568759831793e-19  3.3486707059577113e-20  5.111375071464879e-22  
5.916715180306291e-09  3.107368561098608e-09  1.6303385840879217e-09  8.542664425399216e-10  4.468373285237032e-10  2.3318081579109023e-10  1.2130695233490684e-10  6.28460013830221e-11  3.237934430041047e-11  1.6559831663721014e-11  8.386353052563104e-12  4.191749971584645e-12  2.0588428578433825e-12  9.879244576406756e-13  4.595357591146691e-13  2.0507169926672655e-13  8.659175699500496e-14  3.396425251214974e-14  1.207427685503772e-14  3.764872252772379e-15  9.85587928297308e-16  2.0434667531843368e-16  3.104489204350955e-17  3.1154527219125863e-18  1.7984410724627643e-19  
5.736805140504929e-09  3.0961507809342853e-09  1.667588585384874e-09  8.957262501365873e-10  4.793884544496177e-10  2.55329336428256e-10  1.3511844492200824e-10  7.089175602393604e-11  3.677045693629666e-11  1.8782972037686415e-11  9.401078347862102e-12  4.579170353123533e-12  2.15107093638019e-12  9.627897146937856e-13  4.0403213350894585e-13  1.5558657223365417e-13  5.342570797532297e-14  1.5745207387727972e-14  3.784663167465244e-15  6.932083152128415e-16  8.836663796784341e-17  6.947054021791985e-18  2.866754943722571e-19  5.008386978565341e-21  2.78115283768526e-23  
7.414420191443006e-09  3.840203730908492e-09  1.9856395066559055e-09  1.0244053390514016e-09  5.269185192806754e-10  2.6994903704621124e-10  1.3756523584199482e-10  6.960706192412322e-11  3.488892465731118e-11  1.7267945085098055e-11  8.403968735293472e-12  3.999273278286116e-12  1.8470546554917823e-12  8.196818457296029e-13  3.449028887784853e-13  1.351839899199134e-13  4.82003777568377e-14  1.51482883244206e-14  4.023311194363889e-15  8.537535635615834e-16  1.343078984286652e-16  1.4175540345261525e-17  8.786929610352134e-19  2.678574952750421e-20  3.1691149315197706e-22  
4.6900606272161046e-09  2.5365611987805022e-09  1.3698284376030116e-09  7.382874444042648e-10  3.968587143494539e-10  2.1257604445694803e-10  1.1333125984289907e-10  6.004277005821246e-11  3.15455925143233e-11  1.6389734887369333e-11  8.389664962652414e-12  4.2101931902948475e-12  2.0576465068128762e-12  9.707762226464816e-13  4.369557306507593e-13  1.8471911236728324e-13  7.182173322563141e-14  2.4977710985874635e-14  7.485897671269433e-15  1.839849551664369e-15  3.4708360353356556e-16  4.6013163131427803e-17  3.810917413209573e-18  1.6855352176974533e-19  3.229554920485198e-21  
9.411824336770941e-09  4.672615147324503e-09  2.3182033746616442e-09  1.1490795479881309e-09  5.688852000598028e-10  2.811903312064218e-10  1.3868972150270403e-10  6.820960273772922e-11  3.341870876302348e-11  1.629011065373665e-11  7.886995965930171e-12  3.784160976427908e-12  1.793855187294161e-12  8.36791445195447e-13  3.8205732600439877e-13  1.6951703395055214e-13  7.239810040766847e-14  2.938618657436734e-14  1.1145291902481202e-14  3.86138994118456e-15  1.1857518561731827e-15  3.10002141271271e-16  6.539583170812245e-17  1.0362643824696714e-17  1.1211951418445006e-18  
7.980847240250094e-09  4.080164671216662e-09  2.0827625537115333e-09  1.0609938685601757e-09  5.390146200831873e-10  2.728395993054326e-10  1.374378058684858e-10  6.878502452048047e-11  3.412973227661822e-11  1.6740672389999728e-11  8.086240999997318e-12  3.8267571299933066e-12  1.762222309887437e-12  7.824964240860727e-13  3.3099661281261724e-13  1.3123614591814118e-13  4.7730546312614134e-14  1.5472113779495467e-14  4.30170446026443e-15  9.746211881386914e-16  1.6806871741150642e-16  2.0139868754264485e-17  1.4853253803439738e-18  5.73421365215702e-20  9.33805293269968e-22  
1.2214328012632879e-08  5.98496881996692e-09  2.931111206995435e-09  1.4345205643351334e-09  7.014337255233103e-10  3.425628611740163e-10  1.6702911158725998e-10  8.126588690163222e-11  3.942543534446838e-11  1.9053757236746548e-11  9.161480473442467e-12  4.3751352114342944e-12  2.070480397690938e-12  9.680292010087744e-13  4.4533660241966794e-13  2.0050742938290705e-13  8.771899469078896e-14  3.693311518301309e-14  1.4775672701619056e-14  5.5218734159894526e-15  1.8843600179999206e-15  5.696632797211889e-16  1.4652055449914793e-16  3.03808783061183e-17  4.726210779945832e-18  
9.316720970510284e-09  4.719218316386641e-09  2.3874970065971452e-09  1.2058775734235648e-09  6.077341220901849e-10  3.0539168302495856e-10  1.5286619655695938e-10  7.612248505051194e-11  3.764526468538042e-11  1.8445979460548316e-11  8.92793371457132e-12  4.250855575058032e-12  1.9801675722204977e-12  8.958996225087903e-13  3.898732758730601e-13  1.6108682016176595e-13  6.210914487582458e-14  2.1836889346422423e-14  6.788982743029938e-15  1.7913489684508208e-15  3.798024021526367e-16  6.015245664873743e-17  6.4567812245905596e-18  4.1257513719350625e-19  1.3200185415697042e-20  
8.048253770894871e-09  4.101619024869717e-09  2.088035438906433e-09  1.0614319982995488e-09  5.385285349143978e-10  2.7252608987528845e-10  1.3744143081664244e-10  6.899864996817874e-11  3.442819622860878e-11  1.7039432047470366e-11  8.342281767616966e-12  4.025614960293519e-12  1.905469273322839e-12  8.790222620218588e-13  3.918320656583954e-13  1.6685280224526123e-13  6.684586405837029e-14  2.468807729440343e-14  8.180671197540215e-15  2.345670474932472e-15  5.545854113199271e-16  1.0137992294841986e-16  1.315095303400759e-17  1.0796843666132816e-18  4.816276950006597e-20  
9.102055498484498e-09  4.623423604617073e-09  2.345354909002332e-09  1.1876293429095389e-09  5.999610712888598e-10  3.021283210038587e-10  1.515053006427588e-10  7.554769877465836e-11  3.7390122596776586e-11  1.8320960611734067e-11  8.858218314051637e-12  4.207451742232686e-12  1.951596161793002e-12  8.77047051811072e-13  3.7786449031003885e-13  1.5389322137029207e-13  5.814672602519595e-14  1.9878704148410323e-14  5.94728483838069e-15  1.4893462096603446e-15  2.9420704462908e-16  4.235763749776613e-17  3.999566254480994e-18  2.1517721134830226e-19  5.4676829021758866e-21  
1.1935968232327979e-08  5.789538981380955e-09  2.8065493479293264e-09  1.3594330724992672e-09  6.577863328575581e-10  3.1783442076921885e-10  1.532859398824986e-10  7.374240658518299e-11  3.535766244318176e-11  1.6877878212917773e-11  8.008955402527817e-12  3.7704951054814845e-12  1.756465189663736e-12  8.068102326318947e-13  3.6371092394562694e-13  1.599105890036362e-13  6.800026902835923e-14  2.765824933369812e-14  1.0601711325067046e-14  3.754672457288343e-15  1.196615811223727e-15  3.313174144388471e-16  7.60439662342155e-17  1.3590785556853632e-17  1.7400016557604717e-18  
2.1410714351853842e-09  1.2738930603564807e-09  7.564700665024253e-10  4.4804982683354717e-10  2.6446105255363317e-10  1.553810211475747e-10  9.073363266486102e-11  5.2551311988248326e-11  3.010634775442476e-11  1.6998503474433684e-11  9.413105339946195e-12  5.079407447285984e-12  2.647900157814861e-12  1.3182523931532899e-12  6.17214778282176e-13  2.662707298552393e-13  1.0299188519594982e-13  3.444003819914135e-14  9.484630147705234e-15  2.0163048617489886e-15  3.035122398290865e-16  2.883236785582864e-17  1.482491656302577e-18  3.362001133618722e-20  2.5593407799053044e-22  
6.8347789402905915e-09  3.5896298434029816e-09  1.8829869161970047e-09  9.861464730411787e-10  5.153442102646688e-10  2.685358891094115e-10  1.3939236349725587e-10  7.198647837801553e-11  3.692293280125552e-11  1.8766587770251226e-11  9.42320946227628e-12  4.655617134510108e-12  2.250993240840607e-12  1.0574521372785797e-12  4.780401290986015e-13  2.0531514953379512e-13  8.235894823699766e-14  3.0160547075712e-14  9.781640535558705e-15  2.69794447733659e-15  5.995694786121017e-16  9.989459243855213e-17  1.133484315132978e-17  7.705824266757713e-19  2.6457831138052394e-20  
6.391081863209317e-09  3.334766946643793e-09  1.7379375482750508e-09  9.042867618480803e-10  4.69514656540379e-10  2.4308225616826757e-10  1.2537336876269173e-10  6.433603090967331e-11  3.2791810467356324e-11  1.6563757194961116e-11  8.266620846034115e-12  4.060041472205496e-12  1.951833018322206e-12  9.119396319412726e-13  4.1017467367778464e-13  1.7536419001647635e-13  7.007040112646956e-14  2.5583007093352087e-14  8.281816553762404e-15  2.283665538630799e-15  5.084365790927849e-16  8.510468463096959e-17  9.737856288614005e-18  6.709134020112272e-19  2.350096796501071e-20  
4.804263186167637e-09  2.6084557194334924e-09  1.4138885148386695e-09  7.646806288689084e-10  4.123403108571603e-10  2.2146867194097738e-10  1.1832492050985328e-10  6.277445154664638e-11  3.2992313604778505e-11  1.712403217297543e-11  8.74076613795597e-12  4.363401790954232e-12  2.114505135579947e-12  9.849185184838106e-13  4.3517705462110864e-13  1.7920888179238651e-13  6.718687823888609e-14  2.222509271491414e-14  6.221637767884917e-15  1.3940817952855095e-15  2.321400792355073e-16  2.6019095928846225e-17  1.7201865215818642e-18  5.625193171766292e-20  7.1947093139234165e-22  
