4.352889858529461e-11   1.6097006484981557e-12   2.2461580916439603   0.10634056187442519   0.09269102224496016   0.03276465801734375   0.10906379581310566   0.03704584732837975   0.0   0.0   0.10906379581310566   0.03704584732837975   0.0   0.0   -0.013464336230336212   0.03700963344481311   0.0   0.5133746962538906   2.154434690031884  
3.864429938863754e-11   5.831229071379691e-12   2.40078914615882   0.08382734663112121   0.07138805896800518   0.03254872097847298   0.0008531664682284251   0.10069560783194949   7.648088172139486e-05   0.02048816232513008   0.0008531664682284251   0.10069560783194949   7.648088172139486e-05   0.02048816232513008   0.07902421620185489   0.00047887514272346166   0.0   0.0   2.154434690031884  
3.6990797508590165e-11   1.3065534919104754e-12   2.234896083971569   0.04570281302046238   0.06960014698556882   0.018123252968115396   -0.0392009405907132   0.03393647088479558   0.0   0.0   -0.0392009405907132   0.03393647088479558   0.0   0.0   -0.08998921373306752   0.036158104201210156   0.0   1.4142135623730951   2.154434690031884  
3.848789699396444e-11   1.6214194729824637e-12   2.3399991339764625   0.1343065546938196   0.0844463044411275   0.03973275526176111   -0.00030282156286085986   0.042111454951450585   0.0   0.0   -0.00030282156286085986   0.042111454951450585   0.0   0.0   0.0675719743269274   0.040263332610367575   0.0   1.4142135623730951   2.154434690031884  
3.43119506579024e-11   1.6690454843097518e-12   2.4025780856926473   0.10880086278011399   0.07998870934477768   0.042247964749707885   -0.10878022639908427   0.04335182473470546   0.0   0.0   -0.10878022639908427   0.04335182473470546   0.0   0.0   0.26458047111453936   0.01751331534971687   0.0   1.4142135623730951   2.154434690031884  
3.45392572564636e-11   1.5520186806822709e-12   2.22394405197527   0.139739020899902   0.06985034072029483   0.035690096651045146   -0.10287611124669116   0.04031217036278937   0.0   0.0   -0.10287611124669116   0.04031217036278937   0.0   0.0   -0.0901013220755864   0.059142545775194684   0.0   1.4142135623730951   2.154434690031884  
3.781381922598994e-11   1.8489028615459885e-12   2.2155704197333157   0.14151602871808128   0.13674565259472274   0.04971596855879385   -0.017822865557819003   0.04802345144154915   0.0   0.0   -0.017822865557819003   0.04802345144154915   0.0   0.0   -0.04998735732382427   0.04501849018557996   0.0   1.4142135623730951   2.154434690031884  
3.817663776738298e-11   1.699514601469609e-12   2.2291185767427333   0.14284260439808452   0.11087504682438246   0.04493038486164656   -0.008397036716871354   0.04414324681416062   0.0   0.0   -0.008397036716871354   0.04414324681416062   0.0   0.0   0.12451775607097755   0.03768885634235305   0.0   1.4142135623730951   2.154434690031884  
4.3087938179976053e-11   1.7970205558680803e-12   2.1122861012137113   0.16786627215620215   0.15255674241905393   0.04451010576712675   0.1052432796181156   0.042671345595584664   0.0   0.0   0.1052432796181156   0.042671345595584664   0.0   0.0   0.0024501249431031404   0.05752371614517424   0.0   0.9256253760310457   2.154434690031884  
3.8449433315172224e-11   1.6774307069331882e-12   2.5710087297693063   0.12097572145452207   0.045094374807515616   0.03566536530977243   -0.001308517299602604   0.04356937049765741   0.0   0.0   -0.001308517299602604   0.04356937049765741   0.0   0.0   -0.07267445473719707   0.04336059070707483   -0.2381873854027238   1.4142135623730951   2.154434690031884  
3.650364739632447e-11   1.5848606752011391e-12   2.3377843342722016   0.09246182644608124   0.07987450256425022   0.03763363013095416   -0.05184630354676936   0.04116529775884676   0.0   0.0   -0.05184630354676936   0.04116529775884676   0.0   0.0   -0.00011587755966198662   0.002265250893095223   -0.14554297419022993   1.4142135623730951   2.154434690031884  
4.1768223912412776e-11   1.8533402358183967e-12   2.1188809426485173   0.1409662373342536   0.12587737756786072   0.04039042669296175   0.05182799559323499   0.03430543392520092   0.0   0.0   0.05182799559323499   0.03430543392520092   0.0   0.0   -0.14361042472724425   0.05443308323421611   0.0   1.3034056618108256   2.154434690031884  
4.056629132047856e-11   1.728100360052079e-12   2.220888458619562   0.06398016782579623   0.12972763560603906   0.03508595163847115   0.0343970653849388   0.03342343276353065   0.0   0.0   0.0343970653849388   0.03342343276353065   0.0   0.0   0.01655724563133944   0.01555941708676344   0.0   1.3721366125468997   2.154434690031884  
3.808537448411333e-11   1.7292983820631262e-12   2.0731903999988597   0.18360444282876573   0.14793672488605394   0.04848146803283239   -0.01076968724019678   0.04491682858817559   0.0   0.0   -0.01076968724019678   0.04491682858817559   0.0   0.0   0.06359858487367864   0.06279809267025929   0.0   1.4142135623730951   2.154434690031884  
3.9438616427639514e-11   1.5885962946597973e-12   2.34568490763634   0.127354208848866   0.07619517184898697   0.03794299742913502   0.02437840558026693   0.04126258128623988   0.0   0.0   0.02437840558026693   0.04126258128623988   0.0   0.0   0.127734675145255   0.03606286352107823   0.0   1.4142135623730951   2.154434690031884  
3.565822808508497e-11   2.9205257148608682e-12   2.7402357835389823   0.21421270483531699   0.020758009365344318   0.08299510150338188   -0.053721710451202526   0.057485043088443995   0.0   0.0   -0.053721710451202526   0.057485043088443995   0.0   0.0   0.07844396423093286   0.04004157651073348   0.0   2.815781427873395   2.154434690031884  
3.886902434863378e-11   1.5154769530490626e-12   2.0495735085885762   0.16259434760552394   0.12679241878426026   0.036676353649974965   0.009585099960192649   0.03936303443206189   0.0   0.0   0.009585099960192649   0.03936303443206189   0.0   0.0   0.012803814652425834   0.06604896190119189   0.0   1.4142135623730951   2.154434690031884  
3.6046688604283195e-11   1.5698132807430956e-12   2.3478195387502026   0.10159029553189093   0.07266905006439821   0.03685615635508785   -0.0637039140568188   0.04077466010238354   0.0   0.0   -0.0637039140568188   0.04077466010238354   0.0   0.0   0.001349559741755177   0.022410310601168923   0.0   1.4142135623730951   2.154434690031884  
3.6471220779802593e-11   1.584915838435826e-12   2.367940485603802   0.12212797192566971   0.05720539227808577   0.03483286860919464   -0.05269445215292822   0.04116659508478438   0.0   0.0   -0.05269445215292822   0.04116659508478438   0.0   0.0   -0.054469279153585716   0.04884189638874772   0.0   1.4142135623730951   2.154434690031884  
3.9280152614413897e-11   1.6763058661632622e-12   2.1983651130257984   0.14336113209974347   0.1234214294800363   0.04340302730080084   0.020263699924739437   0.04354041271965768   0.0   0.0   0.020263699924739437   0.04354041271965768   0.0   0.0   0.07509460378474551   0.042653233511016304   0.0   1.4142135623730951   2.154434690031884  
3.699351022307439e-11   1.4919362506319424e-12   2.037921943985211   0.16771022187370982   0.11046787622352057   0.03600961834816914   -0.03912955303534345   0.038751592689284034   0.0   0.0   -0.03912955303534345   0.038751592689284034   0.0   0.0   0.02047397052920411   0.06981808480024247   0.0   1.4142135623730951   2.154434690031884  
3.743347164078094e-11   nan   2.3222615312287513   nan   0.0811627157836975   nan   -0.027703587314805926   nan   0.0   0.0   -0.027703587314805926   nan   0.0   0.0   0.1579711526441235   nan   0.0   nan   2.154434690031884  
3.738964965801887e-11   1.852510056146917e-12   2.087415405227603   0.16002947055388544   0.15314599539877843   0.05208290437234496   -0.028839452526777862   0.048117133482528295   0.0   0.0   -0.028839452526777862   0.048117133482528295   0.0   0.0   -0.12541314347830104   0.05652514989899346   0.0   1.4142135623730951   2.154434690031884  
3.153902106720699e-11   nan   2.200752861030734   nan   0.06842363324083094   nan   -0.18081843687977617   nan   0.0   0.0   -0.18081843687977617   nan   0.0   0.0   -0.19716744564044913   nan   0.0   nan   2.154434690031884  
4.121502108074165e-11   1.6905383496299246e-12   2.0272689324347715   0.13030212455360593   0.15208075674276678   0.044370327964182964   0.0705178964734123   0.04391025289107279   0.0   0.0   0.0705178964734123   0.04391025289107279   0.0   0.0   -0.012826523840261929   0.03769669115123706   0.0   1.4142135623730951   2.154434690031884  
3.5765806153468046e-11   1.5238193675792762e-12   2.318199603253321   0.10353500344207338   0.0660990400238212   0.03334570287391892   -0.0710180396205533   0.03957972341360383   0.0   0.0   -0.0710180396205533   0.03957972341360383   0.0   0.0   0.21537194642227306   0.023988425975237888   0.0   1.4142135623730951   2.154434690031884  
3.974697744143046e-11   nan   2.367754550003921   nan   0.0900772090904511   nan   0.014144640709645401   nan   0.0   0.0   0.014144640709645401   nan   0.0   0.0   0.04338204583933457   nan   0.0   nan   2.154434690031884  
3.797822057019105e-11   1.7057360211716745e-12   2.2253747137901634   0.13314504305658958   0.12139623718658635   0.045071649032329034   -0.013554670212758777   0.04430476860321713   0.0   0.0   -0.013554670212758777   0.04430476860321713   0.0   0.0   0.17281799752455515   0.03324023460763786   0.0   1.4142135623730951   2.154434690031884  
4.2723456735934365e-11   1.8186743390624756e-12   2.1511442130046543   0.12572325785172248   0.15801828746397106   0.04813139049163518   0.10969979506248485   0.047238360279784654   0.0   0.0   0.10969979506248485   0.047238360279784654   0.0   0.0   0.1706898991491669   0.028382030292676542   0.0   1.4142135623730951   2.154434690031884  
3.75681446312852e-11   1.4726453753761066e-12   2.511132409400726   0.1441476508041912   0.030198862979652047   0.03054631791875614   -0.024202793515598356   0.038250140179318895   0.0   0.0   -0.024202793515598356   0.038250140179318895   0.0   0.0   0.06211742620880659   0.04992329577380932   -0.3425324398052779   1.4142135623730951   2.154434690031884  
4.183344517784133e-11   1.6964145368852542e-12   2.2451716431059174   0.12885097496780382   0.12769921779029167   0.042512881756776026   0.08658075821397002   0.04406311462435216   0.0   0.0   0.08658075821397002   0.04406311462435216   0.0   0.0   0.16857398662553755   0.03319146528141638   0.0   1.4142135623730951   2.154434690031884  
4.453394470108663e-11   1.378957634741197e-12   2.0694777971674814   0.06643395505189861   0.11252000380403891   0.023572686560651326   0.1256427171000345   0.031214148284649884   0.0   0.0   0.1256427171000345   0.031214148284649884   0.0   0.0   0.0005163657000034835   0.013112551102517335   0.0   0.3701682275960997   2.154434690031884  
3.66131659909462e-11   1.5399965074967117e-12   2.2519688567218683   0.12662227344569615   0.07025858958438105   0.03498723735171999   -0.0490086596869122   0.03999990821609981   0.0   0.0   -0.0490086596869122   0.03999990821609981   0.0   0.0   -0.08238099114592051   0.048370387176380675   0.0   1.4142135623730951   2.154434690031884  
3.7584389811037305e-11   1.7684118737223723e-12   2.54165505158795   0.1753822933562326   0.05849862018043567   0.04293095086663818   -0.02112850896389766   0.042300347436337975   0.0   0.0   -0.02112850896389766   0.042300347436337975   0.0   0.0   0.04247792367931653   0.05665541039399357   0.0   7.709946465433851   2.154434690031884  
3.3641600172851725e-11   1.5060583203961908e-12   2.4839896725856465   0.11672859511388166   0.03206320772357337   0.03157248281605097   -0.1261911044122955   0.03911841713592106   0.0   0.0   -0.1261911044122955   0.03911841713592106   0.0   0.0   0.13930135818718725   0.03340601251637927   0.0   1.4142135623730951   2.154434690031884  
3.719095187642884e-11   nan   2.231961782724972   nan   0.10385710586025693   nan   -0.033940633709656776   nan   0.0   0.0   -0.033940633709656776   nan   0.0   0.0   -0.0321084768839324   nan   0.0   nan   2.154434690031884  
3.470651378914778e-11   1.8116932859465585e-12   2.411254201242841   0.1407730210552161   0.07569822939324905   0.04719945421103762   -0.09853118480072595   0.04705692497909496   0.0   0.0   -0.09853118480072595   0.04705692497909496   0.0   0.0   -0.027213069579431214   0.048351434331300285   0.0   1.4142135623730951   2.154434690031884  
4.0306421136767473e-11   1.5717038923168277e-12   2.365710557147394   0.10715791907023697   0.07850200841410256   0.0366834674748432   0.04691846813494157   0.04082390775302416   0.0   0.0   0.04691846813494157   0.04082390775302416   0.0   0.0   0.09517313207477157   0.028981416409116088   0.0   1.4142135623730951   2.154434690031884  
4.109247075564166e-11   1.9380086217902845e-12   2.1085435900509024   0.1973777960264716   0.14477307620784116   0.04549525455876073   0.06733887609773744   0.050337610301625875   0.0   0.0   0.06733887609773744   0.050337610301625875   0.0   0.0   -0.36286809174297313   0.12965364802968832   -0.2600542241655421   1.4142135623730951   2.154434690031884  
3.943679994784117e-11   1.8747555103132315e-12   2.189768566630468   0.15033195421355108   0.13445208537406506   0.05051640045568431   0.02433284469050306   0.04869494789479341   0.0   0.0   0.02433284469050306   0.04869494789479341   0.0   0.0   -0.06637576274111125   0.05175902039405191   0.0   1.4142135623730951   2.154434690031884  
4.088302337021784e-11   1.4143770608138808e-12   2.311996220681368   0.0605457296510522   0.13475423040690018   0.026605395940875985   0.056003814468061706   0.03480994022636628   0.0   0.0   0.056003814468061706   0.03480994022636628   0.0   0.0   0.053242016957979005   0.026527437642438003   0.0   9.496420209439588   2.154434690031884  
3.9348531991659135e-11   1.6192178909775402e-12   2.234917172369383   0.12459347578379552   0.09595476863796916   0.03824124876878663   0.022041221155642707   0.04205716818025616   0.0   0.0   0.022041221155642707   0.04205716818025616   0.0   0.0   -0.06384182490400897   0.0459249949076327   0.0   1.4142135623730951   2.154434690031884  
3.3797367849770134e-11   1.6776499450148135e-12   2.211263362071993   0.2143256361408604   0.10571260038133859   0.047176482878403744   -0.12214579576783544   0.043575304663281966   0.0   0.0   -0.12214579576783544   0.043575304663281966   0.0   0.0   0.009213643835384654   0.0768075540678189   0.0   1.4142135623730951   2.154434690031884  
3.825415131276104e-11   2.021040500545419e-12   2.092329736142848   0.16369968210739175   0.1793224922535547   0.05914690070350795   -0.00638459643233669   0.052494517650796636   0.0   0.0   -0.00638459643233669   0.052494517650796636   0.0   0.0   -0.06747400957509257   0.05264295460776768   0.0   1.4142135623730951   2.154434690031884  
3.690761487377312e-11   1.5190083061148754e-12   2.4665100164879594   0.1449392160221209   0.039384764473561915   0.03342203279870399   -0.04136040391046236   0.039454718645776356   0.0   0.0   -0.04136040391046236   0.039454718645776356   0.0   0.0   0.0072520871969360655   0.05347211350060805   -1.1759973794660306   1.4142135623730951   2.154434690031884  
4.004868236720113e-11   1.9171786137181245e-12   2.035509397827035   0.18649518655420577   0.19470793505653206   0.05501094166373566   0.040223529279827815   0.049796507640129196   0.0   0.0   0.040223529279827815   0.049796507640129196   0.0   0.0   0.009613542786983656   0.06251805017790807   0.0   1.4142135623730951   2.154434690031884  
3.8278955976400157e-11   1.6668870799431866e-12   2.007322006620568   0.16567990803622867   0.13620267725715993   0.04337906908615108   -0.00574136820957792   0.043295770974106994   0.0   0.0   -0.00574136820957792   0.043295770974106994   0.0   0.0   -0.18617866257591545   0.069169375786001   0.0   1.4142135623730951   2.154434690031884  
4.091342846532058e-11   1.8260389493577237e-12   2.124841555921147   0.15319431921757554   0.1453731095398427   0.048510951688128676   0.0626859883859842   0.047429597531198825   0.0   0.0   0.0626859883859842   0.047429597531198825   0.0   0.0   -0.0903755291210942   0.05384635507543822   0.0   1.4142135623730951   2.154434690031884  
3.5865581296223655e-11   1.750586074619314e-12   2.5643824683111567   0.12777014486186564   0.05373817836638415   0.04152331833534088   -0.06836008001119617   0.04546715437313347   0.0   0.0   -0.06836008001119617   0.04546715437313347   0.0   0.0   -0.048128074643986746   0.04391836054833086   -0.1450487686671402   1.4142135623730951   2.154434690031884  
3.962659601927826e-11   nan   2.3487870354253344   nan   0.14037423966625284   nan   0.029247160989015433   nan   0.0   0.0   0.029247160989015433   nan   0.0   0.0   -0.039232602379008705   nan   -0.37083256478294485   nan   2.154434690031884  
4.2174308017342495e-11   1.7322394152916346e-12   2.4259779113654516   0.10993818232410656   0.08634640020501279   0.038702849850044636   0.08946660892598167   0.04307813919856475   0.0   0.0   0.08946660892598167   0.04307813919856475   0.0   0.0   -0.009668154330199515   0.0361945717366585   0.0   1.2988040987883944   2.154434690031884  
3.4171961713971056e-11   1.5326316016447103e-12   2.467685822594138   0.1657008198115535   0.035182666414441115   0.033650687315397394   -0.1124161361392466   0.039808621108153086   0.0   0.0   -0.1124161361392466   0.039808621108153086   0.0   0.0   0.030022721052509443   0.061238895512546083   -0.2237967767255322   1.4142135623730951   2.154434690031884  
3.91563040847332e-11   1.5726389248383937e-12   2.419360938948999   0.11030247720636924   0.05867299938613742   0.03290916468620018   0.017048554138363495   0.04084746638925978   0.0   0.0   0.017048554138363495   0.04084746638925978   0.0   0.0   -0.030613944296693094   0.04121810952852822   -0.3102007236140437   1.4142135623730951   2.154434690031884  
3.330498370812879e-11   1.8163799960637691e-12   2.375331785352607   0.17319221459406944   0.07131378829361927   0.050025458201454015   -0.13493246870395667   0.04717854625136054   0.0   0.0   -0.13493246870395667   0.04717854625136054   0.0   0.0   -0.12402868714330896   0.06398032597892735   0.0   1.4142135623730951   2.154434690031884  
3.981786757231327e-11   2.0081417573544214e-12   2.128475870988546   0.18698926976750677   0.17905961267090875   0.058074719907987314   0.03423280714856879   0.05215960393052161   0.0   0.0   0.03423280714856879   0.05215960393052161   0.0   0.0   0.011795350299939653   0.05843669921013465   0.0   1.4142135623730951   2.154434690031884  
3.689450057095647e-11   1.5493732451210952e-12   2.30009574746126   0.16331594308144026   0.07730490268303813   0.035276462114314795   -0.04170052872002952   0.040243442516373934   0.0   0.0   -0.04170052872002952   0.040243442516373934   0.0   0.0   -0.2509455845758408   0.07474625165430379   -0.1444244191489791   1.4142135623730951   2.154434690031884  
4.322641674635911e-11   1.8177708563268148e-12   2.3131936642604005   0.1273000268258828   0.11761208710875033   0.04216005072597934   0.1135293985960051   0.044677002565839424   0.0   0.0   0.1135293985960051   0.044677002565839424   0.0   0.0   -0.06869443160849723   0.04423161950366432   0.0   1.1676860987857303   2.154434690031884  
3.8593049892040854e-11   1.6132753116984667e-12   2.357397560693652   0.14231313910294174   0.07557786448500262   0.03929507757250862   0.0024162239979572523   0.04190362583843958   0.0   0.0   0.0024162239979572523   0.04190362583843958   0.0   0.0   0.06984373670926551   0.044321603169931605   0.0   1.4142135623730951   2.154434690031884  
4.4542978827078716e-11   1.6963348212598187e-12   2.1243570936879426   0.1309584245087214   0.14510097854633983   0.041690684563281497   0.15696041859312437   0.04406068881659401   0.0   0.0   0.15696041859312437   0.04406068881659401   0.0   0.0   0.033397749619053785   0.03754777493489876   0.0   1.4142135623730951   2.154434690031884  
3.566074046457549e-11   1.5768448370297286e-12   2.4673863890982557   0.1438983069942089   0.04266897257365852   0.034421685837387944   -0.07374699777702227   0.04095700885696215   0.0   0.0   -0.07374699777702227   0.04095700885696215   0.0   0.0   0.021918363204017362   0.05021364939675968   0.0   1.4142135623730951   2.154434690031884  
4.125611386475479e-11   1.7513526265663092e-12   2.2877348075230888   0.1387545211318703   0.12008031587748327   0.04519722370204122   0.07158600807563624   0.045489973042975584   0.0   0.0   0.07158600807563624   0.045489973042975584   0.0   0.0   0.09477698284551198   0.0380177981086657   0.0   1.4142135623730951   2.154434690031884  
3.89051873286238e-11   1.6606357242304004e-12   2.461263868146462   0.10940326116587219   0.044157641530085945   0.03201689927314158   0.006066397893966312   0.03166711827493919   0.0   0.0   0.006066397893966312   0.03166711827493919   0.0   0.0   0.08718682866725391   0.03259669234406582   0.0   1.3075821069799622   2.154434690031884  
3.7443769593418376e-11   1.7742657830359805e-12   1.9872464836119408   0.18132332636646065   0.18224952640441508   0.04945928185943119   -0.027433912535378215   0.04608481580987287   0.0   0.0   -0.027433912535378215   0.04608481580987287   0.0   0.0   0.021415653610291737   0.06783678292228   0.0   1.4142135623730951   2.154434690031884  
3.999188378958109e-11   1.9706774832256423e-12   2.1309352830149493   0.16192771794674168   0.16113453986416956   0.05469881499592063   0.03875024285246362   0.051186427221686856   0.0   0.0   0.03875024285246362   0.051186427221686856   0.0   0.0   -0.09223735238581307   0.054365903030854375   0.0   1.4142135623730951   2.154434690031884  
4.090098197974776e-11   1.9947047470050535e-12   2.344044564030589   0.16314625176268244   0.08384416017712724   0.041643155613655156   0.029147006302681123   0.030184076607105377   0.0   0.0   0.029147006302681123   0.030184076607105377   0.0   0.0   0.04746917312329052   0.053065227223110245   0.0   0.9910663989895878   2.154434690031884  
4.0006662008257497e-11   1.6850134799827665e-12   2.380303967445769   0.11130841037867369   0.0827618691918389   0.03936608602083003   0.03913418914945078   0.043766552975245274   0.0   0.0   0.03913418914945078   0.043766552975245274   0.0   0.0   -0.016630399123311816   0.03700478775722541   -0.9036897500637076   1.4142135623730951   2.154434690031884  
3.830965564239624e-11   1.7516443945419228e-12   2.617378242455873   0.14229488434872553   0.04954858989922674   0.03833084780960515   -0.004722582949961764   0.04218475087240408   0.0   0.0   -0.004722582949961764   0.04218475087240408   0.0   0.0   0.08976091867831268   0.04069741393666788   0.0   8.720061325589233   2.154434690031884  
3.542776091640542e-11   nan   2.2135234825183456   nan   0.1153895158803292   nan   -0.0795930678716445   nan   0.0   0.0   -0.0795930678716445   nan   0.0   0.0   -0.2594635120116155   nan   -0.14604502938124417   nan   2.154434690031884  
4.307007268771581e-11   1.681771553844298e-12   2.4316919072035432   0.10745062925892493   0.07558411137036393   0.03518366912615987   0.10495980953700847   0.040295609060660036   0.0   0.0   0.10495980953700847   0.040295609060660036   0.0   0.0   -0.0428563186878324   0.037561484279638346   0.0   0.9164899057310983   2.154434690031884  
3.566872492994672e-11   nan   2.2724621643414156   nan   0.10919728984380757   nan   -0.07333844948211031   nan   0.0   0.0   -0.07333844948211031   nan   0.0   0.0   -0.07651202793182771   nan   0.0   nan   2.154434690031884  
3.7988772577857834e-11   1.563920704162902e-12   2.288274244180373   0.14999378899004287   0.07929885842957397   0.03798413493641196   -0.013282868939554954   0.04062247253012783   0.0   0.0   -0.013282868939554954   0.04062247253012783   0.0   0.0   0.09960509291987114   0.04991951495774404   0.0   1.4142135623730951   2.154434690031884  
3.953249374062154e-11   1.556665663257037e-12   1.9977229996441834   0.1379474864193675   0.13120569467637747   0.03803374103063678   0.026816043820482256   0.04043296754564421   0.0   0.0   0.026816043820482256   0.04043296754564421   0.0   0.0   -0.06988735464799445   0.05387355686799887   0.0   1.4142135623730951   2.154434690031884  
3.358217373846809e-11   1.7670601292904572e-12   2.3394295140719117   0.14892349527613563   0.07973331344750918   0.04592334888582763   -0.12773402157522873   0.045897585456347555   0.0   0.0   -0.12773402157522873   0.045897585456347555   0.0   0.0   -0.054787764262322916   0.05655113763526126   0.0   1.4142135623730951   2.154434690031884  
4.0806736832534716e-11   1.7440382070447807e-12   1.9253100080261434   0.18982296087224315   0.1346350422628487   0.04049024282309148   0.0599121040658245   0.04529966615183029   0.0   0.0   0.0599121040658245   0.04529966615183029   0.0   0.0   -0.3538945238838426   0.14003810352958218   0.0   1.4142135623730951   2.154434690031884  
3.7733657003320445e-11   1.758597808968954e-12   2.289191664407079   0.18564239397626084   0.09772414189125575   0.043878405414425024   -0.016620949653368206   0.04048335738444441   0.0   0.0   -0.016620949653368206   0.04048335738444441   0.0   0.0   0.054985467160882304   0.06562822861523081   0.0   5.18174603992549   2.154434690031884  
3.73192448168942e-11   1.4934827157737855e-12   2.2641976428966655   0.11506926505158593   0.07113261656265296   0.03182383676734855   -0.030673225171541148   0.038792109828580446   0.0   0.0   -0.030673225171541148   0.038792109828580446   0.0   0.0   -0.028355451302285676   0.0449470144828745   0.0   1.4142135623730951   2.154434690031884  
3.767620201856467e-11   nan   2.323702426697438   nan   0.10835716092535719   nan   -0.021364376688445014   nan   0.0   0.0   -0.021364376688445014   nan   0.0   0.0   0.031097982247127207   nan   -0.26908961899651934   nan   2.154434690031884  
3.473047632961121e-11   nan   2.2580276925517717   nan   0.11532998509228093   nan   -0.09778693596141654   nan   0.0   0.0   -0.09778693596141654   nan   0.0   0.0   -0.10668138491726016   nan   0.0   nan   2.154434690031884  
4.085784626223615e-11   1.5265232343629536e-12   2.3339688369948353   0.1238800942959735   0.07367226947188481   0.034623204753646934   0.06124244926518258   0.039650062183365156   0.0   0.0   0.06124244926518258   0.039650062183365156   0.0   0.0   0.07459383436063252   0.038723092702407404   0.0   1.4142135623730951   2.154434690031884  
3.561061282776545e-11   1.6388567339941203e-12   2.4177045393187657   0.14189755060791998   0.04881943292121924   0.0393361295428255   -0.07501880341219869   0.04256755988591697   0.0   0.0   -0.07501880341219869   0.04256755988591697   0.0   0.0   0.090613373754319   0.03867968060135153   0.0   1.4142135623730951   2.154434690031884  
4.4074683126816124e-11   1.7815497456964437e-12   2.0688516690604413   0.12817175341406226   0.1395294265430726   0.041157008160993463   0.12688304835460001   0.04213364542894845   0.0   0.0   0.12688304835460001   0.04213364542894845   0.0   0.0   -0.08263807446502484   0.04011326980720323   0.0   0.8706075759366927   2.154434690031884  
3.683266696934719e-11   1.3972470137698984e-12   2.305975473489876   0.050603768362919035   0.1188015094260811   0.024464574848219994   -0.04329703838784893   0.036292922905050755   0.0   0.0   -0.04329703838784893   0.036292922905050755   0.0   0.0   0.03265093809812013   0.03465095063823856   0.0   1.4142135623730951   2.154434690031884  
4.0744157586584167e-11   1.935287249652811e-12   2.4531871772605762   0.13809934100672552   0.07583744209582038   0.0438674688811511   0.038835976500134914   0.038164414575150886   0.0   0.0   0.038835976500134914   0.038164414575150886   0.0   0.0   0.0981000662265175   0.036935779571856564   0.0   2.1911194205719124   2.154434690031884  
3.845769613460542e-11   1.797027158426279e-12   2.4503204985254827   0.14092425800170977   0.07953857816589166   0.04150636596157259   -0.0008739498026500722   0.03676106142653944   0.0   0.0   -0.0008739498026500722   0.03676106142653944   0.0   0.0   0.05249141217987276   0.04204808480184592   0.0   2.482395709498327   2.154434690031884  
4.1842883886277916e-11   2.4152015071818116e-12   2.4335356905373273   0.16579407646276187   0.1392145820302124   0.0643647840738348   0.08004975819118651   0.05868871866357856   0.0   0.0   0.08004975819118651   0.05868871866357856   0.0   0.0   -0.1121383930442174   0.045188696729067356   0.0   12.065315041358804   2.154434690031884  
3.537207234894622e-11   1.361253727438194e-12   2.227259404496171   0.04886599071432603   0.08840189418203652   0.019715776381526044   -0.08124482155278566   0.03535724342901379   0.0   0.0   -0.08124482155278566   0.03535724342901379   0.0   0.0   -0.08717795948239933   0.04008918476247414   0.0   1.4142135623730951   2.154434690031884  
4.4164825288134394e-11   1.9708588832741597e-12   2.1215513308968683   0.140017612484713   0.18323394218587188   0.05073655905228454   0.1405936689545011   0.04942831199969307   0.0   0.0   0.1405936689545011   0.04942831199969307   0.0   0.0   -0.049647637915637255   0.044081982559466104   0.0   2.3996896582176093   2.154434690031884  
4.05879536364117e-11   nan   2.268250996375817   nan   0.15130188033719114   nan   0.054173914859290004   nan   0.0   0.0   0.054173914859290004   nan   0.0   0.0   0.12324096270253725   nan   0.0   nan   2.154434690031884  
3.605936517736774e-11   1.7118354207609392e-12   2.1199683188006513   0.20853265626209272   0.1337327322074111   0.048572747632203504   -0.06339143567221298   0.04446321497774952   0.0   0.0   -0.06339143567221298   0.04446321497774952   0.0   0.0   0.019366237453310592   0.07777052187169607   0.0   1.4142135623730951   2.154434690031884  
3.552064305339824e-11   1.6400000465761368e-12   2.4258421087643773   0.12862803263862602   0.060998136174062134   0.03976493121410456   -0.07738210102945335   0.04259746362418786   0.0   0.0   -0.07738210102945335   0.04259746362418786   0.0   0.0   0.11588372291271998   0.03741851357785937   0.0   1.4142135623730951   2.154434690031884  
3.917971937539391e-11   nan   2.3149805210573846   nan   0.13799033138210173   nan   0.017632200241566486   nan   0.0   0.0   0.017632200241566486   nan   0.0   0.0   0.06762084952763682   nan   0.0   nan   2.154434690031884  
4.1278684842140686e-11   1.4989109034214079e-12   2.4731386621063827   0.09869352315967735   0.04593508608795661   0.03124171250170332   0.072173345977473   0.03893286237366203   0.0   0.0   0.072173345977473   0.03893286237366203   0.0   0.0   0.15962517356396067   0.02476360155357215   0.0   1.4142135623730951   2.154434690031884  
4.204702780829664e-11   2.208219050910097e-12   2.3503302814594917   0.13857913747790693   0.11058152723004107   0.047472314026198704   0.05394698044270177   0.03827260744860543   0.0   0.0   0.05394698044270177   0.03827260744860543   0.0   0.0   -0.11042317815270228   0.046411152749634026   0.0   1.2475759980873349   2.154434690031884  
3.795477400904661e-11   1.7277818179538893e-12   2.3306704658828687   0.17275574871853755   0.0975194068179154   0.04603373444903057   -0.014132891445275318   0.04487726325413661   0.0   0.0   -0.014132891445275318   0.04487726325413661   0.0   0.0   0.040327849662398385   0.05673795643183122   -0.14498734904516   1.4142135623730951   2.154434690031884  
4.2153827753524364e-11   2.024023973782288e-12   2.339510475366975   0.16179522751427672   0.11991892513337109   0.050764534446030025   0.07761217148736096   0.04545677396299463   0.0   0.0   0.07761217148736096   0.04545677396299463   0.0   0.0   0.09880688036996801   0.04314081073832209   0.0   0.5320403288719671   2.154434690031884  
3.729442294159967e-11   1.586295244113671e-12   2.5075297972071904   0.10480005795035988   0.05332866827055215   0.03777501568221836   -0.03131877858728482   0.041202962311414126   0.0   0.0   -0.03131877858728482   0.041202962311414126   0.0   0.0   0.21219426353649037   0.022604009331608495   0.0   1.4142135623730951   2.154434690031884  
3.5846435180141166e-11   1.6965717075791042e-12   1.7837639744666016   0.20359896445139716   0.17450808663412437   0.045936565724817496   -0.06892285029159276   0.044066781029220244   0.0   0.0   -0.06892285029159276   0.044066781029220244   0.0   0.0   -0.3216545111938391   0.13845233193745748   0.0   1.4142135623730951   2.154434690031884  
4.118347550268832e-11   1.6087033681880254e-12   2.224744158777258   0.13044155568780444   0.10920425273608188   0.038888319950067876   0.06969931960448117   0.041784869222846695   0.0   0.0   0.06969931960448117   0.041784869222846695   0.0   0.0   0.0674674636355275   0.04230778330197732   0.0   1.4142135623730951   2.154434690031884  
3.6536845625821094e-11   nan   2.247539895730116   nan   0.1081424172762663   nan   -0.050963212375455   nan   0.0   0.0   -0.050963212375455   nan   0.0   0.0   0.09021642071465634   nan   0.0   nan   2.154434690031884  
3.833428571936623e-11   1.8046925439220529e-12   2.1045568757040907   0.14898517248358636   0.15007007097070613   0.05102903550744963   -0.004306535688126895   0.04687495572385751   0.0   0.0   -0.004306535688126895   0.04687495572385751   0.0   0.0   0.16923550355045264   0.037896417978038784   0.0   1.4142135623730951   2.154434690031884  
