8.855620350032483e-11  8.168257583965058e-11  7.526799973846672e-11  6.926575897609394e-11  6.363016884092142e-11  5.831618224031068e-11  5.327910766288503e-11  4.8474537855797634e-11  4.3858648063850665e-11  3.9389105693483675e-11  3.502693613914738e-11  3.073979069488245e-11  2.6507100110980254e-11  2.2327435127618793e-11  1.822778703725706e-11  1.4273084054167142e-11  1.0571825462738833e-11  7.2706847454655395e-12  4.529519607585153e-12  2.4731828637377362e-12  1.132624313787411e-12  4.1026889199365145e-13  1.0870166965926204e-13  1.8979795069085646e-14  1.9003327778323926e-15  
6.340771469284342e-11  5.958071876944618e-11  5.592365641500255e-11  5.2414751951388094e-11  4.903079471810801e-11  4.574680142923906e-11  4.253575988883363e-11  3.9368565407010047e-11  3.621433513348264e-11  3.304139081629644e-11  2.981933521748978e-11  2.6522786439273394e-11  2.313740007508674e-11  1.9668625044764303e-11  1.6152883064135385e-11  1.2669089838247195e-11  9.345361722852695e-12  6.3520744851802634e-12  3.8712693235546315e-12  2.0398899039671417e-12  8.853239986619601e-13  2.966457412614355e-13  7.039471055093329e-14  1.0544721775100472e-14  8.552312409810424e-16  
8.312325931869272e-11  7.419766767217507e-11  6.619441439887646e-11  5.901153676118657e-11  5.255714490007839e-11  4.674826950402928e-11  4.150984581823917e-11  3.677383895018908e-11  3.2478526868496755e-11  2.856797320862488e-11  2.499174278404224e-11  2.1704938038610378e-11  1.8668660536078443e-11  1.585101618860694e-11  1.3228759719266113e-11  1.0789562376806946e-11  8.534607759168694e-12  6.480683995112759e-12  4.66013156308449e-12  3.1161938352291465e-12  1.8913711243893603e-12  1.0088404081487244e-12  4.5294853889239086e-13  1.6162260002421036e-13  4.245273327365053e-14  
5.854314635184315e-11  5.543863965413204e-11  5.243727403530457e-11  4.952094617932692e-11  4.666944983542357e-11  4.3860086589478995e-11  4.106736167112717e-11  3.826289606402265e-11  3.541577571389153e-11  3.2493686650160385e-11  2.946534823564932e-11  2.6304922406380494e-11  2.2999143928795244e-11  1.9557659469396477e-11  1.6026077412215137e-11  1.2498985409335983e-11  9.126434483674261e-12  6.103242258091642e-12  3.6301425849526363e-12  1.846780696696577e-12  7.627794080445368e-13  2.38609771262723e-13  5.1526300219633605e-14  6.787992942704404e-15  4.626391162382844e-16  
1.620827586830881e-11  1.7613385587871016e-11  1.909719225767336e-11  2.0643827439177828e-11  2.222641252650368e-11  2.3802694784410107e-11  2.5309637418588563e-11  2.6657281308038654e-11  2.7722891409950602e-11  2.8347655087293066e-11  2.83401604279064e-11  2.7493351913336297e-11  2.5623448848040584e-11  2.2637243559616135e-11  1.862258174701133e-11  1.3930207699052236e-11  9.179154254120916e-12  5.107486382026585e-12  2.2681786050244062e-12  7.456748653083347e-13  1.6415980374642304e-13  2.117116737335487e-14  1.3382173361541317e-15  3.2683011300042564e-17  2.2459041408976545e-19  
7.073653664967296e-11  6.33370829869815e-11  5.668093910874832e-11  5.068766172156297e-11  4.5284447407274407e-11  4.040526284469916e-11  3.599007565679703e-11  3.1984192386243804e-11  2.833772013021635e-11  2.5005182385890648e-11  2.1945338496302267e-11  1.9121279467592175e-11  1.6500897523497228e-11  1.4057842371611494e-11  1.1773060268628722e-11  9.63691718096193e-12  7.651661841389386e-12  5.833503078380304e-12  4.212835197232851e-12  2.830372425788548e-12  1.7269200477846428e-12  9.266286365266177e-13  4.1892392273728756e-13  1.5071109340342687e-13  3.998012093081534e-14  
7.393142973321013e-11  6.71626907154373e-11  6.093398672080555e-11  5.51866917240458e-11  4.9865479276546705e-11  4.491795125086047e-11  4.0294462560953335e-11  3.5948251648476236e-11  3.1836039286944765e-11  2.7919319456183704e-11  2.4166617777223577e-11  2.0556989630079688e-11  1.7084877449351116e-11  1.37659841239119e-11  1.0642839756564689e-11  7.787132362215482e-12  5.294026630472119e-12  3.2631727020712474e-12  1.7650072329356535e-12  8.020083727618194e-13  2.88867305832719e-13  7.632175223552955e-14  1.3339725690381579e-14  1.3438265305822796e-15  6.492692537577707e-17  
3.2439471336074453e-11  3.296367835619815e-11  3.3439708514695425e-11  3.3846132271877525e-11  3.4154538832342984e-11  3.43276950669757e-11  3.431755354867775e-11  3.4063413787291297e-11  3.34908627733851e-11  3.251263318629249e-11  3.103323903232944e-11  2.8960066705878313e-11  2.6224073331625393e-11  2.2812303452170102e-11  1.881016964983575e-11  1.444169016955975e-11  1.0081066702111297e-11  6.198282737467611e-12  3.2175686010051803e-12  1.3327820575889543e-12  4.0857508030853593e-13  8.384334128853432e-14  1.007421259743497e-14  5.92885774978026e-16  1.3469841587368098e-17  
5.984858065539218e-11  5.7768787099820365e-11  5.566584949748793e-11  5.3517098148060785e-11  5.129482874378571e-11  4.896556597555206e-11  4.6489605856402064e-11  4.382120966019011e-11  4.091006338526756e-11  3.770493646869183e-11  3.416081727920273e-11  3.02509856656752e-11  2.5985072087184747e-11  2.14323598523626e-11  1.6745378502691712e-11  1.2171779217792054e-11  8.035003915466848e-12  4.664883729940962e-12  2.281998398548359e-12  8.88387073111221e-13  2.550470551350282e-13  4.8781494348697836e-14  5.428489239780053e-15  2.933891701877077e-16  6.052551114491635e-18  
1.817859715140265e-10  1.4833827726806924e-10  1.2101240688809749e-10  9.868510670242904e-11  8.043900676333588e-11  6.55248802683239e-11  5.333082767444009e-11  4.335711842658709e-11  3.519565652995364e-11  2.8513227053667076e-11  2.3037836870352736e-11  1.854759081064055e-11  1.4861648888663363e-11  1.1832894971318566e-11  9.342014440053168e-12  7.292728567605991e-12  5.6079650419305336e-12  4.226753884622044e-12  3.1016220132839215e-12  2.1962187286253927e-12  1.4828565636777061e-12  9.396538999207189e-13  5.471316175021438e-13  2.845873637816373e-13  1.2734935236795189e-13  
7.452456605077283e-11  6.747246164172189e-11  6.103294040280985e-11  5.5142037750383274e-11  4.9740361433219266e-11  4.47725409535691e-11  4.018678665855716e-11  3.593460701346916e-11  3.19707615818411e-11  2.825356604168133e-11  2.4745711858581256e-11  2.141580600757663e-11  1.8240845928755196e-11  1.5209758839430244e-11  1.2327840699538167e-11  9.62127202533614e-12  7.1397435210603646e-12  4.953758069673347e-12  3.142323561947946e-12  1.7686623195664026e-12  8.487889727737598e-13  3.293233729688412e-13  9.623182189532259e-14  1.9267386268216892e-14  2.3300930947016897e-15  
1.0244483039560723e-10  9.083367662471287e-11  8.046902408333143e-11  7.120500133893518e-11  6.291082796873925e-11  5.546908825030455e-11  4.8774270866563515e-11  4.273160091294669e-11  3.7256215486903507e-11  3.227276485827687e-11  2.771555415438904e-11  2.3529364365621786e-11  1.967107968042932e-11  1.6112148061432154e-11  1.2841625787137473e-11  9.868991421393096e-12  7.224993908566591e-12  4.957706764300257e-12  3.1204968292432965e-12  1.750487501057338e-12  8.421860066976791e-13  3.301638112759535e-13  9.85063237511799e-14  2.042023364035845e-14  2.6048146579880475e-15  
6.286600893293651e-11  5.944483858864763e-11  5.6125363111652525e-11  5.2885066118385675e-11  4.969872845487971e-11  4.653807357084805e-11  4.337163221809703e-11  4.016505776636836e-11  3.688226018316975e-11  3.348790430147139e-11  2.9952005469714386e-11  2.6257453541711815e-11  2.241107473078263e-11  1.845787702862936e-11  1.4495834240611175e-11  1.068457691477165e-11  7.236631580890435e-12  4.378533839119949e-12  2.2792706354375037e-12  9.70846813502855e-13  3.164749283366539e-13  7.221339705903442e-14  1.024047862362463e-14  7.701037374084295e-16  2.485583659406545e-17  
3.157272283215665e-11  3.206045797148175e-11  3.249629857648824e-11  3.2857907918221976e-11  3.311576845005484e-11  3.323135556741048e-11  3.3155224881855074e-11  3.2825374840545166e-11  3.216660120838421e-11  3.109210810480337e-11  2.9509378433409295e-11  2.7333064552924036e-11  2.4507881108896495e-11  2.1042925226010017e-11  1.7053497637420912e-11  1.2795544568777724e-11  8.663267575086362e-12  5.114460363647463e-12  2.515167384815228e-12  9.694327586226973e-13  2.6999779419666243e-13  4.8756422782832953e-14  4.940529710642702e-15  2.316833089317742e-16  3.88859253840949e-18  
4.51149923232409e-11  4.447452882701987e-11  4.378483586101266e-11  4.302939010239497e-11  4.2186999284029444e-11  4.123074620999992e-11  4.0126903600017e-11  3.883401413093944e-11  3.7302508451313545e-11  3.547551174352842e-11  3.329188018719967e-11  3.069297033014872e-11  2.7634990703157165e-11  2.410853763521473e-11  2.016514535940383e-11  1.5946069984933148e-11  1.1700304085336776e-11  7.769434619220476e-12  4.516186918266639e-12  2.1981829046728716e-12  8.444108604718597e-13  2.3656757254142554e-13  4.350568945346103e-14  4.56409942010201e-15  2.265040020462101e-16  
1.070088040955891e-10  9.367066378212574e-11  8.190857686097392e-11  7.152271689079876e-11  6.233667484485341e-11  5.419465420128206e-11  4.695912321175369e-11  4.050893765203854e-11  3.473797441468559e-11  2.9554344174400025e-11  2.488027142560214e-11  2.0652722420792615e-11  1.6824786492178833e-11  1.336760780154103e-11  1.0272235258089136e-11  7.550047166764997e-12  5.229522040064304e-12  3.3466193412260994e-12  1.9271705590954866e-12  9.64091062106392e-13  3.9977585078959995e-13  1.2907253894840777e-13  2.9848494887303634e-14  4.423290628203208e-15  3.621135426316701e-16  
4.075806802756883e-11  4.0326670418101945e-11  3.9842442313995113e-11  3.928853506732473e-11  3.8643277859815576e-11  3.787908869059588e-11  3.6961370320675115e-11  3.5847609865476316e-11  3.448709765121099e-11  3.282198406807994e-11  3.0790810465938263e-11  2.833611957497304e-11  2.5418037678349956e-11  2.203525526437745e-11  1.8252566084739952e-11  1.4228717498352785e-11  1.022941041664925e-11  6.6016555791121994e-12  3.689233867447983e-12  1.70156745840259e-12  6.075555898011239e-13  1.541938711933053e-13  2.4822525842964818e-14  2.177632894296454e-15  8.502635412205644e-17  
7.394303838479426e-11  6.682518262420975e-11  6.034293361059211e-11  5.44298523498324e-11  4.902456673753488e-11  4.407017229551935e-11  3.9513734297699044e-11  3.530592925243787e-11  3.140088786881337e-11  2.7756334475802066e-11  2.433415839498761e-11  2.110159371539648e-11  1.8033204163922126e-11  1.5113822046512417e-11  1.2342386294607116e-11  9.7361310711171e-12  7.333660293342069e-12  5.194146492536551e-12  3.38881561920183e-12  1.9816582813499243e-12  1.0013750246734188e-12  4.16487878760682e-13  1.3361100607021771e-13  3.031842010392386e-14  4.335527040246634e-15  
9.633697455835167e-11  8.424409790462043e-11  7.363310377780096e-11  6.431657063336072e-11  5.612988229233234e-11  4.892835532820373e-11  4.258473884243812e-11  3.6987054272486075e-11  3.203675449593572e-11  2.7647194825535937e-11  2.3742423867165454e-11  2.025631910152015e-11  1.7132107788692795e-11  1.4322321255700948e-11  1.1789214427324614e-11  9.505614140802152e-12  7.455995166777823e-12  5.637271691481284e-12  4.058322242566677e-12  2.736774644213214e-12  1.6915290886876733e-12  9.30772083165124e-13  4.3862730113638407e-13  1.6810729201440098e-13  4.8907861112337185e-14  
4.197983013609548e-11  4.154086049524091e-11  4.10401745128693e-11  4.045833218247621e-11  3.977040367566874e-11  3.894479747553013e-11  3.794214014771279e-11  3.671450515675528e-11  3.520553536900547e-11  3.335237077811497e-11  3.1090768438043804e-11  2.8365266513826656e-11  2.5146337716774548e-11  2.145541363472519e-11  1.7395153893927425e-11  1.3175116672618301e-11  9.112863204106294e-12  5.584445605630183e-12  2.912025456240162e-12  1.2243819882597151e-12  3.863343537332566e-13  8.312897933369129e-14  1.0735788001080856e-14  7.01881045645756e-16  1.8511216854852435e-17  
3.483566957276847e-11  3.473712609106658e-11  3.45948806828638e-11  3.4394895247389583e-11  3.4118893858957966e-11  3.3743291225889026e-11  3.323801547199594e-11  3.256536376290769e-11  3.167918116672997e-11  3.0524901097933816e-11  2.9041355105712875e-11  2.7165738104574448e-11  2.48435765624408e-11  2.204561323998777e-11  1.879237761561684e-11  1.518354927109852e-11  1.1421852132049863e-11  7.811290773530928e-12  4.704700849859988e-12  2.3920013944300363e-12  9.702208648679658e-13  2.9116177464776147e-13  5.846728338124272e-14  6.8708700073518274e-15  3.952092743844222e-16  
2.957497056286177e-11  3.043601425024664e-11  3.1264973274749286e-11  3.2038385987340045e-11  3.2724476709192426e-11  3.328080926228203e-11  3.365168437994532e-11  3.3765636888470836e-11  3.3533797340697193e-11  3.28505430798795e-11  3.159880251631368e-11  2.9663441851924525e-11  2.6956753928159887e-11  2.3458730762871148e-11  1.926899395435207e-11  1.4654319953555943e-11  1.0057008241057978e-11  6.018554943172663e-12  3.000531434701949e-12  1.1725532732319331e-12  3.3114511916639453e-13  6.064748075608882e-14  6.234236913759942e-15  2.9667082053141126e-16  5.055119650333865e-18  
7.512414080786662e-11  6.754961417091812e-11  6.066852779521451e-11  5.4404344717094254e-11  4.868662203854063e-11  4.345036658596125e-11  3.863557180897942e-11  3.4187006538451543e-11  3.0054362180689856e-11  2.6192907209724374e-11  2.2564835992293514e-11  1.9141505683574253e-11  1.5906672356842296e-11  1.2860563288381307e-11  1.0024013098307278e-11  7.44083330049175e-12  5.175217696447971e-12  3.300145983273387e-12  1.874392602013173e-12  9.123098348814445e-13  3.6142433246117217e-13  1.0880944174024806e-13  2.2715670926756988e-14  2.9105006804489626e-15  1.9448263424393214e-16  
8.178779587956924e-11  6.993976764710535e-11  5.979077147798352e-11  5.1094775322825295e-11  4.364105944529554e-11  3.7249116302784824e-11  3.1764288868181664e-11  2.7054043894120333e-11  2.3004793086889506e-11  1.9519189922988094e-11  1.651384334966604e-11  1.3917402197132784e-11  1.166897588897952e-11  9.716867538124972e-12  8.017603264310297e-12  6.535243103928146e-12  5.240947503863507e-12  4.1127380053035426e-12  3.13531660875733e-12  2.299684345369558e-12  1.6021402247522867e-12  1.0421316229609936e-12  6.185745156848314e-13  3.2497543040473257e-13  1.4508342506016924e-13  
4.8859431192438646e-11  4.7881235516855084e-11  4.684558064833154e-11  4.5732002527582657e-11  4.4514624894466247e-11  4.3161134778014216e-11  4.163189587041372e-11  3.987952975520955e-11  3.7849543309573797e-11  3.548293513318573e-11  3.27221473248332e-11  2.952209666202298e-11  2.5867929494780966e-11  2.179980004021977e-11  1.74411585148943e-11  1.3019766843345818e-11  8.861328474811924e-12  5.3318417284059915e-12  2.7220074551997177e-12  1.11617633538824e-12  3.4171732283722673e-13  7.085408396724587e-14  8.737406819707478e-15  5.388288154610017e-16  1.318853556906008e-17  
2.248296100592983e-11  2.3559328590146674e-11  2.4650651311195335e-11  2.5741580922672537e-11  2.681000995507503e-11  2.782478236565933e-11  2.8742884179168038e-11  2.950621851720973e-11  3.003832931159684e-11  3.024191765662627e-11  2.9998790665945274e-11  2.9175039220681676e-11  2.7635579426028296e-11  2.5272960223085347e-11  2.2053693339604552e-11  1.807810716775761e-11  1.3633729859157883e-11  9.200040485981934e-12  5.352707079049368e-12  2.5555831662949226e-12  9.37347899717917e-13  2.4188878433118346e-13  3.905776940972657e-14  3.374917955949287e-15  1.266834930409645e-16  
7.37745550731927e-11  6.82442035499308e-11  6.305469762560137e-11  5.816910375956832e-11  5.355066068028924e-11  4.916248634310649e-11  4.49674241445946e-11  4.092814889632781e-11  3.700772194390617e-11  3.3170876087737434e-11  2.9386414652847496e-11  2.5631187985525684e-11  2.18960727441834e-11  1.8194040826955765e-11  1.456947046258859e-11  1.1105997482346123e-11  7.927439747424994e-12  5.183841673646465e-12  3.015929709388495e-12  1.5014657621679064e-12  6.072439969540332e-13  1.8615104988223884e-13  3.94352317090713e-14  5.103819577787526e-15  3.4239072225806277e-16  
2.4185439687303324e-11  2.5457391187265937e-11  2.6742145209073597e-11  2.801614271002621e-11  2.924555639069482e-11  3.0382982740940253e-11  3.13635944679268e-11  3.2101150869130446e-11  3.2484821124231237e-11  3.2378711869925114e-11  3.1627366457243907e-11  3.0072117640540794e-11  2.75841420958707e-11  2.4118187510072634e-11  1.9782396120773415e-11  1.490069829505895e-11  1.0018100614055463e-11  5.788369699395474e-12  2.7325674756563994e-12  9.852823494673352e-13  2.4802496556193826e-13  3.866582274288517e-14  3.1816288745124905e-15  1.116623572976834e-16  1.2579821176074917e-18  
2.4689768829226026e-11  2.6656510368366542e-11  2.870799268773892e-11  3.08143612095588e-11  3.2928427048044995e-11  3.497935018232822e-11  3.6865142600927e-11  3.844477807018979e-11  3.9531893348812195e-11  3.989408219236169e-11  3.926466983178403e-11  3.737692099705988e-11  3.403140168394375e-11  2.920017847314847e-11  2.3148639203979943e-11  1.651345766091089e-11  1.0233842682042597e-11  5.257091284204347e-12  2.1027051931552223e-12  6.024101282740203e-13  1.1059960139146004e-13  1.1217818265161195e-14  5.157107120349216e-16  8.253341508477942e-18  3.233963840024453e-20  
8.689916074886407e-11  7.807679865954068e-11  7.011321622001502e-11  6.291772909332155e-11  5.640788405484005e-11  5.050852228408257e-11  4.515094655929082e-11  4.027220211413294e-11  3.581449323047942e-11  3.1724775198800884e-11  2.795458534856852e-11  2.4460207524675262e-11  2.1203298224264105e-11  1.815212794952667e-11  1.528358011366606e-11  1.2585946091550285e-11  1.0062265640167423e-11  7.733370092110072e-12  5.6388350929264165e-12  3.832973403586917e-12  2.3727076771555634e-12  1.2964657407974745e-12  5.998078807369055e-13  2.2227747144234152e-13  6.127314113262898e-14  
3.046494500082376e-11  3.194551384717587e-11  3.34266448031734e-11  3.4877077941999246e-11  3.625264466819908e-11  3.749229706764009e-11  3.8513618873955284e-11  3.920841513000989e-11  3.943971362244577e-11  3.904270614301e-11  3.78338342164432e-11  3.5634016087389404e-11  3.2312618802759477e-11  2.7855250624132648e-11  2.2446116913232303e-11  1.6531116094125342e-11  1.079836959268357e-11  6.010784273365459e-12  2.7030056123871065e-12  9.14539486105779e-13  2.117325740907137e-13  2.955617096574206e-14  2.1013627760981324e-15  6.076058520480684e-17  5.29289684079799e-19  
5.791366475376013e-11  5.6591722156217305e-11  5.52302992328996e-11  5.381110915426527e-11  5.231100972667473e-11  5.0700965294027525e-11  4.89450071490653e-11  4.699939818610232e-11  4.481238651854419e-11  4.232520834700225e-11  3.9475384673437806e-11  3.6203808046304074e-11  3.24674553810231e-11  2.825933307035075e-11  2.363556553802119e-11  1.874508490008141e-11  1.3849292288249054e-11  9.309370216495156e-12  5.5166492178883125e-12  2.763354515397481e-12  1.1062645592516726e-12  3.2845657790548835e-13  6.546380916731127e-14  7.668277370487352e-15  4.4216250663809014e-16  
8.346336497843805e-11  7.425812966410273e-11  6.603263788810078e-11  5.867619486796355e-11  5.20894836158098e-11  4.618325123278623e-11  4.0877152843061404e-11  3.6098754231812987e-11  3.1782705142879834e-11  2.7870109859286166e-11  2.430814079912851e-11  2.1049963853326915e-11  1.8055067291651828e-11  1.5290098452161772e-11  1.2730289949899697e-11  1.0361454188004541e-11  8.182270090212632e-12  6.206098827281756e-12  4.460833064790046e-12  2.9845491896742586e-12  1.8147757569644567e-12  9.714072298078977e-13  4.386802936881227e-13  1.5792065657899544e-13  4.201811822466162e-14  
1.0045582634948898e-10  8.86097546427666e-11  7.80951438916388e-11  6.875135241670591e-11  6.043539036087943e-11  5.30198452187945e-11  4.639111396480179e-11  4.0447954065462493e-11  3.510038754148249e-11  3.0269018471657213e-11  2.5884851900873087e-11  2.1889721619349573e-11  1.8237423791324555e-11  1.4895569814679974e-11  1.1847943346948267e-11  9.096680473612938e-12  6.662831902306984e-12  4.5829542004284064e-12  2.898954308895744e-12  1.639869551036842e-12  7.992160742644232e-13  3.1931764254931064e-13  9.788221335215337e-14  2.107297663965898e-14  2.832092549892845e-15  
4.478169346788582e-11  4.257649808680593e-11  4.044723568633051e-11  3.83831250751811e-11  3.637211027584458e-11  3.440055582553961e-11  3.2452935563497305e-11  3.0511558832056184e-11  2.8556416117760775e-11  2.6565286180502847e-11  2.4514335383843857e-11  2.2379559065649097e-11  2.0139549507951076e-11  1.778016980939912e-11  1.5301631137335895e-11  1.2727947152386468e-11  1.0117377747342516e-11  7.569940787468867e-12  5.224747124284123e-12  3.238141657232957e-12  1.7385798936632302e-12  7.708550562661286e-13  2.647936185316986e-13  6.471879303183904e-14  1.0047152062371895e-14  
6.854341249462041e-11  6.280786183367408e-11  5.74921796763724e-11  5.255315077342364e-11  4.7949298270598517e-11  4.3640556884204804e-11  3.9588053758476894e-11  3.575407401795832e-11  3.210233186863259e-11  2.859872650265663e-11  2.52128299525007e-11  2.1920410847114788e-11  1.8707291209369694e-11  1.5574655038735737e-11  1.2545395564104007e-11  9.669977044802795e-12  7.0285080004031774e-12  4.723800368275068e-12  2.8600115462866454e-12  1.5064890684340175e-12  6.59045506956125e-13  2.2507017409882239e-13  5.5246456360690946e-14  8.730568249783965e-15  7.669141730372574e-16  
8.824792733052362e-11  7.708740286770392e-11  6.728810260608761e-11  5.867607381597867e-11  5.109843397378222e-11  4.442073425721731e-11  3.852469380295357e-11  3.330628741962729e-11  2.8674185346643347e-11  2.4548561685645743e-11  2.0860306853232293e-11  1.7550693985251098e-11  1.4571548170959663e-11  1.1885927668326074e-11  9.46920829919616e-12  7.310211296582637e-12  5.41158541103909e-12  3.788088468985116e-12  2.4610049282212123e-12  1.4474196280329558e-12  7.455116644256415e-13  3.217171929746463e-13  1.0965440986010326e-13  2.728567257981301e-14  4.4629959854507655e-15  
5.83866002886551e-11  5.602779225411665e-11  5.3697656288158684e-11  5.13794025297668e-11  4.905295381000267e-11  4.6694345547679195e-11  4.4275200151152803e-11  4.176244680389639e-11  3.9118584060258544e-11  3.630296804634705e-11  3.3274852166633875e-11  2.999916147919902e-11  2.6456113945030324e-11  2.265547273216213e-11  1.86548311459261e-11  1.4578107092090152e-11  1.062499755935382e-11  7.0562619921865376e-12  4.139715551982224e-12  2.0585247939053085e-12  8.210720332974387e-13  2.4406629768810195e-13  4.9016866122171165e-14  5.83578752158716e-15  3.4596509855972505e-16  
2.1050724192514155e-10  1.6690433076858357e-10  1.3227075186517762e-10  1.047580814475079e-10  8.289872708085205e-11  6.552750044994916e-11  5.171935936552121e-11  4.0739992299381855e-11  3.2006605321885005e-11  2.505681646222373e-11  1.952399501361753e-11  1.5117725606715147e-11  1.1608346112079172e-11  8.814717151549843e-12  6.5945377573185505e-12  4.836632044130477e-12  3.4547004765241785e-12  2.382066077633052e-12  1.5669761922326055e-12  9.68101143910818e-13  5.500982519163777e-13  2.7957686006109135e-13  1.224451633312895e-13  4.3975335686497285e-14  1.212169367729208e-14  
8.141511026806853e-11  7.375864462276375e-11  6.674264225864438e-11  6.029812968948985e-11  5.436058570040434e-11  4.886943975078589e-11  4.376775711869005e-11  3.900220676399076e-11  3.4523456256746224e-11  3.0287196372381315e-11  2.6256052956585385e-11  2.2402659614520954e-11  1.871406450505211e-11  1.519728943446839e-11  1.1885053300374701e-11  8.839255823165127e-12  6.1479774034413774e-12  3.910623462442835e-12  2.2080827653762265e-12  1.0636100638128002e-12  4.145085948183996e-13  1.2178094793961025e-13  2.4546807899939593e-14  2.993687082604621e-15  1.868261568738688e-16  
6.467026527015736e-11  6.125506941162275e-11  5.792019591120049e-11  5.464100218174211e-11  5.138952852916814e-11  4.813416957817374e-11  4.483967927236242e-11  4.1467827532162426e-11  3.7979202251640924e-11  3.433686371888295e-11  3.051274856371614e-11  2.6497720699892365e-11  2.2315629164367823e-11  1.8040081145763956e-11  1.3809230297633445e-11  9.82874754764889e-12  6.348696606382252e-12  3.6030748679718425e-12  1.7207635127493764e-12  6.528808250019811e-13  1.822556237227122e-13  3.379210874018811e-14  3.630496300283004e-15  1.8840565083421383e-16  3.705089489429125e-18  
8.759041415886217e-11  7.88110059625621e-11  7.085210357664844e-11  6.362571470665505e-11  5.70511719463738e-11  5.1054297697696596e-11  4.556670936036382e-11  4.0525306583940075e-11  3.5872009421307e-11  3.155385219372265e-11  2.7523580885752475e-11  2.3740942497008067e-11  2.017486744871104e-11  1.6806675832202453e-11  1.3634185466195737e-11  1.0676020305947618e-11  7.974383554943845e-12  5.593166013628305e-12  3.60725606479969e-12  2.0801801303752747e-12  1.033289588677955e-12  4.2065606828356374e-13  1.3133929128051753e-13  2.878660020786052e-14  3.9360575728894144e-15  
4.544575897799207e-11  4.2889148230871853e-11  4.042740941594283e-11  3.8045521927504024e-11  3.572700175118743e-11  3.3453632013079336e-11  3.1205272832541996e-11  2.8959855202019587e-11  2.6693731990425268e-11  2.4382654963856687e-11  2.2003765055824413e-11  1.9539094276513598e-11  1.698109807093084e-11  1.434048712902331e-11  1.1655799898270616e-11  9.002376994586395e-12  6.4955717669510065e-12  4.280213682314674e-12  2.4989444633087375e-12  1.2415436396038891e-12  4.97400823389783e-13  1.4956119660333206e-13  3.0671273863484397e-14  3.775843941367131e-15  2.353677866337207e-16  
6.256225107258263e-11  5.8007090294410837e-11  5.369480005286797e-11  4.9593697396219515e-11  4.567144082779462e-11  4.189491562818603e-11  3.823039487602494e-11  3.4644180748253254e-11  3.110402814892243e-11  2.7581760888991e-11  2.4057565659044885e-11  2.0526385021256215e-11  1.700642113527517e-11  1.3548687037899612e-11  1.0244483236289481e-11  7.2247593228535766e-12  4.643067501538476e-12  2.636190161389597e-12  1.2687961409546934e-12  4.899118772730143e-13  1.41007029117491e-13  2.742848292411836e-14  3.1640872155571786e-15  1.818444011655557e-16  4.1269981754798865e-18  
9.933194269569426e-11  8.718073751157963e-11  7.648041390815978e-11  6.705183355376921e-11  5.873703497580246e-11  5.1396619761845905e-11  4.490746843249349e-11  3.916075955638525e-11  3.406027656546438e-11  2.952099965325126e-11  2.5467995600695446e-11  2.1835636136180525e-11  1.8567193329830633e-11  1.5614872144388715e-11  1.294033107973896e-11  1.0515683802118183e-11  8.32482185102989e-12  6.364593061089618e-12  4.644880040974685e-12  3.1860466038744855e-12  2.0119770771077855e-12  1.1379195404804982e-12  5.555816657974217e-13  2.2296464841460513e-13  6.889331836458554e-14  
4.2057428002695255e-11  4.163951103132922e-11  4.11352453207626e-11  4.051816754577019e-11  3.975467788662647e-11  3.880282522138306e-11  3.761146513257559e-11  3.612038032240021e-11  3.4262351485923386e-11  3.196868159331058e-11  2.918017448550472e-11  2.5865648930591303e-11  2.2048866094807227e-11  1.7840860527548254e-11  1.3466765202133585e-11  9.265361532384989e-12  5.6336431903827455e-12  2.90498162135595e-12  1.2024123394500644e-12  3.7126740122534505e-13  7.755219284031136e-14  9.619841472423079e-15  5.955541658791725e-16  1.4594544259118794e-17  1.0392945776299048e-19  
8.287185301322114e-11  7.408482805991553e-11  6.617138840335117e-11  5.903408027612807e-11  5.258445452478379e-11  4.674205911657207e-11  4.143359958556705e-11  3.659230259157223e-11  3.2157541790993035e-11  2.8074815911483077e-11  2.4296203391180408e-11  2.0781445776639663e-11  1.7499807628594984e-11  1.443277181616375e-11  1.1577366676514395e-11  8.949367170717703e-12  6.584687475950352e-12  4.536153182751674e-12  2.8622956089875673e-12  1.606570255631892e-12  7.714125211296193e-13  3.0078985986802715e-13  8.885368024200348e-14  1.8126443462028944e-14  2.2571104278288343e-15  
8.412437469395295e-11  7.644882368113823e-11  6.939056158516377e-11  6.288360271874465e-11  5.68657609880965e-11  5.127819045567134e-11  4.6065114612467266e-11  4.117385060936535e-11  3.6555288750790956e-11  3.216505351191778e-11  2.7965636312446706e-11  2.392981342878268e-11  2.0045559860759825e-11  1.6322287564938887e-11  1.2797353072968625e-11  9.54020953386337e-12  6.649511381539782e-12  4.237159436858639e-12  2.3956510282423836e-12  1.154819487840265e-12  4.500361065655155e-13  1.3207486704609086e-13  2.655558853316302e-14  3.2246161174711816e-15  1.9986681949626918e-16  
1.4391716144670582e-10  1.190632807095049e-10  9.845891686691417e-11  8.137321811764877e-11  6.720065730225555e-11  5.543953889472868e-11  4.567420809917455e-11  3.756033314637681e-11  3.08127423589332e-11  2.5195389742105495e-11  2.0513099751424276e-11  1.6604805520259024e-11  1.3338045980435313e-11  1.0604524957574287e-11  8.316555881216516e-12  6.404212399313463e-12  4.812968508537244e-12  3.5015346237847107e-12  2.4394878546491405e-12  1.6042121394023146e-12  9.7675150765308e-13  5.36676151512718e-13  2.5714218795995317e-13  1.0264401449160547e-13  3.211771813926543e-14  
1.0555910900171017e-10  9.275169292722067e-11  8.138769568114757e-11  7.12869312328251e-11  6.228927629380962e-11  5.4252453673099626e-11  4.7050278735407406e-11  4.0571427398438896e-11  3.4718818300182087e-11  2.9409730181029295e-11  2.4576776737518038e-11  2.0169791342230577e-11  1.6158456424168017e-11  1.2535038709675798e-11  9.31576766613014e-12  6.538292240601058e-12  4.25182728146422e-12  2.497476878840991e-12  1.2808702204187514e-12  5.481945978029031e-13  1.8432499122158722e-13  4.4926968335109085e-14  7.130198450226672e-15  6.385916318644405e-16  2.6668641535558892e-17  
1.2556453254262558e-10  1.1022017014563602e-10  9.666106838093928e-11  8.466500213861595e-11  7.403525560147946e-11  6.459757277119639e-11  5.619757695836055e-11  4.869867028850424e-11  4.1980453301898716e-11  3.5937737227923213e-11  3.048025133866684e-11  2.5533158798128868e-11  2.1038452229075192e-11  1.695714210165931e-11  1.327178214263134e-11  9.988195697313443e-12  7.134276317868201e-12  4.752790298235256e-12  2.8852900537291985e-12  1.5474341549966301e-12  7.035051056067669e-13  2.5657755567668225e-13  6.975047737861885e-14  1.2814092288129394e-14  1.3959805101699535e-15  
7.63632709570006e-11  6.800305731637415e-11  6.052877845631719e-11  5.38412021463595e-11  4.785125774874789e-11  4.247886694802826e-11  3.765190954044116e-11  3.330532313517702e-11  2.9380344227717987e-11  2.5823909806787087e-11  2.258825421757669e-11  1.9630755493125952e-11  1.6914106785899674e-11  1.440690508529515e-11  1.2084744694520753e-11  9.931844017376184e-12  7.94306528492045e-12  6.125834460225162e-12  4.500885064986203e-12  3.1000403964919872e-12  1.958907173651968e-12  1.103458705547456e-12  5.332733662777866e-13  2.1008737661461808e-13  6.302434443651796e-14  
1.1555657540562361e-10  1.0064799983069043e-10  8.761438156167715e-11  7.621233939810541e-11  6.622896704360871e-11  5.74779121121621e-11  4.9795981585988173e-11  4.304022669336462e-11  3.7085476510339894e-11  3.182230773002326e-11  2.7155457995737666e-11  2.3002710389710273e-11  1.9294292023110294e-11  1.5972828219595154e-11  1.2993851735069436e-11  1.0326743270523216e-11  7.955719538208342e-12  5.880042824617921e-12  4.112046765627257e-12  2.671159315399219e-12  1.5726102367075208e-12  8.120331969389856e-13  3.5201210036807743e-13  1.2084683339374157e-13  3.0396184140380494e-14  
1.0718458156544151e-10  8.97654089196686e-11  7.514962214578528e-11  6.28829171152763e-11  5.2584285164435136e-11  4.3934170974286704e-11  3.6664551972846527e-11  3.055063313110977e-11  2.5403902426841318e-11  2.106633600746725e-11  1.7405579482773345e-11  1.4310963690139513e-11  1.1690239940499464e-11  9.466940373691626e-12  7.578281119354408e-12  5.973524376075055e-12  4.612691967324709e-12  3.4654669857387173e-12  2.5100256999282484e-12  1.7314250709189768e-12  1.1191047978298994e-12  6.632152866826095e-13  3.5009574222113785e-13  1.583826915845652e-13  5.832670683641319e-14  
5.0966940215316675e-11  4.923661695267043e-11  4.7468472531855926e-11  4.563997046294513e-11  4.3723604633356005e-11  4.1686324877944665e-11  3.9489375031467985e-11  3.7088994184815264e-11  3.4438694188540086e-11  3.149414302889347e-11  2.822194899650465e-11  2.461357325164198e-11  2.070462610831657e-11  1.6597037738372852e-11  1.2476241860942254e-11  8.608320445990495e-12  5.298114171397646e-12  2.7998785590730795e-12  1.207530066959036e-12  3.9715613812205914e-13  9.100708894547489e-14  1.2879345740118958e-14  9.58545044600464e-16  3.027928482839144e-17  3.050430788182215e-19  
1.800109416376409e-10  1.43632288768637e-10  1.1458990982968994e-10  9.1403358976681e-11  7.28908858021334e-11  5.810917000335753e-11  4.630521658280445e-11  3.687795840656218e-11  2.934760807972308e-11  2.3331196385207805e-11  1.852305013416716e-11  1.467921427930545e-11  1.1605024377661893e-11  9.145196169362346e-12  7.175927254888854e-12  5.598607946550873e-12  4.334819191623767e-12  3.322358544317594e-12  2.5120828240360914e-12  1.8653896354445295e-12  1.3521801455842596e-12  9.4915418616413e-13  6.382918662292742e-13  4.053891529304227e-13  2.3856897358949946e-13  
1.288890915855853e-10  1.1266530386070819e-10  9.838493033460746e-11  8.579975307405603e-11  7.469109129039306e-11  6.486620761059653e-11  5.615528008317674e-11  4.8408944257249133e-11  4.1496440400047956e-11  3.530443307797781e-11  2.973659548897223e-11  2.471404896110668e-11  2.017667848116732e-11  1.608513849732053e-11  1.2422923373972807e-11  9.197124055860069e-12  6.4355026790899115e-12  4.176808417778791e-12  2.4521254761503447e-12  1.2593526710437815e-12  5.411070315654551e-13  1.832789513022092e-13  4.520440023481031e-14  7.303670875411619e-15  6.713107560713459e-16  
6.06158293791932e-11  5.722859325581338e-11  5.397184577515997e-11  5.0826588064805654e-11  4.7772045743143817e-11  4.478530046229414e-11  4.1840990883760365e-11  3.8911195118020226e-11  3.5965683984961206e-11  3.2972846299129427e-11  2.9901733429078016e-11  2.672582709189808e-11  2.3429224071850496e-11  2.001577265452454e-11  1.6520948354531898e-11  1.3024437890945728e-11  9.658161341781777e-12  6.600449671355031e-12  4.0454861937841006e-12  2.144453029006868e-12  9.366600126721981e-13  3.1602718492612807e-13  7.556984115604701e-14  1.1417909350295605e-14  9.35274701746082e-16  
5.661009357747794e-11  5.560331821521586e-11  5.4520625326733035e-11  5.333658219772317e-11  5.20189598336839e-11  5.0527451929254624e-11  4.881258434890231e-11  4.681524733223851e-11  4.4467604959928266e-11  4.1696592042862185e-11  3.843175369630734e-11  3.46196122913384e-11  3.024652353809128e-11  2.5370046098665373e-11  2.0153651830664287e-11  1.4890093001114527e-11  9.987344506805659e-12  5.88852742340833e-12  2.9234224273346533e-12  1.1539845726747637e-12  3.355220829724105e-13  6.488846128596447e-14  7.285860998739014e-15  3.9619220168309054e-16  8.192577951402292e-18  
8.631111840705921e-11  7.646398318302373e-11  6.770336373673625e-11  5.9902884827211e-11  5.294976697255723e-11  4.674323021537418e-11  4.119309473845876e-11  3.621857459631237e-11  3.174727197771712e-11  2.771439396485757e-11  2.406223218256618e-11  2.0739967207252792e-11  1.770388001079467e-11  1.4918060946536746e-11  1.2355678814558537e-11  1.0000764168894231e-11  7.850205159842324e-12  5.915180236478282e-12  4.220563992494114e-12  2.80020128787002e-12  1.6861274966212592e-12  8.921273335197329e-13  3.9725229658617635e-13  1.4054953528104128e-13  3.659357669532933e-14  
4.9900939157434846e-11  4.903441440646402e-11  4.809941476487921e-11  4.70732102447863e-11  4.592698680229846e-11  4.462470099458986e-11  4.312210863522916e-11  4.136635772592473e-11  3.9296826373125115e-11  3.684829606104957e-11  3.395803844211113e-11  3.057877162584379e-11  2.6699221045297617e-11  2.2372238831458673e-11  1.7745708477258783e-11  1.3082883571599554e-11  8.748681730447433e-12  5.136640028103688e-12  2.5355266643033792e-12  9.930697989840603e-13  2.856949232730191e-13  5.4468858916898234e-14  5.9996294668549884e-15  3.179530249091637e-16  6.3517232282941306e-18  
7.240536962447205e-11  6.709542073331073e-11  6.212639492443444e-11  5.746555220811482e-11  5.308067973753267e-11  4.89397635872839e-11  4.5010700724820196e-11  4.12611030203448e-11  3.765828124654023e-11  3.4169550492743783e-11  3.0763072248517764e-11  2.7409539115268146e-11  2.408509485698782e-11  2.077590686100701e-11  1.7484643198674885e-11  1.4238527711146117e-11  1.1097353204746764e-11  8.157645596294701e-12  5.5466012710629545e-12  3.3986382239325795e-12  1.8127125129058087e-12  8.035315491906062e-13  2.7830979666635766e-13  6.936961976071171e-14  1.114988196050852e-14  
3.105176228928811e-11  3.140941709833265e-11  3.170523155636512e-11  3.191525978013923e-11  3.200816773702018e-11  3.194353026753166e-11  3.1670201492371096e-11  3.1125234375695704e-11  3.0234229329221296e-11  2.8914577149673998e-11  2.7083767384225093e-11  2.467546371562181e-11  2.1665630451537742e-11  1.81081465609942e-11  1.4172121271052497e-11  1.016095675068832e-11  6.4815523271065335e-12  3.5378560733452843e-12  1.5687154011852046e-12  5.272157091745838e-13  1.2244191911523478e-13  1.73715483144825e-14  1.277405620848434e-15  3.910280887051791e-17  3.719922961148778e-19  
8.221622802904811e-11  7.44167931676862e-11  6.726539306825627e-11  6.06906906541515e-11  5.4625892114771565e-11  4.900829165346267e-11  4.377905662446242e-11  3.8883376096705514e-11  3.427115222458745e-11  2.9898475844358336e-11  2.573017234439008e-11  2.1743675703583407e-11  1.7934278279095e-11  1.432123366660374e-11  1.0953050573622343e-11  7.908553871130893e-12  5.288479072132347e-12  3.192423789839575e-12  1.6812926247589644e-12  7.381290374824535e-13  2.5423071836267695e-13  6.335481149132354e-14  1.0254453915622732e-14  9.33509396948893e-16  3.944955740319736e-17  
7.14491268219263e-11  6.673154173053624e-11  6.225602649262769e-11  5.799442171235386e-11  5.391757742959663e-11  4.9995024992590606e-11  4.619475704611415e-11  4.2483237118517785e-11  3.882583643359375e-11  3.518800143396505e-11  3.153758594832646e-11  2.7848905859253058e-11  2.4109104065227668e-11  2.0327160351362628e-11  1.6545013984864134e-11  1.284836099696665e-11  9.371548810314047e-12  6.287538040190362e-12  3.773553718298144e-12  1.9519958355524333e-12  8.282084969593758e-13  2.697910557271108e-13  6.178218340929896e-14  8.843020265894961e-15  6.763453082402976e-16  
1.0515146034595729e-10  9.31608050242691e-11  8.246669387828268e-11  7.291671602453667e-11  6.437438293721372e-11  5.67172998940289e-11  4.983561665986832e-11  4.3630782130691384e-11  3.8014652778237825e-11  3.2909035521241e-11  2.8245778609395866e-11  2.396754802659082e-11  2.0029415358098455e-11  1.6401283707066708e-11  1.3070903743289946e-11  1.004666956503191e-11  7.358466228056962e-12  5.053746454724825e-12  3.185534390373714e-12  1.790885160253068e-12  8.643692083511761e-13  3.40392399890436e-13  1.0219802276566071e-13  2.136940349388918e-14  2.758221305405957e-15  
9.364097035236222e-11  8.407679203616415e-11  7.541326298895218e-11  6.755140903038805e-11  6.040057727587436e-11  5.387752239329592e-11  4.790568779761542e-11  4.2414745502676e-11  3.734049455788161e-11  3.262526300180682e-11  2.8219005155504593e-11  2.408131400168405e-11  2.0184529676076963e-11  1.6517928558394006e-11  1.309247952281477e-11  9.944694401004272e-12  7.136661957903917e-12  4.747952491911748e-12  2.8553202311594895e-12  1.5007602622994413e-12  6.591246303671366e-13  2.2782884809997784e-13  5.721943901343111e-14  9.386650834158651e-15  8.726079936953084e-16  
1.5121220298328118e-10  1.2165497718322212e-10  9.783816461640566e-11  7.864428721895793e-11  6.317326364303482e-11  5.070012829750509e-11  4.064098365415339e-11  3.2525586982220265e-11  2.5975284749955288e-11  2.0685259493090346e-11  1.6410256659798593e-11  1.29531219967053e-11  1.0155610473187182e-11  7.891030558563014e-12  6.058365862229325e-12  4.577570730493839e-12  3.385766876335352e-12  2.43407446758419e-12  1.6847990479517604e-12  1.1086875679908592e-12  6.820170205521469e-13  3.834796863822489e-13  1.9126271837964494e-13  8.130106582639985e-14  2.7924561919181117e-14  
1.492781514742419e-10  1.2848595728895745e-10  1.1051452839826688e-10  9.497050661672152e-11  8.151401537778041e-11  6.985131558081548e-11  5.972852485378013e-11  5.092628618242522e-11  4.32553018569935e-11  3.6552678485174116e-11  3.06790570251422e-11  2.551652359607934e-11  2.0967300839168762e-11  1.6953183217450243e-11  1.3415564225023885e-11  1.0315655143535647e-11  7.634066207408147e-12  5.3683424776813645e-12  3.5265814222057133e-12  2.1156050727013076e-12  1.12442504658794e-12  5.08514686499127e-13  1.8542405339784926e-13  5.073766687021212e-14  9.466888491239938e-15  
8.331113579875932e-11  7.341159245722685e-11  6.463073264866136e-11  5.683256181960683e-11  4.9896136170308464e-11  4.3713794782969964e-11  3.8189661480284216e-11  3.323842886383467e-11  2.8784456256852815e-11  2.476123580825378e-11  2.11113033914991e-11  1.778668346157722e-11  1.4749938131747826e-11  1.1975799517374606e-11  9.453135934701827e-12  7.186560339978441e-12  5.196308121560127e-12  3.5142782624762412e-12  2.1740115434842414e-12  1.194151772807518e-12  5.597706731900837e-13  2.1239863188803954e-13  6.079445435546107e-14  1.1948519264556906e-14  1.4224947306643989e-15  
4.337114949294322e-11  4.2492316669411833e-11  4.158103968683636e-11  4.062382299164588e-11  3.960348973411086e-11  3.8498360646370485e-11  3.728140491306087e-11  3.5919503807586915e-11  3.4373097651139367e-11  3.259669028612679e-11  3.054097671427327e-11  2.8157718296087588e-11  2.5408801352850232e-11  2.2280865074375455e-11  1.8805827574592733e-11  1.508457590759877e-11  1.1305157157908786e-11  7.739002981856404e-12  4.695039380515107e-12  2.4246255946270663e-12  1.0101175921654178e-12  3.1601719230716537e-13  6.747995579896473e-14  8.6584749792078e-15  5.632957392991083e-16  
5.260125782915543e-11  5.050361042268944e-11  4.8429376910275515e-11  4.636341808223049e-11  4.4287587331042127e-11  4.218018020816448e-11  4.001545051260539e-11  3.776334856048882e-11  3.538975294551272e-11  3.285763667793568e-11  3.012983120727074e-11  2.7174287753876585e-11  2.3972854413303406e-11  2.0534288649309344e-11  1.6910960875315966e-11  1.3215754808207663e-11  9.630706162383794e-12  6.393547239966725e-12  3.748361404743846e-12  1.8618813133473085e-12  7.414188042492947e-13  2.1986624860333298e-13  4.4008909947220864e-14  5.215228162084008e-15  3.072067372884908e-16  
7.740455952248102e-11  6.804755139565785e-11  5.977914957990736e-11  5.2465675224211575e-11  4.598877008323955e-11  4.024354339329368e-11  3.5136973029864476e-11  3.058655610882517e-11  2.651921763207276e-11  2.2870501987664197e-11  1.9584090237335738e-11  1.6611702511417644e-11  1.3913450032414676e-11  1.1458675303873683e-11  9.227225639432622e-12  7.2108903965576584e-12  5.414340536765031e-12  3.8543474994977614e-12  2.55554371576415e-12  1.5411544038210044e-12  8.190462590860765e-13  3.677558926247595e-13  1.3188102629057134e-13  3.5044127938838456e-14  6.243633314242968e-15  
1.3101811550595108e-10  1.1165784891555157e-10  9.509974058161827e-11  8.093050425223312e-11  6.879690143063444e-11  5.839697861671313e-11  4.9472620467167614e-11  4.180324626744769e-11  3.520051084203744e-11  2.950390212131928e-11  2.457715564341014e-11  2.0305428974614386e-11  1.6593190401618732e-11  1.3362764050249614e-11  1.055341645249861e-11  8.120736585556886e-12  6.035821767559334e-12  4.283440508909029e-12  2.8580232635822804e-12  1.7563968848407182e-12  9.672780742638597e-13  4.60221375093518e-13  1.8017144301604778e-13  5.438270873060284e-14  1.1604383666791892e-14  
5.34475066137091e-11  5.090779834268017e-11  4.8426881042163726e-11  4.598847444745476e-11  4.357376919178787e-11  4.11609980650866e-11  3.8725105376610825e-11  3.6237668428295e-11  3.366733049031196e-11  3.098115416638604e-11  2.8147490957388353e-11  2.5141141173966354e-11  2.195161604480698e-11  1.8594925264351282e-11  1.5128010130877165e-11  1.1662145359823884e-11  8.367256057433724e-12  5.4549707064786915e-12  3.1299228565974105e-12  1.5146311160537929e-12  5.840395295130151e-13  1.6635731125104936e-13  3.163995401890511e-14  3.511741470041122e-15  1.9005919527997654e-16  
7.28553384086151e-11  6.644339017018456e-11  6.055244579823853e-11  5.513121203283713e-11  5.013156233044002e-11  4.550809253560294e-11  4.1217737179606896e-11  3.721947997922025e-11  3.347421486887583e-11  2.9944846686094776e-11  2.6596764719429358e-11  2.339887491845352e-11  2.0325424463641636e-11  1.7358860438690378e-11  1.4493857940510218e-11  1.1742301043019394e-11  9.138225118939447e-12  6.740412160533872e-12  4.628724004173834e-12  2.8895524835889852e-12  1.5884908755447392e-12  7.370691903326246e-13  2.727996462602423e-13  7.468674984273215e-14  1.3678473706682706e-14  
6.46807983176288e-11  6.008069893284814e-11  5.573303809306657e-11  5.160770330149037e-11  4.7674004257106934e-11  4.39004441869412e-11  4.025466203342032e-11  3.670369251861503e-11  3.32147718384319e-11  2.97570195270549e-11  2.6304433530771386e-11  2.2840689279461092e-11  1.9366105927905882e-11  1.5906595872868847e-11  1.2523106077436974e-11  9.317725245487795e-12  6.429647506165472e-12  4.012645910186596e-12  2.1902222340016408e-12  9.998913550817056e-13  3.597045196298317e-13  9.417973142074228e-14  1.6142384041891645e-14  1.5725635044264715e-15  7.211787835234462e-17  
8.636537055195808e-11  7.506139257766283e-11  6.51816412139636e-11  5.6538310404372477e-11  4.896721622687099e-11  4.232477140692236e-11  3.6485403350088675e-11  3.133939171754364e-11  2.6791119126092212e-11  2.2757747130743517e-11  1.9168346552088118e-11  1.5963519318096293e-11  1.3095533040213067e-11  1.0528921450261774e-11  8.241340098724796e-12  6.2241577553603605e-12  4.481796814262052e-12  3.028342065693245e-12  1.8798683012177254e-12  1.0421637568736393e-12  4.968782602577623e-13  1.9374285327731982e-13  5.777418751119865e-14  1.2048418396501794e-14  1.5596042331589617e-15  
6.310782644765045e-11  6.01186863120125e-11  5.720964251756043e-11  5.436343476893528e-11  5.1560243779983534e-11  4.8777189411595506e-11  4.5987876487992045e-11  4.316211272846079e-11  4.0266016653032916e-11  3.726287249970123e-11  3.411527823070228e-11  3.078935050337037e-11  2.726191325174389e-11  2.3531493944493626e-11  1.9633169111492025e-11  1.5655208575733924e-11  1.1751509780142595e-11  8.138518407091683e-12  5.062281453907331e-12  2.7285847963496916e-12  1.2149840054527958e-12  4.193506431845892e-13  1.0305319320012237e-13  1.6099820250571837e-14  1.3748147291870653e-15  
5.4223920417007896e-11  5.09647737733751e-11  4.786090079093885e-11  4.489524446423681e-11  4.2049870331366636e-11  3.9305680661696086e-11  3.66421491381325e-11  3.4037130801429366e-11  3.1466843169952996e-11  2.8906176701567905e-11  2.6329580421653402e-11  2.3712878401063168e-11  2.1036480727950966e-11  1.8290488410885138e-11  1.5482000579918684e-11  1.2644240451145939e-11  9.845565753597247e-12  7.193844783721764e-12  4.82880342694568e-12  2.8945995854296804e-12  1.4921834942578275e-12  6.290570014794805e-13  2.0279319573357142e-13  4.5714677123050657e-14  6.3955894340977525e-15  
8.176419349417493e-11  7.596891071314198e-11  7.050018814050058e-11  6.53210867441758e-11  6.039412988643881e-11  5.568097329444169e-11  5.114223371112236e-11  4.673762490263559e-11  4.2426636474289226e-11  3.81701068566311e-11  3.393317492467519e-11  2.9690198692026765e-11  2.5432188222276022e-11  2.117688003542732e-11  1.6980406172008445e-11  1.2947171177172436e-11  9.231066591220882e-12  6.018066272872645e-12  3.481973973425783e-12  1.7181811681065839e-12  6.856974891240295e-13  2.061922725438886e-13  4.250996214328066e-14  5.298052127655323e-15  3.37476487179146e-16  
5.8390457623895e-11  5.460891335269678e-11  5.0996890328727436e-11  4.753006477109048e-11  4.418271085959314e-11  4.0927487552087694e-11  3.773542307137766e-11  3.45762744147054e-11  3.141953642733989e-11  2.8236496493969008e-11  2.5003850178561256e-11  2.170943305189862e-11  1.8360414753317e-11  1.4993541623051324e-11  1.1685306074076846e-11  8.55705454334749e-12  5.766795441129999e-12  3.4788795452339383e-12  1.8104838446158565e-12  7.737578568704873e-13  2.5429604580620114e-13  5.887779099485771e-14  8.54485336259942e-15  6.651830463170045e-16  2.256514419663182e-17  
6.933569167018797e-11  6.527260528633613e-11  6.13693235215328e-11  5.760144059247316e-11  5.39424551605884e-11  5.036339847596074e-11  4.683261124073909e-11  4.3315841649024806e-11  3.97769446203254e-11  3.617960913571013e-11  3.24907139953783e-11  2.8686056162542543e-11  2.47591644277637e-11  2.0733406965291425e-11  1.667614344810491e-11  1.2710743676964262e-11  9.01797635706699e-12  5.81467024780238e-12  3.30042930625782e-12  1.5804393145347259e-12  6.032824891463831e-13  1.7019982179572881e-13  3.208485633867258e-14  3.5330109521144466e-15  1.899405962084016e-16  
8.089040830059707e-11  7.363273669682872e-11  6.695271258359311e-11  6.078966493558716e-11  5.508630629843499e-11  4.978828537024467e-11  4.484389162931725e-11  4.020400121245002e-11  3.582240124259104e-11  3.1656691062902517e-11  2.7670024639086398e-11  2.3834000773017568e-11  2.0132961224882836e-11  1.656969484654274e-11  1.3171869856708348e-11  9.997212869658501e-12  7.1335347996288e-12  4.68796867944239e-12  2.760556616274614e-12  1.4042433276148928e-12  5.876532295324049e-13  1.895663892583412e-13  4.321775697679606e-14  6.202245983523611e-15  4.801524075313286e-16  
1.9608829981811052e-10  1.5979827749719396e-10  1.3011362479441444e-10  1.0582308418796503e-10  8.593707539866014e-11  6.964724721908326e-11  5.629348707632877e-11  4.5337044732085546e-11  3.633867740746691e-11  2.8940927073300123e-11  2.2853801839552363e-11  1.7843253352298527e-11  1.3721916974988535e-11  1.034160256436536e-11  7.586981033358732e-12  5.3698079343440775e-12  3.6229057731007755e-12  2.2931341282999126e-12  1.3329959769173648e-12  6.917097230445349e-13  3.0851091177554653e-13  1.124450358318527e-13  3.1310574177972636e-14  6.088744728144718e-15  7.33583960991471e-16  
7.567929995498155e-11  6.748413336497228e-11  6.013429710204297e-11  5.353495053575465e-11  4.7600549555843926e-11  4.225378501956755e-11  3.7424665028035965e-11  3.3049755200065566e-11  2.9071606165102532e-11  2.5438417484433614e-11  2.210401184866703e-11  1.9028219276658974e-11  1.6177787720994935e-11  1.3527919912926483e-11  1.1064439879167745e-11  8.786341110609689e-12  6.707971835763619e-12  4.859339524736234e-12  3.282182771580475e-12  2.0193358900967217e-12  1.096967570759148e-12  5.047636525383072e-13  1.8614335922353711e-13  5.109862181685762e-14  9.462726084712341e-15  
8.191437755159553e-11  7.613421075186419e-11  7.06362476031022e-11  6.538016109993418e-11  6.032420679022543e-11  5.542512554514872e-11  5.0638478600983356e-11  4.591973266515602e-11  4.1226559384017843e-11  3.6522968401056944e-11  3.178597967862784e-11  2.7015380821801182e-11  2.2246375412119116e-11  1.7563123202270328e-11  1.310790288281175e-11  9.0763673584049e-12  5.68697479223452e-12  3.1186231097632863e-12  1.4316935308329153e-12  5.185573796788514e-13  1.3692108390605577e-13  2.3718489104744136e-14  2.3420357679099517e-15  1.092883469964885e-16  1.876973183838421e-18  
3.758939456730721e-11  3.8127970582650494e-11  3.858559256778683e-11  3.892936363441352e-11  3.911620493744073e-11  3.9090583968875105e-11  3.8782447106030794e-11  3.8106097384050013e-11  3.696135618788697e-11  3.523918180748407e-11  3.2834846187835247e-11  2.967225936536681e-11  2.5741806819925846e-11  2.114890124739564e-11  1.6158931559540143e-11  1.1207264206118634e-11  6.8316905689396466e-12  3.5059175436207176e-12  1.4301701981791241e-12  4.295743623954046e-13  8.578607234020123e-14  9.940287297080672e-15  5.57367428622819e-16  1.18715001239166e-17  6.954816875971321e-20  
3.9813502622194854e-11  3.877177200960392e-11  3.769914643086386e-11  3.6580928890939523e-11  3.539872068320926e-11  3.41297427330957e-11  3.274625535244235e-11  3.121529553000762e-11  2.949911339936266e-11  2.7556922097419255e-11  2.5348863120967795e-11  2.284334585945172e-11  2.0028904692357564e-11  1.6930928927557577e-11  1.3631265917685817e-11  1.028403077110366e-11  7.114552694886259e-12  4.3846422075315964e-12  2.3162266111679934e-12  9.962364902413117e-13  3.25766484335889e-13  7.391139112560002e-14  1.0299935838654692e-14  7.493339365567002e-16  2.291325772017351e-17  
4.6762639931840364e-11  4.4795156084442247e-11  4.2861128021330054e-11  4.0947751329505735e-11  3.903986285146415e-11  3.711949248386144e-11  3.5165455483439395e-11  3.315309884553615e-11  3.105440166035996e-11  2.8838757798385483e-11  2.647494239750338e-11  2.3934958523965188e-11  2.1200592082340306e-11  1.8273363925392905e-11  1.5187760026978668e-11  1.2025567787094937e-11  8.925427256193302e-12  6.077093268298996e-12  3.688193463314909e-12  1.9200975666980948e-12  8.147220185503425e-13  2.631768228685405e-13  5.909257550141619e-14  8.169295600763004e-15  5.914961210703997e-16  
5.4786169559339334e-11  5.2494779783347075e-11  5.020604924083647e-11  4.789852691500793e-11  4.5546635843885573e-11  4.3120213277001005e-11  4.058439416123229e-11  3.790020135373785e-11  3.5026416362980734e-11  3.192356327341923e-11  2.8561071854887247e-11  2.4928689186885863e-11  2.1052552735880676e-11  1.701431876314505e-11  1.2967614191228968e-11  9.14004695849227e-12  5.804357573327908e-12  3.2075582702128872e-12  1.4725491875087326e-12  5.279381740240839e-13  1.361131619796443e-13  2.260799144573897e-14  2.0892046598981944e-15  8.833408025170426e-17  1.3165866809100536e-18  
5.372764543275349e-11  5.266919983337188e-11  5.156659410630158e-11  5.0402315994616063e-11  4.915407078094839e-11  4.7793728142422204e-11  4.6286247949807e-11  4.458877976881195e-11  4.265030605507129e-11  4.0412471411990026e-11  3.7812624523689997e-11  3.479055919427819e-11  3.1300806243247055e-11  2.7332153176134867e-11  2.293446794380501e-11  1.8248572907824507e-11  1.3526912784030534e-11  9.122952462692017e-12  5.424424486525912e-12  2.726488538453786e-12  1.095340039440962e-12  3.26389604870111e-13  6.52963177403949e-14  7.678832683218913e-15  4.446283713340124e-16  
1.5214326429239413e-10  1.2839319199422097e-10  1.0826997578745628e-10  9.121012675530778e-11  7.673673186333053e-11  6.444616187316376e-11  5.3996883848556186e-11  4.510008075549987e-11  3.751183663159252e-11  3.102669460445594e-11  2.5472435393478835e-11  2.0705951271990677e-11  1.6610094686677388e-11  1.3091343468642625e-11  1.0078018149030638e-11  7.518580926295925e-12  5.379234645212333e-12  3.639710463496132e-12  2.286077471108657e-12  1.300207444346625e-12  6.478230191630282e-13  2.7055277273487513e-13  8.929675959370724e-14  2.1533649834119894e-14  3.416947224849038e-15  
6.378812936672327e-11  5.949215767853187e-11  5.5417083404787706e-11  5.153626773748844e-11  4.782216857498188e-11  4.4246072589968035e-11  4.077795999523609e-11  3.738663287161891e-11  3.404031518305069e-11  3.070803594315561e-11  2.7362225423107628e-11  2.3983045393909803e-11  2.056493212692869e-11  1.712544333176027e-11  1.3715430079559243e-11  1.042744569533912e-11  7.39622402964779e-12  4.782496508740913e-12  2.7334324870407336e-12  1.3252487678211401e-12  5.159253258319846e-13  1.4989674430337708e-13  2.948004909870478e-14  3.4456661247971935e-15  2.012122079517584e-16  
5.537097496046436e-11  5.3968195406152195e-11  5.250560411643966e-11  5.095920668216709e-11  4.9299037443263395e-11  4.74881955863992e-11  4.5482166140544213e-11  4.3228861992252114e-11  4.067011751060145e-11  3.774575941236366e-11  3.440180927935209e-11  3.06046031970553e-11  2.6362102816289437e-11  2.1751429968228035e-11  1.694642207301787e-11  1.223038494512315e-11  7.970615386115364e-12  4.533720445058569e-12  2.1509057664494124e-12  8.01145796503999e-13  2.1611255879131163e-13  3.7913434321773485e-14  3.747405275989984e-15  1.7234044973368702e-16  2.85719559454273e-18  
3.4489802241120807e-11  3.492894734083186e-11  3.5315042506574326e-11  3.562649440787476e-11  3.5834809120711906e-11  3.590280577554764e-11  3.578269786683837e-11  3.541434453867691e-11  3.472428748113562e-11  3.3626685354795785e-11  3.202795457553012e-11  2.98377149682419e-11  2.6989099540619592e-11  2.347059620598798e-11  1.9367511591133362e-11  1.490177068552416e-11  1.0444364266253906e-11  6.463860369601087e-12  3.388801947229177e-12  1.424008374213462e-12  4.4549585692610297e-13  9.403807308251536e-14  1.1746366140343759e-14  7.288645591365587e-16  1.7790614952470596e-17  
7.161802961527463e-11  6.399457863503517e-11  5.711753988323325e-11  5.09021784798947e-11  4.527139486519663e-11  4.015491624314365e-11  3.5488676929020256e-11  3.1214442253187235e-11  2.7279759671104402e-11  2.3638353925095398e-11  2.0251111480632047e-11  1.70878002304564e-11  1.412959645010358e-11  1.1372259984515177e-11  8.829297629648866e-12  6.5335978603550305e-12  4.5349295344966805e-12  2.8900542017735506e-12  1.6435800445004848e-12  8.030310401824578e-13  3.204327303246983e-13  9.760579873176117e-14  2.074139333325623e-14  2.7268980317997398e-15  1.88981313378432e-16  
5.124980340209061e-11  5.0095898665729495e-11  4.889744796756722e-11  4.7636023569738303e-11  4.62883501746764e-11  4.482533550429471e-11  4.3211165357831256e-11  4.1402714336409285e-11  3.934972422115273e-11  3.699649952304261e-11  3.4286259696940816e-11  3.116968792513682e-11  2.7619366848083676e-11  2.365110575614919e-11  1.935062569703234e-11  1.489850276249585e-11  1.0577686119917492e-11  6.740612372464924e-12  3.718890333094184e-12  1.692996539802814e-12  5.964691355687348e-13  1.4930850694346495e-13  2.3694057451854825e-14  2.0475514951455224e-15  7.867460897952738e-17  
3.679818468711501e-11  3.643036147461154e-11  3.6009209704723175e-11  3.551792632434483e-11  3.493493812866649e-11  3.423286737458105e-11  3.337752786632642e-11  3.232720089839081e-11  3.103265163130279e-11  2.943866254733999e-11  2.7488275984623385e-11  2.5131357889382413e-11  2.2339222355570876e-11  1.9126230000575657e-11  1.557638246041101e-11  1.186681807249085e-11  8.271236823654429e-12  5.120244265917418e-12  2.705909603656538e-12  1.158046876816145e-12  3.7408942564815477e-13  8.304567037250588e-14  1.1179377189632805e-14  7.723653148278847e-16  2.1923647417923417e-17  
1.8509065246188853e-11  2.0133553930720346e-11  2.1849349192714423e-11  2.363737182386595e-11  2.5465357079804707e-11  2.72826498661682e-11  2.90137903771258e-11  3.0551319360631935e-11  3.1749101487862063e-11  3.241901302184388e-11  3.233621698760712e-11  3.126114012609515e-11  2.898807908024969e-11  2.542705245822573e-11  2.0710186194724533e-11  1.5280860237381504e-11  9.882601512730188e-12  5.361219289144911e-12  2.3007348821080083e-12  7.223229165369733e-13  1.4948114851084192e-13  1.774438827139898e-14  1.0038057187642348e-15  2.1134717964207198e-17  1.191077583521719e-19  
