0.1564355894512377    0.025837819603791185    0.024662690417397784    0.0    89809.27658876534
-0.004793282516152078    0.0019047115791666774    0.057882361025823836    0.0    90518.19618502333
0.05786836380267958    -0.00809114542855603    -0.09580325811578408    0.0    88691.93223116205
0.02882691517476423    -0.018088974079053716    0.049028098022360966    0.0    89830.9298103023
-0.10942248447588608    -0.020797843609421204    0.266909385992795    0.0    88269.93221768756
-0.0797667264301245    -0.014232998858604387    -0.015612096012622005    0.0    88038.26999421175
0.07702719929513747    -0.02658303276859422    -0.061009098332786366    0.0    90424.9900657782
0.10432032481895533    -0.019346139215169825    0.0975982301661617    0.0    89334.69693695825
0.06572269426027297    0.0067000777585423535    0.03686422066103931    0.0    89322.19980938565
0.09435282930674477    -0.001356779468522469    -0.14104360380039893    0.0    89218.11183423965
-0.006725549846816796    -0.009485452804647212    -0.058210654709202614    0.0    88837.43638670942
0.019292877299309397    0.024592359219547923    -0.05358076648021442    0.0    88609.35619357406
0.0041323874906771686    0.012588399675245688    0.033531091693904565    0.0    89157.50989185515
-0.060127515538290044    -0.01358610334415335    0.15037220200857998    0.0    89504.75133712543
0.0499560289514151    0.002662853021213226    0.1397329557138841    0.0    90439.94578261657
-0.09289845482969829    0.01710197820895761    -0.022498903394431863    0.0    88280.15771882827
0.03216669532627766    -0.012406166783368899    0.12649725572937565    0.0    89717.15750547149
0.032828390867535265    -0.025813712192033395    -0.03509660793343026    0.0    89088.02021754756
-0.09667200299975592    0.006430662585894375    -0.009246244562943585    0.0    89683.56937824556
0.019507238907500484    0.0035439025120440897    0.07997041121780932    0.0    90085.79449542683
-0.00824209182782403    -0.014390753243086026    0.10278901495521708    0.0    89217.62769986222
-0.004886919054802863    -0.0046076625936970865    0.17834732284205015    0.0    89477.83064595112
-0.0557372150612243    -0.011639303215265982    -0.022215874180472814    0.0    88567.62530146255
-0.053722193264037536    -0.05026749566789548    -0.1394589467551238    0.0    89289.86278359515
0.04961937004230775    -0.0019238604919372974    0.06234976914475091    0.0    89281.33491247676
-0.031544931891817105    -0.027101475188634972    0.20348119002398943    0.0    90473.43043774382
0.07442957375518633    0.011177491084154776    0.0326528578170483    0.0    89163.76034876566
0.14176557339212398    -0.03356442572694379    0.14289804652052715    0.0    89831.09321744475
0.08770798436995741    0.013355881960442134    0.17752205316851521    0.0    90175.49021083732
0.09252441288480162    0.0017990400520471123    0.0034104991967144425    0.0    88976.17725778397
0.013695567722870281    0.015172762965124485    0.13742939517002511    0.0    89835.29260589447
0.15674380912746677    0.030122109023127605    0.08246441541754064    0.0    91100.18650830924
0.005626029770767753    -0.010500354760203138    -0.047666948869736    0.0    90346.7837401301
0.02907368388399679    0.014479199076455306    -0.0015630596140306986    0.0    88972.70747799808
-0.18124866279402024    0.014361619156834928    0.09245226478774471    0.0    89247.19810935576
0.0033716454030876353    -0.024814995506031123    -0.017614158309665732    0.0    88782.93410557749
-0.16902297809085226    0.0076613719859313124    -0.0692931089636145    0.0    87937.79722771737
0.05768885967705315    0.020374938087401255    0.1013939723784829    0.0    88934.80461122753
-0.025380493296152187    0.01214888776289524    -0.26548035342963605    0.0    89303.52296989529
0.0626343746713782    -0.01551797339605981    -0.051264807352810894    0.0    88896.79832441565
0.037159293469894814    0.0021425056852922664    -0.01959869250769898    0.0    89796.9511585075
0.005104235019228954    0.017307034477928848    -0.08417176407363691    0.0    89165.28174099974
-0.19157395414283257    -0.012840260270582675    0.08151996523770774    0.0    89655.791744769
-0.019747380861441465    -0.027561666656259684    0.0071696488168447835    0.0    88291.20239658987
0.010091012757686847    -0.014324938101250692    0.0019026849464701804    0.0    89539.87046807657
-0.002427513211176998    -0.004606574504756815    0.06580836136842941    0.0    89691.23981612184
0.07184740029488126    -0.02358302361523552    -0.08861042962183655    0.0    89227.40280483928
0.05059802196204676    0.01317263444129761    0.01839274332693335    0.0    87802.53506833682
-0.049088840603326384    0.023422159148868266    -0.09454008329921389    0.0    88211.81595172506
0.01926115057725014    -0.0017590650378225884    -0.09717088773532145    0.0    89015.2344643246
0.0647926275579344    0.026332560506553804    -0.041962296814233746    0.0    90493.3541468758
-0.08763910132088881    -0.006114330699109691    0.017204206437645572    0.0    88756.59609098666
0.21198116832441205    -0.021080997036339606    -0.08205326028483143    0.0    88607.20589569294
-0.12666916849534762    -0.01012192797080418    -0.14880695897614768    0.0    89533.01117974173
0.06169519709897441    -0.020366117753665463    0.015108694031788253    0.0    91597.37281142404
-0.0767657856505885    0.0018764141468344583    -0.16351725514061452    0.0    87429.73519824479
0.12681370084517748    0.015200142639907132    -0.027096822654048055    0.0    90435.38261917137
0.07159363459846378    -0.000201208398075654    0.07863385333211888    0.0    89242.71138906377
0.21476354957085864    0.005922726055379883    0.07770834435057072    0.0    89158.25604661455
-0.042895617413006654    -0.003342410390784609    -0.010645064717738345    0.0    88497.73038893862
-0.03790962134324748    0.023359934981734325    0.09062626677028526    0.0    88596.05485571119
0.07882784280815952    -0.016103131378908096    0.0433068690764681    0.0    89894.06869640567
-0.048416911866624106    -0.019471576276764997    0.08731424541403476    0.0    88449.46192225248
-0.007537863198844848    -0.010437914061087222    -0.0779467500427947    0.0    87671.52290201532
0.1678042944295869    -0.003536062596593608    0.07317200835204145    0.0    89986.60006858868
0.16755369289041835    0.0029598133133693252    -0.01294934849673394    0.0    89700.32734619341
-0.002828144502854418    0.024573221019821224    0.038576505257625106    0.0    89808.25341255167
-0.054437903231992824    -0.02272608404464182    -0.21676239414857817    0.0    89382.44798392766
0.28218922000842456    -0.0029969621748007296    -0.07542200520658654    0.0    88285.74073502618
-0.09162948988649125    -0.009300776301452231    -0.044516712821821944    0.0    88401.24441515215
0.046198411229574965    -0.024722578710771676    0.09900927971455198    0.0    89768.20375127441
0.02556613101056403    -0.003390314572056033    0.041959305138128976    0.0    89415.51007899504
-0.09244220766303354    -0.02028056825866742    -0.07566820351013452    0.0    88139.87274789556
-0.003276015904086145    0.013071566663539414    -0.14176670261730892    0.0    90235.48771425975
0.04230378913300872    -0.008180945704283933    0.07961646854691123    0.0    88996.15738591901
-0.14332261442034605    0.04105339299937737    0.07069141382545661    0.0    89556.17894367232
-0.049994204970827266    -0.00818971614118498    -0.005901784800015207    0.0    87770.03460206134
-0.15416877506146615    -0.00605302771170447    -0.08786772461925565    0.0    88928.50244165974
0.1333547321371285    -0.00213923777716195    0.08547163481383044    0.0    88936.07738906267
-0.021492919475993463    -0.003858700018430224    0.13044677443112757    0.0    90200.81600226488
0.18902317648112463    0.014902786507300328    0.015449587003055196    0.0    89641.41801489574
-0.15365311484426664    0.015488069649611405    0.04353370147817908    0.0    89352.14642524745
0.21145828635289843    -0.013342629571943519    0.04981724351131239    0.0    88241.44391862121
-0.07125495057998298    0.010908682221092507    0.0061343136417633375    0.0    89660.05756926593
0.056150762628066724    0.011253632648388507    -0.16325877978862197    0.0    88147.78618509411
0.02706819649267775    -0.04180602156642336    -0.03320383261174713    0.0    88304.56194528818
0.22787579567655616    -0.002367598286285797    0.002709843933884004    0.0    89127.59216403922
0.03140606430082644    0.002167463557002176    0.0690791417901488    0.0    88368.05627724579
0.0004969143498907263    -0.02914377373529302    0.042265893826790774    0.0    90391.23724532574
-0.008393350052246033    -0.018808861758763902    0.09668062961498937    0.0    89000.25803934239
-0.003890761762486268    -0.0011898293200674711    -0.01341269755826281    0.0    89024.96353529271
0.12600856150805062    0.008466831709146149    0.13512593508088658    0.0    90094.09506815948
0.030344545018405333    0.028387832795604334    -0.11688586491006908    0.0    89385.22022447105
0.07077384704124316    -0.022117467494469585    0.013825866966652209    0.0    88161.8576835358
0.042743338944653646    0.021053137693026597    0.06898047114010185    0.0    90179.39031184366
-0.013660920614021603    -0.00828042675918073    0.18165863133232962    0.0    89289.531502318
-0.21809641135523733    -0.005386925428415081    -0.11208520033105702    0.0    88492.28577500772
0.07392176646367407    0.007180432165367567    0.11440320539857272    0.0    89241.59271060373
-0.022240174316506996    -0.031239448977700174    0.13417619017078927    0.0    89438.44223340374
-0.0003169714393761908    -0.021112838130930706    0.19894979513384742    0.0    88512.18242747893
