4.793638757669776e-11   2.522170006820947e-12   2.2704146927883158   0.07353504104314328   0.08890295453993591   0.02923517714493192   1.0056211767537435   0.010779509653535848   0.013045700153160797   0.011644574371464125   2.154434690031884  
3.994624172188022e-11   2.314263526436139e-12   2.2049257161227356   0.0813721322882556   0.09807955463316859   0.032375047174354014   1.0116928725902796   0.010807952049542028   -0.01744520048114379   0.011400789197112599   2.154434690031884  
3.410878604447641e-11   1.8321217979266745e-12   2.3889832950378684   0.07619268205891389   0.0489758471343523   0.026105092214493555   0.9979780050805692   0.010716889524419234   0.03587238610547864   0.011832081111720896   2.154434690031884  
3.935064538053845e-11   2.347220253676928e-12   2.1770997100903706   0.08392569365042338   0.10535501325277843   0.03376135858959124   1.00497499811364   0.010767755494231528   9.692683087559473e-06   0.011561413503288494   2.154434690031884  
3.3953159832267215e-11   2.4371453322365852e-12   1.6876607893909468   0.10868835186756391   0.20272344618874696   0.044733341383919586   0.9882283068129337   0.010664151369373376   -0.006143880701249918   0.011595431301884907   2.154434690031884  
2.975204278140337e-11   1.7390575847591375e-12   2.378242190859533   0.082400272399546   0.048704010592579755   0.02872952104314686   0.9869345748559404   0.010656926840687768   0.00507421653437061   0.011691088693163054   2.154434690031884  
3.580421835764651e-11   2.5661156575942207e-12   2.3199964243763787   0.09505436677415119   0.11746675869995005   0.04301396990557683   1.0186981314241135   0.010830693154703459   -0.0013220855453554233   0.011459042708414541   2.154434690031884  
3.89950381869447e-11   2.47924923039527e-12   1.926672719379128   0.09405226099112159   0.1521617634660919   0.038180842679944454   0.9965672564866346   0.01072290972153148   -0.01672947161375113   0.011493858833562335   2.154434690031884  
4.7719607523009225e-11   3.0098573384360602e-12   2.105043663290297   0.0863204102778264   0.15396629129187045   0.038840514680338174   0.9971436080411403   0.010727275876957067   0.011355962888215984   0.011676763754774507   2.154434690031884  
3.60524726294186e-11   2.0490843897050948e-12   2.7036699082135227   0.07488747722713476   0.024052769312046553   0.028982967427338083   1.002270158151108   0.010755842730241891   0.015916066285732673   0.011689704285072966   2.154434690031884  
3.465420434970567e-11   2.1445237294379803e-12   2.3360438188548347   0.08577863718239305   0.08059727137548174   0.0338231460261077   0.9950612242863074   0.010713187242335448   -0.0009465144677360134   0.011601637119886283   2.154434690031884  
4.026345836757401e-11   2.4150959687814817e-12   2.4089502064072867   0.08080782026311817   0.07762552774128828   0.03386713032915547   0.9902672459894211   0.010684884111560726   0.004668017965821201   0.011671423046680122   2.154434690031884  
4.2222484665906394e-11   2.7519394347445036e-12   2.1787447292111817   0.08935250638592966   0.13522220953269867   0.03926446290237788   0.9982369174356996   0.010732858780120938   0.0014232745892568842   0.011595874281317257   2.154434690031884  
3.7908845262423625e-11   2.5387746473752666e-12   1.9277050195221699   0.09786350713858921   0.1642557843890819   0.04091070126703849   1.0037719849297317   0.010757919737865978   0.005040188424079612   0.011600656614710273   2.154434690031884  
4.204440061848482e-11   2.3978263807574336e-12   2.0358097350261857   0.08283781446241882   0.11966564237477134   0.03258962763461298   1.006679799390365   0.010786258595333451   -0.019953482014384204   0.011422644509874721   2.154434690031884  
3.819490319487099e-11   2.9967996824296443e-12   2.4515341891395313   0.09881582584036717   0.09486863038351898   0.04905456698835136   0.9858624351645845   0.010664664157836012   0.0005372168569815324   0.011667488317144138   2.154434690031884  
3.9251859838318245e-11   2.328970003074749e-12   2.021973709716279   0.08674887296499323   0.1294135545569487   0.034061425859341986   1.0041692643985234   0.010762039499811317   -0.005764993580397213   0.01151704301965903   2.154434690031884  
3.3806439338982166e-11   2.0482739856564462e-12   2.343103611320572   0.08425567838261176   0.07381512874001031   0.03246281322080734   1.000687353823564   0.010739038189503315   -0.005484396771142305   0.01154075517583758   2.154434690031884  
3.3479897425037616e-11   1.866796760861434e-12   2.460922445086023   0.0773307316227304   0.04406136016163545   0.027476496045815226   1.0004946036096432   0.01074853437565719   -0.023531284886824867   0.011424122527613887   2.154434690031884  
4.070416976117748e-11   2.5589430576838424e-12   2.019704570836845   0.0898773306893493   0.14512721329326894   0.03733124104065689   1.0100411381519292   0.010795313406530416   0.007417915266957327   0.011577825450269086   2.154434690031884  
3.551217772329755e-11   2.0371987690564754e-12   1.996607192790651   0.08557969531748183   0.11421595251518885   0.03123688237601489   0.9930845294446471   0.010703635178760702   -0.012061206453914898   0.011558943732450585   2.154434690031884  
3.951736360558681e-11   3.09405026586976e-12   1.881266880794573   0.11481086014995555   0.16418635416995567   0.051502749630441116   0.9978472483400687   0.01072994798053274   -0.001652556662126664   0.011601210451368107   2.154434690031884  
3.3350772450290823e-11   2.4454721681401113e-12   2.357193458946124   0.09720651705844839   0.10407311949237233   0.043591730920932846   0.9906948708583151   0.010691214361197288   -0.01335813660145807   0.011544230229599195   2.154434690031884  
2.361127079684652e-11   1.4739150729712923e-12   2.540699245365804   0.08713288555721438   0.02602158486587712   0.02830209368746999   1.0058697032941384   0.010749929196566102   -0.005560196633625465   0.01149072638489709   2.154434690031884  
4.387508120016209e-11   2.8528636110481725e-12   2.0531462024588625   0.09157297703957487   0.14772761848685456   0.040162288900433975   0.9957280186356972   0.010725063022029203   -0.0045658891311829205   0.011589293440072016   2.154434690031884  
3.4321211402083854e-11   2.001304925477695e-12   1.8220795823474059   0.08942346239199062   0.13328936137049902   0.03189212198683914   1.0139040764330494   0.010809012414302696   -0.002653476016595596   0.01148465296105241   2.154434690031884  
4.110694587135294e-11   2.505945854847036e-12   2.258553673730184   0.08391923887643393   0.10505051447059191   0.03544129894627234   1.003689014483922   0.010756584116520173   0.025243836775361343   0.011732840252146945   2.154434690031884  
3.895579153864488e-11   2.5147238616929e-12   1.8008711093863725   0.09662470667791924   0.18165451497832644   0.03931937070174065   1.010871137986485   0.010788271818865929   0.024355132338836977   0.011677053524576694   2.154434690031884  
4.950440509596154e-11   3.1432457090912633e-12   1.7076428008500895   0.094026915540508   0.22495388478689007   0.04094120046870889   1.0104896214245516   0.010802750581319026   0.004051468246011435   0.011561716026576284   2.154434690031884  
3.754938195124535e-11   1.9279320740615343e-12   2.3664671873565553   0.07271287687591396   0.04730426839863971   0.02495197152978064   0.9912261260724146   0.01069947400032886   -0.008378457478563042   0.011585238599574653   2.154434690031884  
4.777835029810202e-11   2.8763265463124415e-12   1.8128989879099118   0.08908682276522085   0.19179934564922532   0.03728909189153135   1.0087674798008377   0.010787028201968094   0.019514208755022362   0.011662267302419668   2.154434690031884  
5.0188753401205494e-11   2.4949439959471617e-12   2.067095472617056   0.07286784934058371   0.11330637977035085   0.027616326482298226   1.0237562872309238   0.010873265489053133   0.010795143430578608   0.011525164327887541   2.154434690031884  
3.3356463253942867e-11   1.864055986824451e-12   2.4004148072095286   0.07852356998876452   0.048329275895307555   0.027764582094338033   1.0125124406258856   0.01080650511794666   -0.010164657604479101   0.011446332869294213   2.154434690031884  
3.784658570122521e-11   2.371315695506637e-12   2.4272199038873423   0.08387753922608294   0.07532859829165446   0.03544154461399542   1.0001838949478141   0.010739181230221346   0.009041690605208678   0.011642261111542315   2.154434690031884  
3.070539440712201e-11   1.8011923424090908e-12   2.1670369304955037   0.08515027378399312   0.07255670921981787   0.02994261597866244   1.0047576975799328   0.010753150325755724   0.013147606928467805   0.011644306182998363   2.154434690031884  
3.526204380650022e-11   2.2488528351309467e-12   2.29273533179335   0.08809237113055639   0.09387846779230935   0.03610697826052551   0.9913413101611092   0.010689717515059831   -0.008535232397047477   0.011573719091061899   2.154434690031884  
3.06634563210008e-11   2.084646489299392e-12   2.4619964096948945   0.09099365649762217   0.06707434498609326   0.03771736235749398   0.9789348605253869   0.01062276364688833   -0.012507228911458862   0.01161863873359159   2.154434690031884  
4.3731414504081683e-11   2.494718711082687e-12   2.1303607029532596   0.08100756363719153   0.11146906147754705   0.03270559861642   0.9932473490532814   0.010703595610071436   0.0045616961284421454   0.011655849328257528   2.154434690031884  
3.338952229614124e-11   2.3456451759594857e-12   2.8014938946043104   0.0869137834626088   0.042299849251289434   0.039753293186970816   0.9998979312603375   0.010741003515088736   -0.008285644304032698   0.011518916975113815   2.154434690031884  
3.8426577655777246e-11   2.6748076487966447e-12   2.330725052247707   0.09185360308297386   0.10711036212147558   0.04183214143886768   0.999005908261014   0.01073222862371832   -0.004653261925019244   0.011549829191905368   2.154434690031884  
4.435233739478141e-11   3.136242347390528e-12   2.17052519744284   0.0946032919478883   0.15512671001336414   0.04470767554236116   1.0108929976815226   0.010801132762756186   0.017812811362160574   0.011642083205741378   2.154434690031884  
3.868262307732776e-11   2.2870014697830497e-12   2.3582166849356345   0.08101147784604035   0.07543317358159644   0.03270786252414498   0.9975921204153939   0.010733125745209168   0.0020162310951193888   0.011626100752453827   2.154434690031884  
2.9761661845342305e-11   2.0794648532892107e-12   2.1885609711871896   0.0982600753826299   0.10879226904959556   0.04002184406288773   1.008529378475506   0.010767019267938195   -0.003937706275943749   0.011493818848060779   2.154434690031884  
3.6084839095597866e-11   2.850571752140024e-12   2.245438407410801   0.10321876459801797   0.14853547420458713   0.049902375150262065   0.987980726530317   0.010674718277827245   -0.011713932737442038   0.01157471695770321   2.154434690031884  
3.5514060148670515e-11   1.9198292267148576e-12   2.448503818999883   0.07480128378538031   0.041796883445415135   0.026824837764422186   1.0053217682713704   0.010763576025227017   -0.0012531169816634806   0.011545941049031496   2.154434690031884  
4.174648528116069e-11   3.1431931638417765e-12   2.011803068007534   0.1020777109289797   0.19756813584668   0.04858511445456915   1.0070239440933837   0.010772290742362916   0.004336898321501956   0.011560869648280122   2.154434690031884  
3.479824528123462e-11   2.232540382535445e-12   2.3802771550130264   0.0862528955754748   0.07891995801403102   0.03609222045020676   1.0041712653167765   0.01075161804161419   0.004761299745225971   0.01159084108538547   2.154434690031884  
4.0704291594946173e-11   2.7683628704675464e-12   2.3199506464740374   0.09027005145285426   0.10750765669099523   0.04126949094323389   0.9816647872572982   0.010638995372562642   0.01515563899531963   0.011801754736653774   2.154434690031884  
3.203582558679839e-11   2.048354277864571e-12   2.654167220841158   0.08373537283191368   0.03892650878259084   0.03384345629866107   0.9908459749848234   0.010687451795906681   0.012946647215340992   0.01172395673983192   2.154434690031884  
3.922248676217544e-11   3.0246321871011057e-12   2.4352576097025644   0.09719198343560002   0.12196837013909508   0.048412023432528574   0.9990095985361312   0.01073654046541774   0.0063074803656356   0.011627301643475672   2.154434690031884  
4.563817575446428e-11   2.7103738352464277e-12   2.4431668229432257   0.07845282359770646   0.08354044149370685   0.0344949117814942   1.0135108320469468   0.010824912267910108   0.005894308598040221   0.011561684938192636   2.154434690031884  
3.068849104688488e-11   1.7475110010025371e-12   2.397800853555508   0.08023898807249032   0.04356181276689841   0.027529748993157622   0.996153728149567   0.010714494605481508   0.002681257743801712   0.011619842468795449   2.154434690031884  
3.8976299547701196e-11   2.1551770501859775e-12   2.474153732487573   0.0757710732434762   0.04972833325217419   0.029056063125902105   0.994057691458158   0.01070989350545042   0.012817612220166388   0.011716147966592245   2.154434690031884  
2.6253434575725708e-11   1.780967841651971e-12   2.612374758475451   0.09071876023877852   0.032894020383453494   0.03478460000107611   1.0074153568721027   0.010780369807804393   -0.01694471902626335   0.011423853297878116   2.154434690031884  
4.134188886174667e-11   3.1861383976224142e-12   2.098832610410385   0.10330867676154108   0.18269548081528858   0.049724849150694875   1.0315841873583569   0.010907871218507417   -0.013118219148759417   0.011307590346158043   2.154434690031884  
2.9707491807244874e-11   1.7550062207559995e-12   2.7829622452132825   0.0785913780896829   0.012188216880138113   0.028072130836083172   0.9769576282347464   0.010613324459763438   -0.008743933831404111   0.0116570448684652   2.154434690031884  
4.541237167739822e-11   2.8085026033614814e-12   2.456958313052396   0.08048522250352971   0.0901769217672301   0.0364528505469421   1.015320334184048   0.010830052644423892   0.0035835045652528423   0.011518031250619646   2.154434690031884  
3.966377267056158e-11   2.3059089808338504e-12   2.188442601116204   0.08252284573267958   0.09787298268633518   0.03263653421482148   0.9979963193920242   0.010731527316603224   -0.003945022405203337   0.011581598612571378   2.154434690031884  
5.190062349126107e-11   3.0999035678551566e-12   2.0444341812765217   0.08339812605821276   0.15456985778012763   0.036895008874049305   0.9927255809637655   0.01071255503023198   -0.002402881877718202   0.011627427830321896   2.154434690031884  
3.3342518211270405e-11   1.8731330522918088e-12   2.4151975455673917   0.07881982988534782   0.04902660601664167   0.027878797726628303   0.9930602175323341   0.010698422297880312   0.009168524971816588   0.011681997640950497   2.154434690031884  
4.592971253652116e-11   2.9163914548238482e-12   2.0427886169620018   0.08868634842431375   0.15596847783795392   0.03924281971648247   0.9864547674579258   0.010668368024042954   0.0007592595162645632   0.011673501898557518   2.154434690031884  
4.039439313045379e-11   2.116356499742244e-12   2.256495746403119   0.07471005527305645   0.07013810794901185   0.027178240559635324   1.0001396991489973   0.010743180052314396   0.006749125186927519   0.011635062791336758   2.154434690031884  
3.644506426502044e-11   2.6549296821387663e-12   1.9385615142196007   0.10357183402928902   0.18683133413419659   0.04555874417337391   0.9900263485571711   0.010675720477417697   0.004385284526336553   0.01166286203215515   2.154434690031884  
3.87443909759834e-11   2.7862054082561328e-12   2.3320767227103185   0.09430414164120911   0.12268203903348299   0.04418559387484184   0.9758340968678729   0.010611788834577194   -0.0066036666544877646   0.011682739528616717   2.154434690031884  
4.291717331618042e-11   2.513641311520182e-12   2.225716844601529   0.08157105648900448   0.10018614374331827   0.03361242752021839   1.0051758301122509   0.010781157918167231   -0.015647815162604654   0.011457664097678864   2.154434690031884  
4.106244326701264e-11   2.4878050735043844e-12   2.4117198975679557   0.08117168766689167   0.07712222978926829   0.03452965034911697   1.0044034860092066   0.010763564939706958   0.005382963780879324   0.011600268402295628   2.154434690031884  
4.088952385137048e-11   2.5617674024277307e-12   2.3637970508493935   0.08347246760282587   0.09079550693902086   0.03632488747311206   1.0133565326292409   0.010808574133275533   0.018719564590752403   0.011635858568601803   2.154434690031884  
2.687570806098092e-11   1.9458695019676133e-12   2.751706885481687   0.09209109547308009   0.034077333168478934   0.038844269371398454   1.0104998011810935   0.01077744229830985   0.01337899901703004   0.011594195643859936   2.154434690031884  
4.598570706859636e-11   2.561001144781799e-12   2.5140317321557206   0.0736838139477012   0.06121082015315868   0.031155647891540326   0.975500990780054   0.01063047726676985   -0.013361755382234705   0.01166114925928693   2.154434690031884  
3.118621975501616e-11   2.210134528443264e-12   2.430220790988172   0.09424293567757287   0.08014079458927607   0.040549444988172645   0.9882718449965956   0.010668669931000106   -0.019517865813628202   0.011505176350094562   2.154434690031884  
3.831547408910771e-11   2.1939650863676275e-12   2.0585422822700283   0.08342519227742408   0.10857962440789999   0.031704463552263744   1.0039163112154141   0.010762959834393817   -0.0040160473192898125   0.011540765378688303   2.154434690031884  
3.9573867358832496e-11   2.314456420857363e-12   2.128440731854702   0.08423363935071375   0.11174667181889407   0.03302666221991468   1.003700853879173   0.01076115634602786   0.011406813710150183   0.011647503487143794   2.154434690031884  
2.826929269322935e-11   1.9098678492066e-12   2.4402270246572515   0.0919669637945894   0.06390648786831503   0.036100195551514676   0.9858677646208944   0.010656353631449999   -0.0038451158593772747   0.011632043072296473   2.154434690031884  
3.7207180897072276e-11   2.256254413558727e-12   2.5491123626748142   0.07993987970302228   0.05544118246117531   0.03325423108510213   1.0173403591106724   0.01082859002582435   0.012293882066342963   0.011566149803465825   2.154434690031884  
3.7763629319697457e-11   2.322110184124628e-12   2.1558402280420275   0.08685519433829676   0.1148185066038141   0.03509308422276021   0.9961811185235486   0.010716397595816217   -0.0023348358862727877   0.011588259709519202   2.154434690031884  
3.5696339162879614e-11   1.95738431654948e-12   2.312629028450579   0.07801907680371656   0.06427270202136547   0.027964615623370326   1.004771602649204   0.010756387225810803   0.007791365111666709   0.011604166931510052   2.154434690031884  
3.746622327128321e-11   2.657321900557947e-12   2.2423663189799967   0.09608805872690045   0.12044510246430667   0.04302928298583597   0.9777816571533458   0.010634117435803475   -0.007344110730387878   0.011670162656273471   2.154434690031884  
2.8913503592532595e-11   2.1593764309364135e-12   2.478549906736459   0.09810892324241643   0.07623828161916762   0.04289657729119073   1.0020314606137353   0.010738953075081516   0.008295240940659096   0.01161726943561738   2.154434690031884  
4.434830195151889e-11   2.3894297868728813e-12   2.1574000593930633   0.07746971956513793   0.09656656659132835   0.029900320735491193   0.9907891607556271   0.010695009940619362   -0.00041227054875117255   0.011638714889483679   2.154434690031884  
3.3960456261049616e-11   1.9939795449360416e-12   2.206529431780741   0.08496660714496256   0.07626240291948361   0.03105185166506283   1.0114245681959537   0.010802533706735465   -0.010072813849991499   0.011454247832313014   2.154434690031884  
4.723227561767508e-11   2.8063992836238145e-12   2.2429843139498784   0.08125999065209298   0.10730108063793481   0.03530192382348387   1.0046722926757028   0.010775363194779512   0.021270181840530596   0.011719043596132813   2.154434690031884  
3.5881392924638676e-11   2.6461439551471844e-12   2.2172395369509577   0.09954070833166101   0.13278897953836907   0.04520040286138927   0.9978847644578599   0.010729353234672943   -0.012382412896107855   0.011509211621184004   2.154434690031884  
4.460759564420046e-11   2.6830932840939585e-12   2.196525776418162   0.08304037578735496   0.11461668690334499   0.03570986090025466   0.9842456536097673   0.010663745655352991   0.006152496848441967   0.01174125973547161   2.154434690031884  
3.9537343081072965e-11   2.5371952402923443e-12   2.315174825012278   0.08663831598285907   0.09867218901009683   0.037506744216560896   0.9997463277949514   0.010743383131374106   -0.009497251992915639   0.011520520190012066   2.154434690031884  
3.92290081804458e-11   3.061836569146228e-12   2.7021681740594867   0.09247793862974367   0.0765338103768873   0.04886624117735013   0.9864069076489282   0.010670923282220012   0.01241205294095501   0.011747128112024708   2.154434690031884  
3.09598338433283e-11   1.9243278145569208e-12   2.390911444360702   0.08592014617629173   0.06292871720758031   0.03257314548223352   0.9860650352628791   0.010655857889656017   -0.005689502167406594   0.011611555960433543   2.154434690031884  
4.836973709331984e-11   3.386583109335062e-12   2.2357260721647556   0.09077741543227473   0.15979165759077338   0.04478079611899999   0.992656037175522   0.010708774669654014   -0.0022209168724801184   0.011618082580413474   2.154434690031884  
4.5432377383246795e-11   3.232402820905683e-12   1.9266616241819843   0.09917507131641796   0.20635206959660388   0.04605750521886033   0.9852576563206564   0.010663246865965474   -0.003726035082565613   0.011646172494493848   2.154434690031884  
3.388338057151115e-11   2.381505583437617e-12   2.0760614299532776   0.09953362812576678   0.13856443691202278   0.042150054899300925   1.023396722108106   0.010860287595784359   0.006096967069065101   0.011498827320182594   2.154434690031884  
3.44371069417813e-11   2.273544756224573e-12   2.1373627108471007   0.09509293585893142   0.1033941144487159   0.03817779500092173   0.9928559326267377   0.010699795240579419   -0.0020032536049367188   0.011616903930056299   2.154434690031884  
4.1379630568011475e-11   3.0308965019918008e-12   2.1291234185698094   0.09799757659257706   0.16668621445216603   0.04641641065889416   0.9931079671135448   0.010708178123746064   -0.013368270998905021   0.011533553999805015   2.154434690031884  
4.776538021407687e-11   2.7508401892985456e-12   2.0560036780257143   0.08389370365293386   0.11326666390741735   0.03414161792943353   1.0037316443007842   0.010775713621873307   -0.01001176190270569   0.011500819700783064   2.154434690031884  
4.010749544765104e-11   2.609387834096898e-12   2.5819329085506326   0.08343085067944064   0.06690670905883779   0.038029952132173646   0.9955867835344857   0.01072700168951079   -0.015726762359644122   0.011512754897594886   2.154434690031884  
3.803391288020787e-11   2.4595514971254234e-12   2.2293866024418225   0.08863913293472492   0.11093264309195448   0.03788615144794903   0.9807563828100404   0.010643617078065212   -0.005359809210777614   0.011674846523322171   2.154434690031884  
4.7875362241289475e-11   3.12147201867862e-12   2.0702537621129675   0.08910674543371648   0.1631074045867972   0.040999168479181225   1.011987783959432   0.010809949257650954   -0.0008813671895046277   0.01151532898101787   2.154434690031884  
4.030977524047915e-11   2.5370677184317365e-12   1.9387580309379446   0.09188635391899994   0.14915463180966068   0.03777790027814275   1.0038661724029014   0.010753067154031805   0.018515699112763562   0.011681650961086367   2.154434690031884  
3.0220098070806976e-11   2.2886279561724344e-12   2.3791720319086838   0.10085552794980324   0.10236217884167764   0.044702758991491266   0.9976943601054071   0.010711716545932027   0.017242183783974956   0.01170324675587456   2.154434690031884  
4.479333110887021e-11   2.592580007306342e-12   2.0641060100268827   0.08281047842406045   0.1295703026814374   0.0338561628187487   0.9934827709818886   0.010711842434017791   0.0018070007178213221   0.011642721186943174   2.154434690031884  
3.577478435564813e-11   2.4649919682449643e-12   2.01842518402704   0.09874217606168394   0.14220336902400868   0.04145824932561378   1.0021621216963834   0.010749706912727424   -0.01334826097819462   0.011476666852374527   2.154434690031884  
3.9195705819266413e-11   2.6047432955004787e-12   1.6832967019500051   0.10097938133811832   0.21070277002563717   0.04147730269218136   0.9924517462120868   0.010692578216787336   0.013160528466155742   0.011707932429693398   2.154434690031884  
