|                           Parameters |                       0 |                       1 |   2 |                      3 |   4 |                       5 |                       6 |                     7 |   8 |   9 |                    10 |  11 |                     12 |                     13 |  14 |
|              LxhQFKby.spectral.index |     0.01855906852329581 | -1.5576587141542677e-13 | 0.0 |  -0.004069359471217707 | 0.0 |   5.225056643054657e-06 |  -1.327211418058008e-06 |                   0.0 | 0.0 | 0.0 |                   0.0 | 0.0 |                    0.0 |                    0.0 | 0.0 |
|          LxhQFKby.spectral.amplitude | -1.5576587141542677e-13 |  3.5529410297320436e-23 | 0.0 |  9.091184332773041e-14 | 0.0 |  -6.658155153609985e-17 |  1.7987701266852024e-17 |                   0.0 | 0.0 | 0.0 |                   0.0 | 0.0 |                    0.0 |                    0.0 | 0.0 |
|          LxhQFKby.spectral.reference |                     0.0 |                     0.0 | 0.0 |                    0.0 | 0.0 |                     0.0 |                     0.0 |                   0.0 | 0.0 | 0.0 |                   0.0 | 0.0 |                    0.0 |                    0.0 | 0.0 |
|            LxhQFKby.spectral.lambda_ |   -0.004069359471217707 |   9.091184332773041e-14 | 0.0 |  0.0016115980430778597 | 0.0 |  -6.337565901627804e-07 |  1.7377441733315355e-07 |                   0.0 | 0.0 | 0.0 |                   0.0 | 0.0 |                    0.0 |                    0.0 | 0.0 |
|              LxhQFKby.spectral.alpha |                     0.0 |                     0.0 | 0.0 |                    0.0 | 0.0 |                     0.0 |                     0.0 |                   0.0 | 0.0 | 0.0 |                   0.0 | 0.0 |                    0.0 |                    0.0 | 0.0 |
|               LxhQFKby.spatial.lon_0 |   5.225056643054657e-06 |  -6.658155153609985e-17 | 0.0 | -6.337565901627804e-07 | 0.0 |   5.211273781150463e-06 | -1.0711897838178746e-09 |                   0.0 | 0.0 | 0.0 |                   0.0 | 0.0 |                    0.0 |                    0.0 | 0.0 |
|               LxhQFKby.spatial.lat_0 |  -1.327211418058008e-06 |  1.7987701266852024e-17 | 0.0 | 1.7377441733315355e-07 | 0.0 | -1.0711897838178746e-09 |   3.905009261193971e-06 |                   0.0 | 0.0 | 0.0 |                   0.0 | 0.0 |                    0.0 |                    0.0 | 0.0 |
|           7Wzh7ppG-bkg.spectral.norm |                     0.0 |                     0.0 | 0.0 |                    0.0 | 0.0 |                     0.0 |                     0.0 | 0.0001147036126179864 | 0.0 | 0.0 |                   0.0 | 0.0 |                    0.0 |                    0.0 | 0.0 |
|           7Wzh7ppG-bkg.spectral.tilt |                     0.0 |                     0.0 | 0.0 |                    0.0 | 0.0 |                     0.0 |                     0.0 |                   0.0 | 0.0 | 0.0 |                   0.0 | 0.0 |                    0.0 |                    0.0 | 0.0 |
|      7Wzh7ppG-bkg.spectral.reference |                     0.0 |                     0.0 | 0.0 |                    0.0 | 0.0 |                     0.0 |                     0.0 |                   0.0 | 0.0 | 0.0 |                   0.0 | 0.0 |                    0.0 |                    0.0 | 0.0 |
|       7Wzh7ppG-irf.e_reco_model.bias |                     0.0 |                     0.0 | 0.0 |                    0.0 | 0.0 |                     0.0 |                     0.0 |                   0.0 | 0.0 | 0.0 | 0.0023892628987100405 | 0.0 |   8.07863089428904e-06 |  1.658583714872843e-06 | 0.0 |
| 7Wzh7ppG-irf.e_reco_model.resolution |                     0.0 |                     0.0 | 0.0 |                    0.0 | 0.0 |                     0.0 |                     0.0 |                   0.0 | 0.0 | 0.0 |                   0.0 | 0.0 |                    0.0 |                    0.0 | 0.0 |
|           7Wzh7ppG-irf.spectral.norm |                     0.0 |                     0.0 | 0.0 |                    0.0 | 0.0 |                     0.0 |                     0.0 |                   0.0 | 0.0 | 0.0 |  8.07863089428904e-06 | 0.0 |   0.010092080692061677 | 1.5315059076339203e-05 | 0.0 |
|           7Wzh7ppG-irf.spectral.tilt |                     0.0 |                     0.0 | 0.0 |                    0.0 | 0.0 |                     0.0 |                     0.0 |                   0.0 | 0.0 | 0.0 | 1.658583714872843e-06 | 0.0 | 1.5315059076339203e-05 | 0.00041908328432046295 | 0.0 |
|      7Wzh7ppG-irf.spectral.reference |                     0.0 |                     0.0 | 0.0 |                    0.0 | 0.0 |                     0.0 |                     0.0 |                   0.0 | 0.0 | 0.0 |                   0.0 | 0.0 |                    0.0 |                    0.0 | 0.0 |
