0.000000000000000000e+00
0.000000000000000000e+00
0.000000000000000000e+00
0.000000000000000000e+00
0.000000000000000000e+00
2.230512731160591144e+01
1.424219679039455455e+00
6.440376052390250905e-01
3.184702054514628955e+00
1.633939006283777085e+00
1.867989822049254345e+00
1.636814640553884370e+00
0.000000000000000000e+00
4.832817016195822823e+00
0.000000000000000000e+00
0.000000000000000000e+00
0.000000000000000000e+00
0.000000000000000000e+00
0.000000000000000000e+00
0.000000000000000000e+00
0.000000000000000000e+00
8.018424507815815616e+00
0.000000000000000000e+00
0.000000000000000000e+00
