|                           Parameters |   0 |                      1 |                       2 |                      3 |   4 |   5 |                      6 |                       7 |                    8 |                    9 |  10 |  11 |  12 |                      13 |                      14 |  15 |
|            Crabbreak.spectral.index1 | 0.0 |                    0.0 |                     0.0 |                    0.0 | 0.0 | 0.0 |                    0.0 |                     0.0 |                  0.0 |                  0.0 | 0.0 | 0.0 | 0.0 |                     0.0 |                     0.0 | 0.0 |
|            Crabbreak.spectral.index2 | 0.0 |    0.37553176287902545 |  1.7749090931428224e-08 |    0.00966173795661017 | 0.0 | 0.0 |  3.172364931597416e-05 |  -7.834539614937772e-05 |                  0.0 |                  0.0 | 0.0 | 0.0 | 0.0 |                     0.0 |                     0.0 | 0.0 |
|         Crabbreak.spectral.amplitude | 0.0 | 1.7749090931428224e-08 |  2.1866584314962418e-14 | -2.579607079735692e-09 | 0.0 | 0.0 | -2.445980895667302e-11 | -4.3680875624597146e-11 |                  0.0 |                  0.0 | 0.0 | 0.0 | 0.0 |                     0.0 |                     0.0 | 0.0 |
|            Crabbreak.spectral.ebreak | 0.0 |    0.00966173795661017 |  -2.579607079735692e-09 |   0.000690390970513859 | 0.0 | 0.0 |  3.343417683572495e-06 |   3.808199606389244e-06 |                  0.0 |                  0.0 | 0.0 | 0.0 | 0.0 |                     0.0 |                     0.0 | 0.0 |
|         Crabbreak.spectral.reference | 0.0 |                    0.0 |                     0.0 |                    0.0 | 0.0 | 0.0 |                    0.0 |                     0.0 |                  0.0 |                  0.0 | 0.0 | 0.0 | 0.0 |                     0.0 |                     0.0 | 0.0 |
|              Crabbreak.spectral.beta | 0.0 |                    0.0 |                     0.0 |                    0.0 | 0.0 | 0.0 |                    0.0 |                     0.0 |                  0.0 |                  0.0 | 0.0 | 0.0 | 0.0 |                     0.0 |                     0.0 | 0.0 |
|              Crabbreak.spatial.lon_0 | 0.0 |  3.172364931597416e-05 |  -2.445980895667302e-11 |  3.343417683572495e-06 | 0.0 | 0.0 |  3.520590656494925e-06 |  -3.753018205954071e-08 |                  0.0 |                  0.0 | 0.0 | 0.0 | 0.0 |                     0.0 |                     0.0 | 0.0 |
|              Crabbreak.spatial.lat_0 | 0.0 | -7.834539614937772e-05 | -4.3680875624597146e-11 |  3.808199606389244e-06 | 0.0 | 0.0 | -3.753018205954071e-08 |   6.233314972893445e-06 |                  0.0 |                  0.0 | 0.0 | 0.0 | 0.0 |                     0.0 |                     0.0 | 0.0 |
|           i0ic9FhT-bkg.spectral.norm | 0.0 |                    0.0 |                     0.0 |                    0.0 | 0.0 | 0.0 |                    0.0 |                     0.0 | 0.020685906566760046 | 0.000614789231857223 | 0.0 | 0.0 | 0.0 |                     0.0 |                     0.0 | 0.0 |
|           i0ic9FhT-bkg.spectral.tilt | 0.0 |                    0.0 |                     0.0 |                    0.0 | 0.0 | 0.0 |                    0.0 |                     0.0 | 0.000614789231857223 | 0.037807791042154607 | 0.0 | 0.0 | 0.0 |                     0.0 |                     0.0 | 0.0 |
|      i0ic9FhT-bkg.spectral.reference | 0.0 |                    0.0 |                     0.0 |                    0.0 | 0.0 | 0.0 |                    0.0 |                     0.0 |                  0.0 |                  0.0 | 0.0 | 0.0 | 0.0 |                     0.0 |                     0.0 | 0.0 |
|       i0ic9FhT-irf.e_reco_model.bias | 0.0 |                    0.0 |                     0.0 |                    0.0 | 0.0 | 0.0 |                    0.0 |                     0.0 |                  0.0 |                  0.0 | 0.0 | 0.0 | 0.0 |                     0.0 |                     0.0 | 0.0 |
| i0ic9FhT-irf.e_reco_model.resolution | 0.0 |                    0.0 |                     0.0 |                    0.0 | 0.0 | 0.0 |                    0.0 |                     0.0 |                  0.0 |                  0.0 | 0.0 | 0.0 | 0.0 |                     0.0 |                     0.0 | 0.0 |
|           i0ic9FhT-irf.spectral.norm | 0.0 |                    0.0 |                     0.0 |                    0.0 | 0.0 | 0.0 |                    0.0 |                     0.0 |                  0.0 |                  0.0 | 0.0 | 0.0 | 0.0 |    0.010008372700833953 | -1.7808804989638478e-05 | 0.0 |
|           i0ic9FhT-irf.spectral.tilt | 0.0 |                    0.0 |                     0.0 |                    0.0 | 0.0 | 0.0 |                    0.0 |                     0.0 |                  0.0 |                  0.0 | 0.0 | 0.0 | 0.0 | -1.7808804989638478e-05 |  0.00041445477550166606 | 0.0 |
|      i0ic9FhT-irf.spectral.reference | 0.0 |                    0.0 |                     0.0 |                    0.0 | 0.0 | 0.0 |                    0.0 |                     0.0 |                  0.0 |                  0.0 | 0.0 | 0.0 | 0.0 |                     0.0 |                     0.0 | 0.0 |
