|                           Parameters |   0 |                       1 |                       2 |                       3 |   4 |   5 |                      6 |                       7 |                     8 |                     9 |  10 |  11 |  12 |                     13 |                     14 |  15 |
|            Crabbreak.spectral.index1 | 0.0 |                     0.0 |                     0.0 |                     0.0 | 0.0 | 0.0 |                    0.0 |                     0.0 |                   0.0 |                   0.0 | 0.0 | 0.0 | 0.0 |                    0.0 |                    0.0 | 0.0 |
|            Crabbreak.spectral.index2 | 0.0 |      25.792996277512678 | -1.0239737272392802e-10 |      0.7050339793074789 | 0.0 | 0.0 | -0.0027881734833323318 |     0.00486166292521809 |                   0.0 |                   0.0 | 0.0 | 0.0 | 0.0 |                    0.0 |                    0.0 | 0.0 |
|         Crabbreak.spectral.amplitude | 0.0 | -1.0239737272392802e-10 |   1.177222352639643e-21 | -1.1155175522632431e-11 | 0.0 | 0.0 |  5.402107432890879e-15 |  -8.663590774939583e-15 |                   0.0 |                   0.0 | 0.0 | 0.0 | 0.0 |                    0.0 |                    0.0 | 0.0 |
|            Crabbreak.spectral.ebreak | 0.0 |      0.7050339793074789 | -1.1155175522632431e-11 |     0.21435625193939176 | 0.0 | 0.0 | 1.4488263774931679e-05 | -0.00029639923118955836 |                   0.0 |                   0.0 | 0.0 | 0.0 | 0.0 |                    0.0 |                    0.0 | 0.0 |
|         Crabbreak.spectral.reference | 0.0 |                     0.0 |                     0.0 |                     0.0 | 0.0 | 0.0 |                    0.0 |                     0.0 |                   0.0 |                   0.0 | 0.0 | 0.0 | 0.0 |                    0.0 |                    0.0 | 0.0 |
|              Crabbreak.spectral.beta | 0.0 |                     0.0 |                     0.0 |                     0.0 | 0.0 | 0.0 |                    0.0 |                     0.0 |                   0.0 |                   0.0 | 0.0 | 0.0 | 0.0 |                    0.0 |                    0.0 | 0.0 |
|              Crabbreak.spatial.lon_0 | 0.0 |  -0.0027881734833323318 |   5.402107432890879e-15 |  1.4488263774931679e-05 | 0.0 | 0.0 | 0.00020694749382125607 |   7.110013756688721e-06 |                   0.0 |                   0.0 | 0.0 | 0.0 | 0.0 |                    0.0 |                    0.0 | 0.0 |
|              Crabbreak.spatial.lat_0 | 0.0 |     0.00486166292521809 |  -8.663590774939583e-15 | -0.00029639923118955836 | 0.0 | 0.0 |  7.110013756688721e-06 |  0.00017193968072593606 |                   0.0 |                   0.0 | 0.0 | 0.0 | 0.0 |                    0.0 |                    0.0 | 0.0 |
|           KtpWJL6N-bkg.spectral.norm | 0.0 |                     0.0 |                     0.0 |                     0.0 | 0.0 | 0.0 |                    0.0 |                     0.0 |  0.005783155181873159 | 0.0005275619152637185 | 0.0 | 0.0 | 0.0 |                    0.0 |                    0.0 | 0.0 |
|           KtpWJL6N-bkg.spectral.tilt | 0.0 |                     0.0 |                     0.0 |                     0.0 | 0.0 | 0.0 |                    0.0 |                     0.0 | 0.0005275619152637185 |  0.005564285268229101 | 0.0 | 0.0 | 0.0 |                    0.0 |                    0.0 | 0.0 |
|      KtpWJL6N-bkg.spectral.reference | 0.0 |                     0.0 |                     0.0 |                     0.0 | 0.0 | 0.0 |                    0.0 |                     0.0 |                   0.0 |                   0.0 | 0.0 | 0.0 | 0.0 |                    0.0 |                    0.0 | 0.0 |
|       KtpWJL6N-irf.e_reco_model.bias | 0.0 |                     0.0 |                     0.0 |                     0.0 | 0.0 | 0.0 |                    0.0 |                     0.0 |                   0.0 |                   0.0 | 0.0 | 0.0 | 0.0 |                    0.0 |                    0.0 | 0.0 |
| KtpWJL6N-irf.e_reco_model.resolution | 0.0 |                     0.0 |                     0.0 |                     0.0 | 0.0 | 0.0 |                    0.0 |                     0.0 |                   0.0 |                   0.0 | 0.0 | 0.0 | 0.0 |                    0.0 |                    0.0 | 0.0 |
|           KtpWJL6N-irf.spectral.norm | 0.0 |                     0.0 |                     0.0 |                     0.0 | 0.0 | 0.0 |                    0.0 |                     0.0 |                   0.0 |                   0.0 | 0.0 | 0.0 | 0.0 |   0.010002921198345062 | -2.271089963576701e-06 | 0.0 |
|           KtpWJL6N-irf.spectral.tilt | 0.0 |                     0.0 |                     0.0 |                     0.0 | 0.0 | 0.0 |                    0.0 |                     0.0 |                   0.0 |                   0.0 | 0.0 | 0.0 | 0.0 | -2.271089963576701e-06 | 0.00040000927413567737 | 0.0 |
|      KtpWJL6N-irf.spectral.reference | 0.0 |                     0.0 |                     0.0 |                     0.0 | 0.0 | 0.0 |                    0.0 |                     0.0 |                   0.0 |                   0.0 | 0.0 | 0.0 | 0.0 |                    0.0 |                    0.0 | 0.0 |
