|                           Parameters |   0 |                      1 |                       2 |                       3 |   4 |   5 |                      6 |                       7 |                     8 |                     9 |  10 |  11 |  12 |                      13 |                      14 |  15 |
|            Crabbreak.spectral.index1 | 0.0 |                    0.0 |                     0.0 |                     0.0 | 0.0 | 0.0 |                    0.0 |                     0.0 |                   0.0 |                   0.0 | 0.0 | 0.0 | 0.0 |                     0.0 |                     0.0 | 0.0 |
|            Crabbreak.spectral.index2 | 0.0 |      349655.7980105419 |  -8.959100608600647e-10 |     -219.95995313585814 | 0.0 | 0.0 |   -0.12575541674878932 |      0.1900235693223536 |                   0.0 |                   0.0 | 0.0 | 0.0 | 0.0 |                     0.0 |                     0.0 | 0.0 |
|         Crabbreak.spectral.amplitude | 0.0 | -8.959100608600647e-10 |   1.164242559279368e-21 | -1.2989898530409927e-11 | 0.0 | 0.0 | 1.2803212683580347e-14 |  -4.905717701782202e-16 |                   0.0 |                   0.0 | 0.0 | 0.0 | 0.0 |                     0.0 |                     0.0 | 0.0 |
|            Crabbreak.spectral.ebreak | 0.0 |    -219.95995313585814 | -1.2989898530409927e-11 |      0.7883382577479798 | 0.0 | 0.0 | -0.0007706177435835451 | -0.00012450505258689097 |                   0.0 |                   0.0 | 0.0 | 0.0 | 0.0 |                     0.0 |                     0.0 | 0.0 |
|         Crabbreak.spectral.reference | 0.0 |                    0.0 |                     0.0 |                     0.0 | 0.0 | 0.0 |                    0.0 |                     0.0 |                   0.0 |                   0.0 | 0.0 | 0.0 | 0.0 |                     0.0 |                     0.0 | 0.0 |
|              Crabbreak.spectral.beta | 0.0 |                    0.0 |                     0.0 |                     0.0 | 0.0 | 0.0 |                    0.0 |                     0.0 |                   0.0 |                   0.0 | 0.0 | 0.0 | 0.0 |                     0.0 |                     0.0 | 0.0 |
|              Crabbreak.spatial.lon_0 | 0.0 |   -0.12575541674878932 |  1.2803212683580347e-14 |  -0.0007706177435835451 | 0.0 | 0.0 |   0.000513006522069817 |  1.1277479097481351e-07 |                   0.0 |                   0.0 | 0.0 | 0.0 | 0.0 |                     0.0 |                     0.0 | 0.0 |
|              Crabbreak.spatial.lat_0 | 0.0 |     0.1900235693223536 |  -4.905717701782202e-16 | -0.00012450505258689097 | 0.0 | 0.0 | 1.1277479097481351e-07 |  1.2783435615664557e-06 |                   0.0 |                   0.0 | 0.0 | 0.0 | 0.0 |                     0.0 |                     0.0 | 0.0 |
|           34rxWGt1-bkg.spectral.norm | 0.0 |                    0.0 |                     0.0 |                     0.0 | 0.0 | 0.0 |                    0.0 |                     0.0 |   0.02741349962863516 | 0.0057305998057254875 | 0.0 | 0.0 | 0.0 |                     0.0 |                     0.0 | 0.0 |
|           34rxWGt1-bkg.spectral.tilt | 0.0 |                    0.0 |                     0.0 |                     0.0 | 0.0 | 0.0 |                    0.0 |                     0.0 | 0.0057305998057254875 |  0.021045223343618275 | 0.0 | 0.0 | 0.0 |                     0.0 |                     0.0 | 0.0 |
|      34rxWGt1-bkg.spectral.reference | 0.0 |                    0.0 |                     0.0 |                     0.0 | 0.0 | 0.0 |                    0.0 |                     0.0 |                   0.0 |                   0.0 | 0.0 | 0.0 | 0.0 |                     0.0 |                     0.0 | 0.0 |
|       34rxWGt1-irf.e_reco_model.bias | 0.0 |                    0.0 |                     0.0 |                     0.0 | 0.0 | 0.0 |                    0.0 |                     0.0 |                   0.0 |                   0.0 | 0.0 | 0.0 | 0.0 |                     0.0 |                     0.0 | 0.0 |
| 34rxWGt1-irf.e_reco_model.resolution | 0.0 |                    0.0 |                     0.0 |                     0.0 | 0.0 | 0.0 |                    0.0 |                     0.0 |                   0.0 |                   0.0 | 0.0 | 0.0 | 0.0 |                     0.0 |                     0.0 | 0.0 |
|           34rxWGt1-irf.spectral.norm | 0.0 |                    0.0 |                     0.0 |                     0.0 | 0.0 | 0.0 |                    0.0 |                     0.0 |                   0.0 |                   0.0 | 0.0 | 0.0 | 0.0 |    0.010000868856543154 | -3.3579222150496923e-06 | 0.0 |
|           34rxWGt1-irf.spectral.tilt | 0.0 |                    0.0 |                     0.0 |                     0.0 | 0.0 | 0.0 |                    0.0 |                     0.0 |                   0.0 |                   0.0 | 0.0 | 0.0 | 0.0 | -3.3579222150496923e-06 |   0.0004000008406638237 | 0.0 |
|      34rxWGt1-irf.spectral.reference | 0.0 |                    0.0 |                     0.0 |                     0.0 | 0.0 | 0.0 |                    0.0 |                     0.0 |                   0.0 |                   0.0 | 0.0 | 0.0 | 0.0 |                     0.0 |                     0.0 | 0.0 |
