|                           Parameters |   0 |                      1 |                       2 |                      3 |   4 |   5 |                       6 |                      7 |                      8 |                      9 |  10 |  11 |  12 |                    13 |                    14 |  15 |
|            Crabbreak.spectral.index1 | 0.0 |                    0.0 |                     0.0 |                    0.0 | 0.0 | 0.0 |                     0.0 |                    0.0 |                    0.0 |                    0.0 | 0.0 | 0.0 | 0.0 |                   0.0 |                   0.0 | 0.0 |
|            Crabbreak.spectral.index2 | 0.0 |    0.23807303833123813 |  -7.931531633549336e-11 |     0.3950624545204131 | 0.0 | 0.0 |  0.00010029384651884144 |  8.382015408406657e-05 |                    0.0 |                    0.0 | 0.0 | 0.0 | 0.0 |                   0.0 |                   0.0 | 0.0 |
|         Crabbreak.spectral.amplitude | 0.0 | -7.931531633549336e-11 |  3.4171556091725765e-20 | -1.612040497671554e-10 | 0.0 | 0.0 | -4.2854552192225065e-14 | -3.644622360031158e-14 |                    0.0 |                    0.0 | 0.0 | 0.0 | 0.0 |                   0.0 |                   0.0 | 0.0 |
|            Crabbreak.spectral.ebreak | 0.0 |     0.3950624545204131 |  -1.612040497671554e-10 |      0.782143504665537 | 0.0 | 0.0 |  0.00020888248266171636 | 0.00016221384551765654 |                    0.0 |                    0.0 | 0.0 | 0.0 | 0.0 |                   0.0 |                   0.0 | 0.0 |
|         Crabbreak.spectral.reference | 0.0 |                    0.0 |                     0.0 |                    0.0 | 0.0 | 0.0 |                     0.0 |                    0.0 |                    0.0 |                    0.0 | 0.0 | 0.0 | 0.0 |                   0.0 |                   0.0 | 0.0 |
|              Crabbreak.spectral.beta | 0.0 |                    0.0 |                     0.0 |                    0.0 | 0.0 | 0.0 |                     0.0 |                    0.0 |                    0.0 |                    0.0 | 0.0 | 0.0 | 0.0 |                   0.0 |                   0.0 | 0.0 |
|              Crabbreak.spatial.lon_0 | 0.0 | 0.00010029384651884144 | -4.2854552192225065e-14 | 0.00020888248266171636 | 0.0 | 0.0 |   4.418822030130981e-05 | -1.224831730603465e-06 |                    0.0 |                    0.0 | 0.0 | 0.0 | 0.0 |                   0.0 |                   0.0 | 0.0 |
|              Crabbreak.spatial.lat_0 | 0.0 |  8.382015408406657e-05 |  -3.644622360031158e-14 | 0.00016221384551765654 | 0.0 | 0.0 |  -1.224831730603465e-06 | 3.0482923219397497e-05 |                    0.0 |                    0.0 | 0.0 | 0.0 | 0.0 |                   0.0 |                   0.0 | 0.0 |
|           Lh4-Rl0x-bkg.spectral.norm | 0.0 |                    0.0 |                     0.0 |                    0.0 | 0.0 | 0.0 |                     0.0 |                    0.0 |  0.0011273740430141534 | 0.00012599627511911007 | 0.0 | 0.0 | 0.0 |                   0.0 |                   0.0 | 0.0 |
|           Lh4-Rl0x-bkg.spectral.tilt | 0.0 |                    0.0 |                     0.0 |                    0.0 | 0.0 | 0.0 |                     0.0 |                    0.0 | 0.00012599627511911007 |  0.0013412396600855079 | 0.0 | 0.0 | 0.0 |                   0.0 |                   0.0 | 0.0 |
|      Lh4-Rl0x-bkg.spectral.reference | 0.0 |                    0.0 |                     0.0 |                    0.0 | 0.0 | 0.0 |                     0.0 |                    0.0 |                    0.0 |                    0.0 | 0.0 | 0.0 | 0.0 |                   0.0 |                   0.0 | 0.0 |
|       Lh4-Rl0x-irf.e_reco_model.bias | 0.0 |                    0.0 |                     0.0 |                    0.0 | 0.0 | 0.0 |                     0.0 |                    0.0 |                    0.0 |                    0.0 | 0.0 | 0.0 | 0.0 |                   0.0 |                   0.0 | 0.0 |
| Lh4-Rl0x-irf.e_reco_model.resolution | 0.0 |                    0.0 |                     0.0 |                    0.0 | 0.0 | 0.0 |                     0.0 |                    0.0 |                    0.0 |                    0.0 | 0.0 | 0.0 | 0.0 |                   0.0 |                   0.0 | 0.0 |
|           Lh4-Rl0x-irf.spectral.norm | 0.0 |                    0.0 |                     0.0 |                    0.0 | 0.0 | 0.0 |                     0.0 |                    0.0 |                    0.0 |                    0.0 | 0.0 | 0.0 | 0.0 |  0.010015916086362929 | 1.998471894044979e-08 | 0.0 |
|           Lh4-Rl0x-irf.spectral.tilt | 0.0 |                    0.0 |                     0.0 |                    0.0 | 0.0 | 0.0 |                     0.0 |                    0.0 |                    0.0 |                    0.0 | 0.0 | 0.0 | 0.0 | 1.998471894044979e-08 | 0.0004000703744086998 | 0.0 |
|      Lh4-Rl0x-irf.spectral.reference | 0.0 |                    0.0 |                     0.0 |                    0.0 | 0.0 | 0.0 |                     0.0 |                    0.0 |                    0.0 |                    0.0 | 0.0 | 0.0 | 0.0 |                   0.0 |                   0.0 | 0.0 |
