|                      Parameters |                      0 |                      1 |   2 |                       3 |   4 |                       5 |                      6 |                      7 |                      8 |   9 |
|             Crab.spectral.index |   0.014274765461453265 | -2.475655915887866e-13 | 0.0 |   -0.004599319514951138 | 0.0 |   5.114291349007236e-07 |  1.480754371280389e-08 |                    0.0 |                    0.0 | 0.0 |
|         Crab.spectral.amplitude | -2.475655915887866e-13 | 1.0820422087460737e-23 | 0.0 |    1.25812430012659e-13 | 0.0 |   -6.90508501414764e-17 |  5.519187597603867e-18 |                    0.0 |                    0.0 | 0.0 |
|         Crab.spectral.reference |                    0.0 |                    0.0 | 0.0 |                     0.0 | 0.0 |                     0.0 |                    0.0 |                    0.0 |                    0.0 | 0.0 |
|           Crab.spectral.lambda_ |  -0.004599319514951138 |   1.25812430012659e-13 | 0.0 |   0.0023080004954034485 | 0.0 | -1.8318140197735187e-08 | 2.7725873836899193e-08 |                    0.0 |                    0.0 | 0.0 |
|             Crab.spectral.alpha |                    0.0 |                    0.0 | 0.0 |                     0.0 | 0.0 |                     0.0 |                    0.0 |                    0.0 |                    0.0 | 0.0 |
|              Crab.spatial.lon_0 |  5.114291349007236e-07 |  -6.90508501414764e-17 | 0.0 | -1.8318140197735187e-08 | 0.0 |  1.1084800213911745e-05 |  2.301908938585484e-09 |                    0.0 |                    0.0 | 0.0 |
|              Crab.spatial.lat_0 |  1.480754371280389e-08 |  5.519187597603867e-18 | 0.0 |  2.7725873836899193e-08 | 0.0 |   2.301908938585484e-09 |  8.307592238782406e-06 |                    0.0 |                    0.0 | 0.0 |
|      2q16xmfq-bkg.spectral.norm |                    0.0 |                    0.0 | 0.0 |                     0.0 | 0.0 |                     0.0 |                    0.0 |  0.0002485576981514059 | 2.0228336067406305e-05 | 0.0 |
|      2q16xmfq-bkg.spectral.tilt |                    0.0 |                    0.0 | 0.0 |                     0.0 | 0.0 |                     0.0 |                    0.0 | 2.0228336067406305e-05 |  0.0002891914172703487 | 0.0 |
| 2q16xmfq-bkg.spectral.reference |                    0.0 |                    0.0 | 0.0 |                     0.0 | 0.0 |                     0.0 |                    0.0 |                    0.0 |                    0.0 | 0.0 |
