|                           Parameters |                       0 |                       1 |   2 |                       3 |   4 |                       5 |                       6 |                      7 |                      8 |   9 |                 10 |  11 |  12 |  13 |  14 |
|                  Crab.spectral.index |      1.8845573900868002 | -1.7622247048414543e-11 | 0.0 |    -0.24921885931690044 | 0.0 |   0.0009403498863244504 | -0.00022989919512085514 |                    0.0 |                    0.0 | 0.0 |                0.0 | 0.0 | 0.0 | 0.0 | 0.0 |
|              Crab.spectral.amplitude | -1.7622247048414543e-11 |  1.7223174357874205e-22 | 0.0 |  2.3984411581433095e-12 | 0.0 |   -8.79042219200973e-15 |  2.1512516735058727e-15 |                    0.0 |                    0.0 | 0.0 |                0.0 | 0.0 | 0.0 | 0.0 | 0.0 |
|              Crab.spectral.reference |                     0.0 |                     0.0 | 0.0 |                     0.0 | 0.0 |                     0.0 |                     0.0 |                    0.0 |                    0.0 | 0.0 |                0.0 | 0.0 | 0.0 | 0.0 | 0.0 |
|                Crab.spectral.lambda_ |    -0.24921885931690044 |  2.3984411581433095e-12 | 0.0 |     0.03430858294886657 | 0.0 | -0.00012295261711007464 |  3.0077741584860313e-05 |                    0.0 |                    0.0 | 0.0 |                0.0 | 0.0 | 0.0 | 0.0 | 0.0 |
|                  Crab.spectral.alpha |                     0.0 |                     0.0 | 0.0 |                     0.0 | 0.0 |                     0.0 |                     0.0 |                    0.0 |                    0.0 | 0.0 |                0.0 | 0.0 | 0.0 | 0.0 | 0.0 |
|                   Crab.spatial.lon_0 |   0.0009403498863244504 |   -8.79042219200973e-15 | 0.0 | -0.00012295261711007464 | 0.0 |  1.1560379605276144e-05 | -1.1682082906982107e-07 |                    0.0 |                    0.0 | 0.0 |                0.0 | 0.0 | 0.0 | 0.0 | 0.0 |
|                   Crab.spatial.lat_0 | -0.00022989919512085514 |  2.1512516735058727e-15 | 0.0 |  3.0077741584860313e-05 | 0.0 | -1.1682082906982107e-07 |   8.340159182922597e-06 |                    0.0 |                    0.0 | 0.0 |                0.0 | 0.0 | 0.0 | 0.0 | 0.0 |
|           ip3N0M1G-bkg.spectral.norm |                     0.0 |                     0.0 | 0.0 |                     0.0 | 0.0 |                     0.0 |                     0.0 | 0.00025072895827477244 | 2.1275275972077363e-05 | 0.0 |                0.0 | 0.0 | 0.0 | 0.0 | 0.0 |
|           ip3N0M1G-bkg.spectral.tilt |                     0.0 |                     0.0 | 0.0 |                     0.0 | 0.0 |                     0.0 |                     0.0 | 2.1275275972077363e-05 | 0.00028969373825808915 | 0.0 |                0.0 | 0.0 | 0.0 | 0.0 | 0.0 |
|      ip3N0M1G-bkg.spectral.reference |                     0.0 |                     0.0 | 0.0 |                     0.0 | 0.0 |                     0.0 |                     0.0 |                    0.0 |                    0.0 | 0.0 |                0.0 | 0.0 | 0.0 | 0.0 | 0.0 |
|       ip3N0M1G-irf.e_reco_model.bias |                     0.0 |                     0.0 | 0.0 |                     0.0 | 0.0 |                     0.0 |                     0.0 |                    0.0 |                    0.0 | 0.0 | 2.667536340243e-05 | 0.0 | 0.0 | 0.0 | 0.0 |
| ip3N0M1G-irf.e_reco_model.resolution |                     0.0 |                     0.0 | 0.0 |                     0.0 | 0.0 |                     0.0 |                     0.0 |                    0.0 |                    0.0 | 0.0 |                0.0 | 0.0 | 0.0 | 0.0 | 0.0 |
|           ip3N0M1G-irf.spectral.norm |                     0.0 |                     0.0 | 0.0 |                     0.0 | 0.0 |                     0.0 |                     0.0 |                    0.0 |                    0.0 | 0.0 |                0.0 | 0.0 | 0.0 | 0.0 | 0.0 |
|           ip3N0M1G-irf.spectral.tilt |                     0.0 |                     0.0 | 0.0 |                     0.0 | 0.0 |                     0.0 |                     0.0 |                    0.0 |                    0.0 | 0.0 |                0.0 | 0.0 | 0.0 | 0.0 | 0.0 |
|      ip3N0M1G-irf.spectral.reference |                     0.0 |                     0.0 | 0.0 |                     0.0 | 0.0 |                     0.0 |                     0.0 |                    0.0 |                    0.0 | 0.0 |                0.0 | 0.0 | 0.0 | 0.0 | 0.0 |
