|                            Parameters |                      0 |                      1 |   2 |                       3 |   4 |                       5 |                      6 |                      7 |                      8 |   9 |                   10 |                   11 |  12 |  13 |  14 |
|               TQLL36So.spectral.index |   0.005092739084997611 | 2.3384682456407253e-16 | 0.0 |  -0.0006456018591591699 | 0.0 |  1.7969547133767019e-06 | -8.890440327568095e-08 |                    0.0 |                    0.0 | 0.0 |                  0.0 |                  0.0 | 0.0 | 0.0 | 0.0 |
|           TQLL36So.spectral.amplitude | 2.3384682456407253e-16 | 3.2028839931014727e-27 | 0.0 |  2.7117662010380884e-16 | 0.0 |  -5.543585407288726e-18 |   4.99375558063953e-19 |                    0.0 |                    0.0 | 0.0 |                  0.0 |                  0.0 | 0.0 | 0.0 | 0.0 |
|           TQLL36So.spectral.reference |                    0.0 |                    0.0 | 0.0 |                     0.0 | 0.0 |                     0.0 |                    0.0 |                    0.0 |                    0.0 | 0.0 |                  0.0 |                  0.0 | 0.0 | 0.0 | 0.0 |
|             TQLL36So.spectral.lambda_ | -0.0006456018591591699 | 2.7117662010380884e-16 | 0.0 |  0.00019280394930886615 | 0.0 | -1.2966283239524425e-07 | 1.9220503670907667e-08 |                    0.0 |                    0.0 | 0.0 |                  0.0 |                  0.0 | 0.0 | 0.0 | 0.0 |
|               TQLL36So.spectral.alpha |                    0.0 |                    0.0 | 0.0 |                     0.0 | 0.0 |                     0.0 |                    0.0 |                    0.0 |                    0.0 | 0.0 |                  0.0 |                  0.0 | 0.0 | 0.0 | 0.0 |
|                TQLL36So.spatial.lon_0 | 1.7969547133767019e-06 | -5.543585407288726e-18 | 0.0 | -1.2966283239524425e-07 | 0.0 |   7.739286269884854e-06 |  1.852925475804943e-09 |                    0.0 |                    0.0 | 0.0 |                  0.0 |                  0.0 | 0.0 | 0.0 | 0.0 |
|                TQLL36So.spatial.lat_0 | -8.890440327568095e-08 |   4.99375558063953e-19 | 0.0 |  1.9220503670907667e-08 | 0.0 |   1.852925475804943e-09 |  5.769524130763191e-06 |                    0.0 |                    0.0 | 0.0 |                  0.0 |                  0.0 | 0.0 | 0.0 | 0.0 |
|           dataset N-bkg.spectral.norm |                    0.0 |                    0.0 | 0.0 |                     0.0 | 0.0 |                     0.0 |                    0.0 |  2.449199842365478e-06 | 2.0342307759739836e-07 | 0.0 |                  0.0 |                  0.0 | 0.0 | 0.0 | 0.0 |
|           dataset N-bkg.spectral.tilt |                    0.0 |                    0.0 | 0.0 |                     0.0 | 0.0 |                     0.0 |                    0.0 | 2.0342307759739836e-07 |  2.858025146769133e-06 | 0.0 |                  0.0 |                  0.0 | 0.0 | 0.0 | 0.0 |
|      dataset N-bkg.spectral.reference |                    0.0 |                    0.0 | 0.0 |                     0.0 | 0.0 |                     0.0 |                    0.0 |                    0.0 |                    0.0 | 0.0 |                  0.0 |                  0.0 | 0.0 | 0.0 | 0.0 |
|       dataset N-irf.e_reco_model.bias |                    0.0 |                    0.0 | 0.0 |                     0.0 | 0.0 |                     0.0 |                    0.0 |                    0.0 |                    0.0 | 0.0 | 0.019805531462512873 | -0.01299900719538573 | 0.0 | 0.0 | 0.0 |
| dataset N-irf.e_reco_model.resolution |                    0.0 |                    0.0 | 0.0 |                     0.0 | 0.0 |                     0.0 |                    0.0 |                    0.0 |                    0.0 | 0.0 | -0.01299900719538573 | 0.017232537438494955 | 0.0 | 0.0 | 0.0 |
|  dataset N-irf.spectral.norm_nuisance |                    0.0 |                    0.0 | 0.0 |                     0.0 | 0.0 |                     0.0 |                    0.0 |                    0.0 |                    0.0 | 0.0 |                  0.0 |                  0.0 | 0.0 | 0.0 | 0.0 |
|  dataset N-irf.spectral.tilt_nuisance |                    0.0 |                    0.0 | 0.0 |                     0.0 | 0.0 |                     0.0 |                    0.0 |                    0.0 |                    0.0 | 0.0 |                  0.0 |                  0.0 | 0.0 | 0.0 | 0.0 |
|      dataset N-irf.spectral.reference |                    0.0 |                    0.0 | 0.0 |                     0.0 | 0.0 |                     0.0 |                    0.0 |                    0.0 |                    0.0 | 0.0 |                  0.0 |                  0.0 | 0.0 | 0.0 | 0.0 |
