|                            Parameters |                      0 |                      1 |   2 |                       3 |   4 |                      5 |                       6 |                       7 |                       8 |   9 |                      10 |                      11 |  12 |  13 |  14 |
|               TQLL36So.spectral.index |    0.03825917979560445 |  4.369577668928584e-15 | 0.0 |  -0.0014283502007553508 | 0.0 | 3.8262003839758895e-05 |  -1.435042542294075e-06 |  1.2027808713441708e-06 |  1.3526724126183858e-05 | 0.0 |    0.017144030636060806 |    0.029054573906454245 | 0.0 | 0.0 | 0.0 |
|           TQLL36So.spectral.amplitude |  4.369577668928584e-15 |  3.647434275451576e-27 | 0.0 |  1.6650832804203449e-16 | 0.0 |  -8.17344203349642e-19 |  3.3036924305896526e-19 |   -4.72919780071937e-18 |  1.6512743265789496e-18 | 0.0 |   2.181819038060651e-15 |   4.322416170174208e-15 | 0.0 | 0.0 | 0.0 |
|           TQLL36So.spectral.reference |                    0.0 |                    0.0 | 0.0 |                     0.0 | 0.0 |                    0.0 |                     0.0 |                     0.0 |                     0.0 | 0.0 |                     0.0 |                     0.0 | 0.0 | 0.0 | 0.0 |
|             TQLL36So.spectral.lambda_ | -0.0014283502007553508 | 1.6650832804203449e-16 | 0.0 |  0.00020932222397796317 | 0.0 | -9.890925566284166e-07 |   5.078288055388451e-08 | -5.9061903772520124e-09 | -1.5678865985316604e-07 | 0.0 | -0.00040292592996891676 |  -0.0006354987739937308 | 0.0 | 0.0 | 0.0 |
|               TQLL36So.spectral.alpha |                    0.0 |                    0.0 | 0.0 |                     0.0 | 0.0 |                    0.0 |                     0.0 |                     0.0 |                     0.0 | 0.0 |                     0.0 |                     0.0 | 0.0 | 0.0 | 0.0 |
|                TQLL36So.spatial.lon_0 | 3.8262003839758895e-05 |  -8.17344203349642e-19 | 0.0 |  -9.890925566284166e-07 | 0.0 |  7.490256505881853e-06 |   2.464103697750002e-10 |  1.8899890899941264e-08 |  1.4673676783112457e-08 | 0.0 |  1.8842565725247857e-05 |  3.1922321579682076e-05 | 0.0 | 0.0 | 0.0 |
|                TQLL36So.spatial.lat_0 | -1.435042542294075e-06 | 3.3036924305896526e-19 | 0.0 |   5.078288055388451e-08 | 0.0 |  2.464103697750002e-10 |   5.554559112247926e-06 | -1.3441369199888366e-09 | -3.5761485093661853e-10 | 0.0 |  -6.930601558874281e-07 | -1.1795140583648445e-06 | 0.0 | 0.0 | 0.0 |
|           dataset N-bkg.spectral.norm | 1.2027808713441708e-06 |  -4.72919780071937e-18 | 0.0 | -5.9061903772520124e-09 | 0.0 | 1.8899890899941264e-08 | -1.3441369199888366e-09 |  2.4496318361903987e-06 |  2.0522093685865934e-07 | 0.0 |  1.6625445300083716e-06 |  2.7100764254895503e-06 | 0.0 | 0.0 | 0.0 |
|           dataset N-bkg.spectral.tilt | 1.3526724126183858e-05 | 1.6512743265789496e-18 | 0.0 | -1.5678865985316604e-07 | 0.0 | 1.4673676783112457e-08 | -3.5761485093661853e-10 |  2.0522093685865934e-07 |  2.8684885198717753e-06 | 0.0 |   9.559675375032292e-06 |  1.6050292723083827e-05 | 0.0 | 0.0 | 0.0 |
|      dataset N-bkg.spectral.reference |                    0.0 |                    0.0 | 0.0 |                     0.0 | 0.0 |                    0.0 |                     0.0 |                     0.0 |                     0.0 | 0.0 |                     0.0 |                     0.0 | 0.0 | 0.0 | 0.0 |
|       dataset N-irf.e_reco_model.bias |   0.017144030636060806 |  2.181819038060651e-15 | 0.0 | -0.00040292592996891676 | 0.0 | 1.8842565725247857e-05 |  -6.930601558874281e-07 |  1.6625445300083716e-06 |   9.559675375032292e-06 | 0.0 |    0.008825656175851572 |    0.014502359027709103 | 0.0 | 0.0 | 0.0 |
| dataset N-irf.e_reco_model.resolution |   0.029054573906454245 |  4.322416170174208e-15 | 0.0 |  -0.0006354987739937308 | 0.0 | 3.1922321579682076e-05 | -1.1795140583648445e-06 |  2.7100764254895503e-06 |  1.6050292723083827e-05 | 0.0 |    0.014502359027709103 |    0.031663396920217364 | 0.0 | 0.0 | 0.0 |
|  dataset N-irf.spectral.norm_nuisance |                    0.0 |                    0.0 | 0.0 |                     0.0 | 0.0 |                    0.0 |                     0.0 |                     0.0 |                     0.0 | 0.0 |                     0.0 |                     0.0 | 0.0 | 0.0 | 0.0 |
|  dataset N-irf.spectral.tilt_nuisance |                    0.0 |                    0.0 | 0.0 |                     0.0 | 0.0 |                    0.0 |                     0.0 |                     0.0 |                     0.0 | 0.0 |                     0.0 |                     0.0 | 0.0 | 0.0 | 0.0 |
|      dataset N-irf.spectral.reference |                    0.0 |                    0.0 | 0.0 |                     0.0 | 0.0 |                    0.0 |                     0.0 |                     0.0 |                     0.0 | 0.0 |                     0.0 |                     0.0 | 0.0 | 0.0 | 0.0 |
