8.501771276557925157e+05
8.501753007403776282e+05
8.501736442882691044e+05
8.501721998084367951e+05
8.501708259784132242e+05
8.501697080073943362e+05
8.501688529351850739e+05
8.501684327733288519e+05
8.501689322770237923e+05
8.501703770526211010e+05
8.501727755859283498e+05
8.501761326918923296e+05
8.501804410880802898e+05
8.501856918959944742e+05
8.501918761458703084e+05
8.501989876705649076e+05
8.501841827933898894e+05
8.501795189836968202e+05
8.501753014906789176e+05
8.501716299915320706e+05
8.501686043093929766e+05
8.501663183073201217e+05
8.501648545845283661e+05
8.501642806816149969e+05
8.501646472364682704e+05
8.501659893707602751e+05
8.501683228549732594e+05
8.501716594032121357e+05
8.501759973724856973e+05
8.501813327384672593e+05
8.501876606822526082e+05
8.501949786831566598e+05
8.501814125231882790e+05
8.501766629641222535e+05
8.501723391580681782e+05
8.501685422927639447e+05
8.501653764709396055e+05
8.501629421703687403e+05
8.501613303376176627e+05
8.501606178857078776e+05
8.501608651183855254e+05
8.501621153031276772e+05
8.501643962148153223e+05
8.501677230640359921e+05
8.501721021522878436e+05
8.501775347039811313e+05
8.501840205097929575e+05
8.501915611001168145e+05
8.501789859234052710e+05
8.501741789525346830e+05
8.501697774183581350e+05
8.501658828590549529e+05
8.501626027196075302e+05
8.501600435002022423e+05
8.501583042385450099e+05
8.501574712981634075e+05
8.501576150047648698e+05
8.501587884763352340e+05
8.501610286112204194e+05
8.501643587129641091e+05
8.501687920763090951e+05
8.501743359035558533e+05
8.501809949971579481e+05
8.501887757407880854e+05
8.501769095753255533e+05
8.501720751821175218e+05
8.501676270065295976e+05
8.501636653138664551e+05
8.501602998695656424e+05
8.501576424078643322e+05
8.501557996480017900e+05
8.501548673511961242e+05
8.501549261424094439e+05
8.501560395261464873e+05
8.501582542107841000e+05
8.501616023294753395e+05
8.501661048819718417e+05
8.501717756904917769e+05
8.501786252594782272e+05
8.501866649676380912e+05
8.501751890306194546e+05
8.501703590849555330e+05
8.501658973621742334e+05
8.501619019948956557e+05
8.501584835833818652e+05
8.501557580759914126e+05
8.501538392769679194e+05
8.501528321422247682e+05
8.501528277644444024e+05
8.501539005100346403e+05
8.501561075763712870e+05
8.501594906932784943e+05
8.501640793241406791e+05
8.501698946177343605e+05
8.501769533957499079e+05
8.501852725651962683e+05
8.501738287891360233e+05
8.501690364591421094e+05
8.501645964788602432e+05
8.501606037160338601e+05
8.501571680890795542e+05
8.501544084654625040e+05
8.501524449021106120e+05
8.501513911711387336e+05
8.501513488566577435e+05
8.501524035820106510e+05
8.501546236847287510e+05
8.501580612753686728e+05
8.501627550903161755e+05
8.501687343673997093e+05
8.501760229239213513e+05
8.501846437971651321e+05
8.501728321812524227e+05
8.501681119283565786e+05
8.501637306185996858e+05
8.501597795258986298e+05
8.501563658676787745e+05
8.501536099730290007e+05
8.501516370273161447e+05
8.501505690092812292e+05
8.501505178661528043e+05
8.501515807433838490e+05
8.501538377193534980e+05
8.501573520745440619e+05
8.501621726719466969e+05
8.501683376631251303e+05
8.501758786062583094e+05
8.501848253237154568e+05
8.501722013079032768e+05
8.501675884627774358e+05
8.501633046904527582e+05
8.501594364634769736e+05
8.501560873099742457e+05
8.501533770375603344e+05
8.501514344792852644e+05
8.501503889355408028e+05
8.501503623531658668e+05
8.501514635364641435e+05
8.501537848134398228e+05
8.501574014098108746e+05
8.501623732025447534e+05
8.501687481429073960e+05
8.501765663475354668e+05
8.501858651461289264e+05
8.501719369863134343e+05
8.501674676618089434e+05
8.501633213417560328e+05
8.501595792087924201e+05
8.501563403634742135e+05
8.501537216901087668e+05
8.501518539289806504e+05
8.501508724385995883e+05
8.501509085527630523e+05
8.501520826555046951e+05
8.501544997208488639e+05
8.501582473823599285e+05
8.501633982152903918e+05
8.501700099955614423e+05
8.501781330535262823e+05
8.501878125092285918e+05
8.501720387165434659e+05
8.501677494193692692e+05
8.501637814315281576e+05
8.501602104609272210e+05
8.501571301713798894e+05
8.501546530537141953e+05
8.501529093262625393e+05
8.501520386712945765e+05
8.501521808361007133e+05
8.501534674608907662e+05
8.501560163944694214e+05
8.501599288571232464e+05
8.501652892351271585e+05
8.501721684922860004e+05
8.501806265022990992e+05
8.501907177427270217e+05
8.501725046607283875e+05
8.501684319301309297e+05
8.501646834881295217e+05
8.501613298895768821e+05
8.501584586026078323e+05
8.501561768107053358e+05
8.501546112361681880e+05
8.501539037468447350e+05
8.501542010429492220e+05
8.501556453712685034e+05
8.501583674447481753e+05
8.501624823391627287e+05
8.501680881146361353e+05
8.501752685664163437e+05
8.501840950237696525e+05
8.501946320933689130e+05
8.501733316252657678e+05
8.501695116648452822e+05
8.501660240517052589e+05
8.501629345695914235e+05
8.501603246251286473e+05
8.501582946611684747e+05
8.501569660814484814e+05
8.501564798968556570e+05
8.501569876496996731e+05
8.501586410709173651e+05
8.501615834511992289e+05
8.501659436864611926e+05
8.501718353806555970e+05
8.501793551251541357e+05
8.501885872081391281e+05
8.501996074370780261e+05
8.501745149950386258e+05
8.501709833662618184e+05
8.501677973411246203e+05
8.501650187717677327e+05
8.501627230776731158e+05
8.501610036658983445e+05
8.501599753177792300e+05
8.501597744521979475e+05
8.501605547079400858e+05
8.501624755290719913e+05
8.501656920454751235e+05
8.501703477450194769e+05
8.501765703008507844e+05
8.501844723191243829e+05
8.501941514551660512e+05
8.502056959077189676e+05
8.501760488561075181e+05
8.501728400421736296e+05
8.501699953306009993e+05
8.501675735614170553e+05
8.501656451486838050e+05
8.501642966020345921e+05
8.501636345941592008e+05
8.501637886411088984e+05
8.501649105345663847e+05
8.501671646941764047e+05
8.501707167283945018e+05
8.501757236280576326e+05
8.501823299123422476e+05
8.501906627796030371e+05
8.502008353232010268e+05
8.502129491616180167e+05
