9.406363656798667e-13  9.22325987688862e-13  9.030118629920977e-13  8.823547679919586e-13  8.599309675572413e-13  8.352170333474837e-13  8.075764385648952e-13  7.762521378353631e-13  7.403723667376461e-13  6.989812063359632e-13  6.511108787237968e-13  5.959180187217251e-13  5.329077501548915e-13  4.622597279284736e-13  3.8523674542060946e-13  3.0458438068841773e-13  2.2471732210271857e-13  1.51378568904411e-13  9.048348909586419e-14  4.621929257733308e-14  
1.3937682255034226e-12  1.2679105875610633e-12  1.1519139312140002e-12  1.0447360184017026e-12  9.453965288685503e-13  8.529713451660187e-13  7.665900236444131e-13  6.8543799888651e-13  6.087657331471862e-13  5.359077532111813e-13  4.663150797371515e-13  3.996044001537241e-13  3.356253941111895e-13  2.745421230464692e-13  2.1691306961191262e-13  1.6373579699970933e-13  1.163992975627673e-13  7.647396678290706e-14  4.529653093076335e-14  2.3412593368158997e-14  
1.1239551767178231e-12  1.0434168616448409e-12  9.677759809653384e-13  8.96554566855878e-13  8.292806493447312e-13  7.654843772056578e-13  7.046950961817437e-13  6.464402571255704e-13  5.902475408061189e-13  5.356523006540634e-13  4.822133355634593e-13  4.295409946985227e-13  3.7734231394427276e-13  3.2548743309817427e-13  2.740983085526511e-13  2.236521469543477e-13  1.7507513098052306e-13  1.2977626701381635e-13  8.954446461794497e-14  5.622976978674877e-14  
1.2642950431012757e-12  1.154017432063369e-12  1.0526913292598707e-12  9.59462279793357e-13  8.735327033796388e-13  7.941550015460702e-13  7.206255130124958e-13  6.522796515220894e-13  5.884887829372424e-13  5.286597138447837e-13  4.722380870303172e-13  4.187174971663565e-13  3.676566690982475e-13  3.187073458755021e-13  2.7165509836113435e-13  2.2647313679098372e-13  1.8338390295785451e-13  1.4291309712581833e-13  1.059054694069081e-13  7.345554995462002e-14  
9.880557458050243e-13  9.31744349108655e-13  8.77852381634163e-13  8.261003212051002e-13  7.761920848106522e-13  7.278108397248216e-13  6.806153711370884e-13  6.342379383613542e-13  5.882851743386222e-13  5.423444884389289e-13  4.959996552529989e-13  4.488607324718324e-13  4.0061478510088687e-13  3.5110415283291e-13  3.004362232395407e-13  2.491195414852265e-13  1.9820133739796794e-13  1.4934883392850278e-13  1.0477821823393006e-13  6.692022472024968e-14  
1.1130611162670095e-12  1.081677694833347e-12  1.0483719123056164e-12  1.0125262909822476e-12  9.733983646989934e-13  9.30116325234193e-13  8.816918314861798e-13  8.2706371809514e-13  7.651922595563538e-13  6.952288349148958e-13  6.16785777261895e-13  5.303167545414767e-13  4.375747481986265e-13  3.4202754742641105e-13  2.4898278367822414e-13  1.650667871301451e-13  9.677411627358612e-14  4.827009464104834e-14  1.9469148791335085e-14  5.939582913405718e-15  
1.1850034136940977e-12  1.1122040502838095e-12  1.0425032501976424e-12  9.754804842938591e-13  9.106920911914147e-13  8.476676390434891e-13  7.859089340390759e-13  7.248939975390151e-13  6.640895752652986e-13  6.029773318374926e-13  5.4110060184437e-13  4.781397188685461e-13  4.140229294287817e-13  3.490737091278977e-13  2.8417935338957146e-13  2.2093532666944606e-13  1.6167573543213406e-13  1.0926052274723879e-13  6.650465483874126e-14  3.527970807669247e-14  
1.5232544374883386e-12  1.3214671560793245e-12  1.1468454960936437e-12  9.957947640533148e-13  8.652053474461754e-13  7.523889828766347e-13  6.550238426078827e-13  5.711073929082399e-13  4.989161847850095e-13  4.3697195670556727e-13  3.8401368452255874e-13  3.3897554784813057e-13  3.009712695285142e-13  2.6928606697202885e-13  2.433788097035867e-13  2.2289948214255993e-13  2.0773194943716398e-13  1.9808215359678416e-13  1.9465406863506843e-13  1.990076245752867e-13  
1.300833864749118e-12  1.1975474008506846e-12  1.1023437147275651e-12  1.0145656299924695e-12  9.336042353337858e-13  8.588943266870403e-13  7.899100773844088e-13  7.261609040240312e-13  6.671875032157525e-13  6.125580466237861e-13  5.618645419569435e-13  5.14719400487628e-13  4.707523043154474e-13  4.296075489176703e-13  3.9094216201636514e-13  3.5442528495500097e-13  3.1973956419330325e-13  2.865856460650212e-13  2.546912762529979e-13  2.2382688430530833e-13  
1.3284833631270376e-12  1.2007946476062183e-12  1.0845518219524801e-12  9.785808375993747e-13  8.818020306423216e-13  7.932198817013089e-13  7.119143565221932e-13  6.370342377893928e-13  5.677931179296409e-13  5.034690662040785e-13  4.4340940173431076e-13  3.870424344277355e-13  3.3389830106427353e-13  2.8364073440847947e-13  2.3611002915772793e-13  1.9137345651913346e-13  1.497715455255486e-13  1.1193635790677968e-13  7.874375413315462e-14  5.115576763327666e-14  
1.2509470759472613e-12  1.1382330504386336e-12  1.035657296243188e-12  9.423044624024156e-13  8.573411672769249e-13  7.800085272594335e-13  7.096153412195477e-13  6.455318685594623e-13  5.871841439118857e-13  5.340487762037614e-13  4.856481841350197e-13  4.415462242041138e-13  4.013441714252413e-13  3.64677017080596e-13  3.3121005261632137e-13  3.0063571469941733e-13  2.7267067437345246e-13  2.4705316447985604e-13  2.2354055594743263e-13  2.019072178971017e-13  
1.5958789260910147e-12  1.3883740420108847e-12  1.208255897650475e-12  1.0519694648120493e-12  9.164302621007718e-13  7.989637185189248e-13  6.972527583533374e-13  6.092926454628028e-13  5.333523090655564e-13  4.679415664523916e-13  4.117838812732701e-13  3.637945834078647e-13  3.230648883979584e-13  2.8885270312767927e-13  2.605823073312974e-13  2.3785699809367856e-13  2.204926106807449e-13  2.0858756336728737e-13  2.0266160606676663e-13  2.039330061515092e-13  
1.2718728325905542e-12  1.1634912415695283e-12  1.0641078797956258e-12  9.729283208992443e-13  8.892187838892523e-13  8.122998338727953e-13  7.415404677467812e-13  6.76352573168469e-13  6.161857822087888e-13  5.605227922914774e-13  5.088753054976786e-13  4.607808554673404e-13  4.1580096430522733e-13  3.7352131600267617e-13  3.335549570776892e-13  2.955499245337012e-13  2.5920308126365505e-13  2.24282110531412e-13  1.9065715958242068e-13  1.5834176107115035e-13  
1.1811241779384062e-12  1.1100460033872204e-12  1.0430368983890128e-12  9.798156509417377e-13  9.201088967200463e-13  8.636487021328995e-13  8.101699260467935e-13  7.594073449974825e-13  7.110925554728128e-13  6.649507202461741e-13  6.206973188819631e-13  5.780352178515695e-13  5.366526248846552e-13  4.962228766333906e-13  4.564075750882456e-13  4.1686537171717867e-13  3.7726968021301953e-13  3.373396142408482e-13  2.9688901322511215e-13  2.55897467995433e-13  
1.3962703644124598e-12  1.2765959875130401e-12  1.1671506903456854e-12  1.0670544649547184e-12  9.755018645578784e-13  8.917554581692121e-13  8.151398146493721e-13  7.450359652439274e-13  6.808762972957991e-13  6.221398352097915e-13  5.683478680688013e-13  5.190598868022426e-13  4.738697978740609e-13  4.324023856907253e-13  3.9431000325681405e-13  3.592694814472914e-13  3.2697926376051916e-13  2.9715679871588544e-13  2.695362606591428e-13  2.438667277375019e-13  
1.3203628755832256e-12  1.2013036781657608e-12  1.0921026762570293e-12  9.917805805003615e-13  8.994250915312147e-13  8.141831835529522e-13  7.352547586220027e-13  6.618882260912012e-13  5.93378883360812e-13  5.290714055318842e-13  4.683682817122276e-13  4.107465842855002e-13  3.557857953543626e-13  3.0320903522026845e-13  2.5293799295574564e-13  2.051566632375887e-13  1.6036891436722097e-13  1.1941933097882474e-13  8.342955734740777e-14  5.359724538166508e-14  
1.7155515483087987e-12  1.4450975008605063e-12  1.2177359353633683e-12  1.0266509649717722e-12  8.661107958723658e-13  7.31296279995531e-13  6.181568455413171e-13  5.232895393845536e-13  4.438376312040721e-13  3.7740585341628307e-13  3.2198991251231645e-13  2.759184413669622e-13  2.3780611876116684e-13  2.06517344536733e-13  1.8114077859434828e-13  1.6097653209709528e-13  1.4554048203753565e-13  1.3459551033315082e-13  1.2823089473904244e-13  1.2703739074251368e-13  
9.6439718934148e-13  9.342983063409545e-13  9.046949414024047e-13  8.75464918067358e-13  8.464616033555705e-13  8.175079053647761e-13  7.883892567871251e-13  7.588457093955377e-13  7.285635455385353e-13  6.971673066129049e-13  6.642139608037425e-13  6.291922315763313e-13  5.91532039741538e-13  5.50631650957882e-13  5.059132520597984e-13  4.569203660101303e-13  4.0347035766629674e-13  3.458674683337786e-13  2.851586854609018e-13  2.2336808849428053e-13  
1.4206768783646276e-12  1.2711088469570038e-12  1.1362999304152208e-12  1.0146293337823215e-12  9.046282135988807e-13  8.049634818886094e-13  7.144242224920757e-13  6.319111176442395e-13  5.564295551184684e-13  4.870874191716969e-13  4.230989248774129e-13  3.6379612309933086e-13  3.086496264078499e-13  2.5729918810140474e-13  2.0959218019995855e-13  1.6562265162958566e-13  1.257546140929133e-13  9.06013443207239e-14  6.0923388782449e-14  3.7415391322378785e-14  
1.4878481961950602e-12  1.3165302931937992e-12  1.165493136184084e-12  1.0324289930153967e-12  9.153088977543232e-13  8.123524003253292e-13  7.220015349906571e-13  6.428988193423145e-13  5.738692809530398e-13  5.139067744016641e-13  4.621652601214854e-13  4.179563839607581e-13  3.807558420810041e-13  3.502230736325263e-13  3.262426867981205e-13  3.0900361708667137e-13  2.9914770123384705e-13  2.9805357803845196e-13  3.084012975290502e-13  3.3536108151349607e-13  
1.0831456886094728e-12  1.0371232545463866e-12  9.894727811891968e-13  9.395363658629775e-13  8.865650794898931e-13  8.297396980090711e-13  7.682207176580415e-13  7.012439326095284e-13  6.282807045802625e-13  5.492791502934865e-13  4.649858260621027e-13  3.7730558950085985e-13  2.8958072711467197e-13  2.065694221664911e-13  1.3384081667617006e-13  7.641889460995031e-14  3.695174938058648e-14  1.4361297946721213e-14  4.1883357981384465e-15  8.374537495366763e-16  
1.4833900968014086e-12  1.3022638625005818e-12  1.1424576606813312e-12  1.0013447547079408e-12  8.766061075447169e-13  7.661933052285196e-13  6.682964723613694e-13  5.813169158235163e-13  5.038444142037997e-13  4.3463927263207603e-13  3.7261947314973397e-13  3.168534277540853e-13  2.665588866282095e-13  2.2110827195416798e-13  1.80039756986037e-13  1.4307128764336821e-13  1.1011090297610657e-13  8.12510289577643e-14  5.672831324055616e-14  3.6828788621329767e-14  
1.1743898126320259e-12  1.1145614748424822e-12  1.0566113655937692e-12  1.0002185950985014e-12  9.450272839430308e-13  8.906405580516019e-13  8.36615887378913e-13  7.82463642540204e-13  7.276519407819468e-13  6.716225401217186e-13  6.138246963207856e-13  5.537761844168948e-13  4.9116206654501e-13  4.259799142867742e-13  3.58730741844291e-13  2.9063159153967536e-13  2.2378299565184047e-13  1.6116650939873433e-13  1.0630529750585697e-13  6.246905201376611e-14  
1.2232090569748884e-12  1.1358857132914146e-12  1.0537280618790514e-12  9.762117611195308e-13  9.028159268902812e-13  8.330191415807775e-13  7.662968863452621e-13  7.021216078860418e-13  6.39967309978677e-13  5.793214761356501e-13  5.197082396429368e-13  4.607277924883039e-13  4.0211745051784924e-13  3.4383826099978097e-13  2.861852306159649e-13  2.2990588709090035e-13  1.7628815045608622e-13  1.2714657515006907e-13  8.4612116362925e-14  5.065414537925221e-14  
1.056438688841358e-12  1.036139981062757e-12  1.0145321468539924e-12  9.911922539307227e-13  9.65593386039014e-13  9.370873667882278e-13  9.048909531961331e-13  8.680814795884572e-13  8.25611966760309e-13  7.763612455879504e-13  7.192411375101294e-13  6.533879507329478e-13  5.78463888434016e-13  4.950744962591811e-13  4.052545894940351e-13  3.1287263224264416e-13  2.2366415455875619e-13  1.4451327533907645e-13  8.175061226180972e-14  3.8832250787229865e-14  
1.459539918948226e-12  1.3025325545114483e-12  1.1618540374619994e-12  1.0357120104721663e-12  9.224955073410668e-13  8.207547692212633e-13  7.291833818500416e-13  6.466026881288918e-13  5.719485485475337e-13  5.042606760427685e-13  4.426749691706711e-13  3.8641950639504847e-13  3.348151199560858e-13  2.872816642370076e-13  2.4335105681998143e-13  2.0268756139202113e-13  1.6511403064987135e-13  1.3063915437579604e-13  9.947448943287552e-14  7.202161252139937e-14  
1.3375802134547023e-12  1.2355773477940985e-12  1.1405626823198483e-12  1.0518961824577168e-12  9.68961962772395e-13  8.911631601177947e-13  8.179174503707242e-13  7.48653753813673e-13  6.828110249789574e-13  6.198405297317557e-13  5.592137033625011e-13  5.004385407656631e-13  4.4308835548651406e-13  3.868472609973929e-13  3.315759957303363e-13  2.7739810532069573e-13  2.2479754149986715e-13  1.7470183033069813e-13  1.285001026218286e-13  8.79212532367867e-14  
1.4200022883536406e-12  1.2868853440942264e-12  1.1660234354426163e-12  1.0562460430759995e-12  9.564864760267075e-13  8.657713061540757e-13  7.832106827388123e-13  7.079894616516575e-13  6.393591124194488e-13  5.766304070262363e-13  5.191669525851236e-13  4.663797144125074e-13  4.177227969793118e-13  3.72690919055031e-13  3.3081924432195694e-13  2.916865050469646e-13  2.549226454550221e-13  2.2022240169341337e-13  1.8736607796324426e-13  1.5624780281185376e-13  
1.2471626649718976e-12  1.1594314825929527e-12  1.0761839847189061e-12  9.968582276115445e-13  9.208828735211615e-13  8.476757225647999e-13  7.766464969007767e-13  7.072067824797701e-13  6.387913274174461e-13  5.708963294726525e-13  5.031414174367774e-13  4.353615645679362e-13  3.67730886650429e-13  3.0090854336819273e-13  2.3617358632463466e-13  1.7547945072903446e-13  1.2132056401774107e-13  7.629869249063798e-14  4.236835927967068e-14  1.997599980408541e-14  
1.4269659080641842e-12  1.25956361071211e-12  1.111422059369869e-12  9.802659177889998e-13  8.640796274825815e-13  7.610766572980702e-13  6.696723902757991e-13  5.884603054331481e-13  5.161911982826458e-13  4.517552808884809e-13  3.9416711532956604e-13  3.4255346738473055e-13  2.961443186543043e-13  2.5426743052740646e-13  2.1634696952012577e-13  1.8190668420209154e-13  1.5057778328165568e-13  1.22110690788486e-13  9.638781634191146e-14  7.343098130106106e-14  
1.5347477683318463e-12  1.370354797532387e-12  1.2235137306187298e-12  1.0923407360201775e-12  9.751524707593305e-13  8.704444561831841e-13  7.768717400842838e-13  6.932315978046576e-13  6.18448051908842e-13  5.515580147449164e-13  4.916988813108141e-13  4.38097422068567e-13  3.9005984767609137e-13  3.4696294132516684e-13  3.082461812165266e-13  2.7340480796770787e-13  2.419838323779913e-13  2.135730314356428e-13  1.878030481416283e-13  1.6434279530011348e-13  
1.1923787735861261e-12  1.1481581228822173e-12  1.1029735620588225e-12  1.0562881316741052e-12  1.007465746069956e-12  9.557676944176936e-13  9.003620364967575e-13  8.40356128453755e-13  7.748670733357418e-13  7.031492965773826e-13  6.24799804273309e-13  5.40053856539854e-13  4.501563573437415e-13  3.5773440831213436e-13  2.6699950015276733e-13  1.8350339157461257e-13  1.1316148667083547e-13  6.05158625698734e-14  2.6834612141902386e-14  9.302436065566844e-15  
1.2884269588641198e-12  1.2113121657990678e-12  1.1373028076032855e-12  1.0659545551982174e-12  9.967944697752021e-13  9.293168288796894e-13  8.629818788430435e-13  7.97220140624572e-13  7.314463142000063e-13  6.650886490687921e-13  5.976416280562707e-13  5.287511583077358e-13  4.583403547392751e-13  3.8677699224916623e-13  3.150655444087221e-13  2.450120432129906e-13  1.7925962469395344e-13  1.210473665699331e-13  7.356234388452756e-14  3.8921457073452804e-14  
1.4660788436588594e-12  1.3411550071404984e-12  1.2257708233401587e-12  1.1189873441473225e-12  1.0199171504067517e-12  9.277176189621232e-13  8.415858061411559e-13  7.607558323467457e-13  6.845001353962566e-13  6.121366012883304e-13  5.430443479482683e-13  4.766916759272579e-13  4.1268000230378743e-13  3.5080659702925475e-13  2.911450991620199e-13  2.341338429702696e-13  1.806457507409678e-13  1.3199045122593948e-13  8.977836578950342e-14  5.55827305679612e-14  
1.4658167653998162e-12  1.3126505494082524e-12  1.1755025991491447e-12  1.0527001221173459e-12  9.427454439076098e-13  8.442977520901713e-13  7.56156757043694e-13  6.77248071041744e-13  6.066101280190669e-13  5.433824854654124e-13  4.867953670655389e-13  4.3616032027334636e-13  3.9086187722617677e-13  3.5035012053875973e-13  3.141340678698837e-13  2.817758011056056e-13  2.528852780535058e-13  2.2711577740903906e-13  2.0415994251082395e-13  1.8374640772280977e-13  
1.411159247672024e-12  1.26850684599991e-12  1.140183413432998e-12  1.0247331037412391e-12  9.208450056617573e-13  8.273381982852413e-13  7.431482648339093e-13  6.673151145816089e-13  5.989719803497691e-13  5.373354770146898e-13  4.81696625963307e-13  4.314127730996451e-13  3.8590035617047884e-13  3.4462851406930977e-13  3.0711358066106405e-13  2.7291457378827937e-13  2.4162988198626005e-13  2.1289547068474848e-13  1.863850729518155e-13  1.6181297617709346e-13  
1.3073180810073376e-12  1.2081559175606343e-12  1.1157964123201483e-12  1.0296253426354453e-12  9.490522872878118e-13  8.735056407781222e-13  8.024281382676064e-13  7.352733458546955e-13  6.71503874631123e-13  6.105925217873532e-13  5.520281598978467e-13  4.953289865837499e-13  4.4006661989060364e-13  3.8590518225740957e-13  3.3265926070758897e-13  2.803721095670962e-13  2.2940849096309767e-13  1.8054249316195083e-13  1.3499841051259843e-13  9.437771111525096e-14  
1.0801438082829564e-12  1.0264598025906525e-12  9.746366113939335e-13  9.24423175182193e-13  8.75543275374127e-13  8.276900132541642e-13  7.805204669236263e-13  7.336514353170603e-13  6.866578596623197e-13  6.390765411590444e-13  5.904192316177423e-13  5.402010537026971e-13  4.879922401040601e-13  4.3350250782880163e-13  3.7670603262136155e-13  3.1800727251616904e-13  2.584283434842336e-13  1.9976217584101127e-13  1.4458492668736892e-13  9.598141798680387e-14  
1.2614301230338521e-12  1.1752006081848385e-12  1.0924886445161649e-12  1.0127007881478813e-12  9.352215252010023e-13  8.594173427356905e-13  7.846498073904789e-13  7.103029931591169e-13  6.358323863001337e-13  5.608436417097892e-13  4.852086845139538e-13  4.0922062316023885e-13  3.337730843513509e-13  2.6051883443435523e-13  1.919166860828967e-13  1.3103114247274476e-13  8.095493781585859e-14  4.386049041571529e-14  1.9995308626087487e-14  7.264903233350571e-15  
1.32888236112608e-12  1.2510215634791952e-12  1.176381301159791e-12  1.1045384660684495e-12  1.0350430281298044e-12  9.674128826145427e-13  9.01130602167347e-13  8.356441282500776e-13  7.70374635091908e-13  7.047364321116907e-13  6.381757543477168e-13  5.702371848849762e-13  5.006670738383252e-13  4.295601644106915e-13  3.575443621469186e-13  2.859733713119161e-13  2.1705383146101096e-13  1.5378011357601025e-13  9.952181595654332e-14  5.718190461728209e-14  
1.5330707764571565e-12  1.3782999469601937e-12  1.2383478383956743e-12  1.1116550930977727e-12  9.968025717960975e-13  8.924961501594389e-13  7.975534799003932e-13  7.108929537894938e-13  6.315253252773302e-13  5.585487151119174e-13  4.911480905668278e-13  4.286006959577253e-13  3.702892400069196e-13  3.157246544475444e-13  2.6457942685119865e-13  2.16730020061857e-13  1.723015222017611e-13  1.3169834944789593e-13  9.559209539737064e-14  6.482677143967672e-14  
1.2559534712307505e-12  1.1640737418533658e-12  1.0783745888111598e-12  9.983263181882944e-13  9.23419608091948e-13  8.53161061855081e-13  7.870689397424768e-13  7.246693173202817e-13  6.654931123062721e-13  6.090747175970356e-13  5.549534126450193e-13  5.026793299231924e-13  4.5182652767496237e-13  4.020165732899257e-13  3.5295667647027794e-13  3.0449613360074396e-13  2.567023110956464e-13  2.099504528826067e-13  1.6500769365726904e-13  1.2306986536371293e-13  
1.0203759756189676e-12  9.784348490152349e-13  9.36120905479974e-13  8.930067964037736e-13  8.485916050923114e-13  8.022983502824472e-13  7.534809922454286e-13  7.014484155512359e-13  6.455162161950919e-13  5.851004555216323e-13  5.198688771907263e-13  4.499601401492826e-13  3.762629644989541e-13  3.0070509557307753e-13  2.2643157916234944e-13  1.5767038327811778e-13  9.905891845430873e-14  5.436510010787318e-14  2.497844434032676e-14  9.085693573000349e-15  
1.4871219528231805e-12  1.304242091328771e-12  1.1435714761460767e-12  1.002370768717036e-12  8.782323202401634e-13  7.690392434384443e-13  6.729295055596561e-13  5.882644667336496e-13  5.136013809827322e-13  4.4766946966254157e-13  3.893492729241376e-13  3.376550879453363e-13  2.9172041606730174e-13  2.5078646373436624e-13  2.1419386425833158e-13  1.813778796158384e-13  1.5186733813171009e-13  1.2528733861542329e-13  1.0136509193939745e-13  7.993687990627302e-14  
1.5143722077736067e-12  1.3182497252917373e-12  1.1468054768832783e-12  9.96834340343741e-13  8.655348201761238e-13  7.504574795284549e-13  6.494603726794272e-13  5.606708281101728e-13  4.824531213605617e-13  4.133817721606495e-13  3.522203950304601e-13  2.97906201066408e-13  2.4954032874370227e-13  2.0638404694235977e-13  1.6786029985635386e-13  1.335587090745418e-13  1.0323960825022122e-13  7.682875604845769e-14  5.438972911047288e-14  3.605841186160163e-14  
1.220323264600903e-12  1.1366689428318423e-12  1.0573758777143467e-12  9.819374849878354e-13  9.098384938065694e-13  8.405518701596713e-13  7.735383940708384e-13  7.082509572225031e-13  6.441466963607141e-13  5.807113876010442e-13  5.175018809868832e-13  4.542131225646854e-13  3.907750957641448e-13  3.2747924697481966e-13  2.651198341816943e-13  2.0510944039027463e-13  1.494907553847969e-13  1.0073465963155254e-13  6.123043475497335e-14  3.2501164831698014e-14  
1.1623452566162224e-12  1.0882067891281544e-12  1.0179456700967286e-12  9.511750822588415e-13  8.875011617257389e-13  8.265187287817513e-13  7.678076422767287e-13  7.109306358370594e-13  6.554340517130472e-13  6.008536949615802e-13  5.467291193649747e-13  4.926309646552432e-13  4.382071926700222e-13  3.8325442680466267e-13  3.2781842881777503e-13  2.7232017991767184e-13  2.1768720663788332e-13  1.6544097285243598e-13  1.1765489180617918e-13  7.667669197695972e-14  
1.2981828609838063e-12  1.1773795429879543e-12  1.0671524671445319e-12  9.664529783759833e-13  8.743139096887791e-13  7.898405116251421e-13  7.122025044171242e-13  6.406275248097447e-13  5.743964352861364e-13  5.128412357109638e-13  4.55346675923468e-13  4.013570968533775e-13  3.5039044881501636e-13  3.020616393303736e-13  2.561169015703635e-13  2.1247893347606893e-13  1.7129790187631209e-13  1.3299468717068559e-13  9.826974770372455e-14  6.803755006968973e-14  
1.2046036412926987e-12  1.135903780986434e-12  1.0700087640444622e-12  1.0065596853684546e-12  9.451733571010538e-13  8.854372438338091e-13  8.269056315270818e-13  7.690985863315555e-13  7.11506229911564e-13  6.536022215372508e-13  5.948720815982126e-13  5.34863862696953e-13  4.732698808448754e-13  4.100469530718135e-13  3.455754703836099e-13  2.808396113418638e-13  2.1757715410967952e-13  1.5829936521882542e-13  1.0604116173234904e-13  6.372635168641371e-14  
1.1784553777320832e-12  1.0892452371920722e-12  1.006737841534376e-12  9.30418757151337e-13  8.598107062036872e-13  7.94470399448761e-13  7.339855358510729e-13  6.779719437005815e-13  6.260708388734424e-13  5.779461775035769e-13  5.332820833833179e-13  4.917803359951143e-13  4.531579149661412e-13  4.1714461369326106e-13  3.8348076311177916e-13  3.5191515230887663e-13  3.222033047947445e-13  2.941063796796131e-13  2.6739113025110836e-13  2.418315826070457e-13  
1.2915068690606576e-12  1.185152591163911e-12  1.086286936968405e-12  9.941411762792618e-13  9.07977537325855e-13  8.270848477310273e-13  7.507764637463897e-13  6.783918728506065e-13  6.093040243246871e-13  5.429352639077799e-13  4.787855826179761e-13  4.164773452734542e-13  3.558198870016936e-13  2.9689378609849485e-13  2.401458660445274e-13  1.8646954059675512e-13  1.372209496134728e-13  9.409774100852482e-14  5.880911075498246e-14  3.2534616717926864e-14  
1.462520159117199e-12  1.3051100135297263e-12  1.1645354836730176e-12  1.0389776449930474e-12  9.268109597716565e-13  8.265822054680385e-13  7.369916249325308e-13  6.568760596986886e-13  5.85193856748039e-13  5.210113676546549e-13  4.634908882474361e-13  4.1187991873096057e-13  3.655016610559663e-13  3.2374671546237543e-13  2.860659955329197e-13  2.519649551933822e-13  2.2099931541724544e-13  1.9277259250806144e-13  1.6693585268905873e-13  1.4319021491063108e-13  
1.308050273811621e-12  1.203833110841669e-12  1.1076206363114847e-12  1.0187365241030434e-12  9.365487694359496e-13  8.604645409160285e-13  7.899252364693652e-13  7.244017676188609e-13  6.633901489741329e-13  6.064075530258717e-13  5.529891194304821e-13  5.026860026946978e-13  4.550654254705496e-13  4.097138965074209e-13  3.6624525326851737e-13  3.2431574431514353e-13  2.8364879497647143e-13  2.4407197635071866e-13  2.055671914852699e-13  1.683308444402217e-13  
1.2451893436233284e-12  1.1426928673994422e-12  1.047707329433202e-12  9.595025749601675e-13  8.773834068997734e-13  8.006843518181614e-13  7.287656700306641e-13  6.610113757742174e-13  5.968304602986104e-13  5.356630863329102e-13  4.769942278238552e-13  4.2037794405692384e-13  3.654758664983602e-13  3.121128071888978e-13  2.6034932271715313e-13  2.1056355081919852e-13  1.6352051711851094e-13  1.2038631847112192e-13  8.262417971168295e-14  5.171052762475631e-14  
9.20968055626164e-13  9.360756344570658e-13  9.483615939746544e-13  9.567364205631167e-13  9.5981138804259e-13  9.55855458594766e-13  9.427770291501425e-13  9.181607425518988e-13  8.794063951024886e-13  8.240343429273675e-13  7.502285195428259e-13  6.576596621770557e-13  5.485272021129708e-13  4.2853727142659955e-13  3.0721297353398616e-13  1.9670208168172356e-13  1.0855810134088217e-13  4.928459007442059e-14  1.730961577860886e-14  4.338469092031287e-15  
1.121986206703729e-12  1.0713533670342945e-12  1.0225691014819414e-12  9.75459021006973e-13  9.298336034529249e-13  8.85483779788777e-13  8.421759003359637e-13  7.996462033905642e-13  7.575951081339619e-13  7.156819944998596e-13  6.735216884360263e-13  6.306847364480072e-13  5.867048291953322e-13  5.410984774050425e-13  4.934041460051762e-13  4.432499869409129e-13  3.904596844669645e-13  3.3520185351386075e-13  2.781750603603303e-13  2.2079186211891548e-13  
1.1979077272585195e-12  1.1548024137208694e-12  1.110394660309399e-12  1.0640986558923531e-12  1.0152208524873891e-12  9.629586465973202e-13  9.06415102964475e-13  8.446418400340889e-13  7.767272014651742e-13  7.019511033575716e-13  6.200275881343155e-13  5.314433631613046e-13  4.378631571498596e-13  3.4249762140803296e-13  2.502184599407559e-13  1.6710808924854755e-13  9.918199237293144e-14  5.040936210520345e-14  2.089541412186822e-14  6.625362141508997e-15  
1.3149744943092326e-12  1.198042238612548e-12  1.091171926548572e-12  9.934326566795013e-13  9.039670268938558e-13  8.219832821922759e-13  7.467480461475734e-13  6.775796552509553e-13  6.138421761952556e-13  5.549402773662538e-13  5.003152605811742e-13  4.4944275303539497e-13  4.0183282710445863e-13  3.5703366131424607e-13  3.1464025207090326e-13  2.7431003165111847e-13  2.357872953535688e-13  1.9893758635008127e-13  1.6379076350171447e-13  1.3058618051932734e-13  
1.424561959363014e-12  1.2666480515435561e-12  1.126204905030938e-12  1.0012938981917901e-12  8.90190559738603e-13  7.913607526018483e-13  7.034394809444878e-13  6.252120279574474e-13  5.555971645246442e-13  4.93632197909111e-13  4.384596557993532e-13  3.893154248962945e-13  3.455181852964516e-13  3.064600029137648e-13  2.715979629149071e-13  2.404467486854172e-13  2.1257209457313391e-13  1.8758506832545747e-13  1.6513717287016192e-13  1.4491629915705612e-13  
1.2644349461963476e-12  1.1763311063195344e-12  1.0926097745992298e-12  1.012706552994498e-12  9.360452479926452e-13  8.620366212814271e-13  7.900817181498213e-13  7.195828915667189e-13  6.499670129192229e-13  5.807268595924347e-13  5.114877335449154e-13  4.42105692667399e-13  3.727988806457204e-13  3.043004279769166e-13  2.379959373806581e-13  1.759700295593563e-13  1.2084751425033547e-13  7.531501276457978e-14  4.131557015436073e-14  1.91650134081762e-14  
1.229215876949309e-12  1.131705655777099e-12  1.0411670174036361e-12  9.569489673880646e-13  8.784296736227909e-13  8.050114447677632e-13  7.361164734937203e-13  6.711838827377942e-13  6.096689452277151e-13  5.510458173204135e-13  4.948157532650818e-13  4.405235088698865e-13  3.8778534049514516e-13  3.363322305693024e-13  2.8607083423327937e-13  2.3716057681358663e-13  1.900961243270574e-13  1.457681517055386e-13  1.054532221479793e-13  7.066612950211493e-14  
1.190597055802121e-12  1.138066269946922e-12  1.086327963378541e-12  1.0350311188141882e-12  9.837687462582496e-13  9.320704034943307e-13  8.793976478400516e-13  8.251458378917695e-13  7.686577552579234e-13  7.092572613855922e-13  6.463143737906065e-13  5.793557033392061e-13  5.082335857720417e-13  4.333584416165339e-13  3.5597400317233336e-13  2.784056188445644e-13  2.041383866094508e-13  1.3751470073032402e-13  8.286515257571222e-14  4.312929225976406e-14  
1.5436336243824576e-12  1.3645075818738737e-12  1.2049531009207257e-12  1.0626474676380995e-12  9.35518325976772e-13  8.217158713679526e-13  7.195895524021079e-13  6.276695527378575e-13  5.446536082146771e-13  4.69400014075665e-13  4.0092791747771246e-13  3.3842599370747685e-13  2.8127002189494966e-13  2.290481119639905e-13  1.815885439229158e-13  1.3897854031521656e-13  1.0155293785009841e-13  6.982280647616646e-14  4.431468445091239e-14  2.5317126534458495e-14  
1.333830385571051e-12  1.226087843237307e-12  1.1268583471082747e-12  1.0354301196903311e-12  9.511427810495508e-13  8.733821213745424e-13  8.015751211316335e-13  7.351851963435813e-13  6.737076665961628e-13  6.166654758338979e-13  5.636052478164071e-13  5.140938393193387e-13  4.67715678580132e-13  4.2407136161301617e-13  3.827782438672221e-13  3.434741225452455e-13  3.0582554537622595e-13  2.6954273303628966e-13  2.3440336148988713e-13  2.0028707058066305e-13  
1.1452886356573426e-12  1.099729369039604e-12  1.0527746565117746e-12  1.0038024421038205e-12  9.520903058021752e-13  8.968239521332151e-13  8.371277656789518e-13  7.721316699847809e-13  7.01092889500033e-13  6.235928175377673e-13  5.398222511041723e-13  4.5094280626954315e-13  3.594558036912513e-13  2.6941670787870095e-13  1.8622933357773077e-13  1.1573399025918163e-13  6.253616518755441e-14  2.8116254885882624e-14  9.927301126851786e-15  2.551221817212868e-15  
1.184014922527263e-12  1.1070937121748027e-12  1.0336727425348545e-12  9.63286700733837e-13  8.954515187459927e-13  8.296618013563993e-13  7.653916430227173e-13  7.021014558408303e-13  6.392547209170595e-13  5.763501291873166e-13  5.129760432376584e-13  4.488946556320566e-13  3.8416068395611894e-13  3.1927052909752904e-13  2.553179473016161e-13  1.9409818662251535e-13  1.380595584650584e-13  8.997663722182509e-14  5.227177844096822e-14  2.6108323460796283e-14  
9.626366624254309e-13  9.256530681636787e-13  8.895767435591734e-13  8.542580821877697e-13  8.195239603071985e-13  7.851721676048182e-13  7.509651569795166e-13  7.166234168438461e-13  6.818191332534814e-13  6.461714133369228e-13  6.092452969590909e-13  5.705582126151074e-13  5.29599516050969e-13  4.858711870510768e-13  4.389600854373605e-13  3.8865283312954154e-13  3.351001315469057e-13  2.790225927746132e-13  2.2191803389049562e-13  1.661776961125595e-13  
1.1104589096302936e-12  1.0573783514376936e-12  1.0045340993275649e-12  9.514650248281665e-13  8.976439642968586e-13  8.424781502023211e-13  7.853201570153007e-13  7.254969027988657e-13  6.623673267724263e-13  5.954221161744319e-13  5.244391273760177e-13  4.4970153076008397e-13  3.7226493374116063e-13  2.9421617056783087e-13  2.1879761814685046e-13  1.5019873217631385e-13  9.281305359823587e-14  4.994658511280712e-14  2.2411654791950714e-14  7.919411565824491e-15  
1.2908948300184881e-12  1.2083464915863175e-12  1.1301780575663469e-12  1.055962395093373e-12  9.852660584998057e-13  9.176445640860473e-13  8.526382320691265e-13  7.897694462602936e-13  7.285427467258603e-13  6.684499955829023e-13  6.08983985160996e-13  5.496652498085053e-13  4.900882339935187e-13  4.2999362195462466e-13  3.693719495450394e-13  3.085967283192946e-13  2.4856912902211925e-13  1.908272723812742e-13  1.3753411849374357e-13  9.122911780696448e-14  
1.1487748170928702e-12  1.0975396517790231e-12  1.047393880221279e-12  9.980413290640054e-13  9.49141323185731e-13  9.003012894959823e-13  8.510706335965926e-13  8.00938006271297e-13  7.493354871827185e-13  6.956552249305292e-13  6.392866770472788e-13  5.796854105365631e-13  5.164862338057437e-13  4.496714330630916e-13  3.7979387194182553e-13  3.0822708753209695e-13  2.3736363215716473e-13  1.7061400114679118e-13  1.1200984369849367e-13  6.527721475917689e-14  
1.3549792343120004e-12  1.215790291874755e-12  1.0908282104236521e-12  9.78626103878836e-13  8.778660645541114e-13  7.873636416416657e-13  7.060538736132644e-13  6.329787119877577e-13  5.672756919201208e-13  5.081677224834805e-13  4.549538871495884e-13  4.070011639302142e-13  3.6373699645906064e-13  3.246426741026311e-13  2.8924751388103754e-13  2.5712388329998296e-13  2.2788316556913223e-13  2.0117285138215998e-13  1.7667504627881642e-13  1.5410680375486717e-13  
1.0778610878657247e-12  1.0169807477054694e-12  9.592216746571718e-13  9.043496304041293e-13  8.52129270339549e-13  8.023211974990845e-13  7.546787002520899e-13  7.089442250697764e-13  6.648457285471038e-13  6.220932112291482e-13  5.803759947160715e-13  5.393617101983142e-13  4.986985773496339e-13  4.580234180634228e-13  4.1697897380889427e-13  3.7524534301702223e-13  3.325912710382272e-13  2.8895053824918486e-13  2.445247413633945e-13  1.9990313823929626e-13  
1.448307241027429e-12  1.2808197374183899e-12  1.1322467614617402e-12  1.0003803171597594e-12  8.832591472626341e-13  7.791398809291324e-13  6.864715943726556e-13  6.038735137329545e-13  5.301156869851161e-13  4.641025668226075e-13  4.0485958470452067e-13  3.5152295955406324e-13  3.033331643075304e-13  2.596326368862049e-13  2.1986838817230917e-13  1.835999613564675e-13  1.5051243583652482e-13  1.2043238934785375e-13  9.33414075301522e-14  6.937664841497627e-14  
1.2870324298091267e-12  1.182536362496334e-12  1.0847904291423173e-12  9.930368729518368e-13  9.065387202755447e-13  8.245782811783955e-13  7.464600084166874e-13  6.715202207461956e-13  5.991471872058487e-13  5.288160551252976e-13  4.60143585465111e-13  3.92966554390113e-13  3.27443030435725e-13  2.6416464635012377e-13  2.0424757410203438e-13  1.4934075322561582e-13  1.0146347861183707e-13  6.259256497680382e-14  3.401224859576644e-14  1.5643006436401777e-14  
1.0597918928920192e-12  1.0015248978723044e-12  9.455871701155623e-13  8.91689900024973e-13  8.395231649489695e-13  7.887511695132228e-13  7.390081105936738e-13  6.898957541740994e-13  6.409845418950518e-13  5.918211073884461e-13  5.419465147621922e-13  4.909312329675092e-13  4.3843438595344816e-13  3.842950237088629e-13  3.2865969537533363e-13  2.721395334858649e-13  2.1596645231688282e-13  1.6207958759204383e-13  1.130293025417386e-13  7.157303759987077e-14  
1.0423946505021891e-12  1.0062999860794016e-12  9.69847686205326e-13  9.326833042662782e-13  8.943801974847312e-13  8.544303426817841e-13  8.122392786576576e-13  7.671299441385907e-13  7.183630060670447e-13  6.651849379225598e-13  6.06919024657582e-13  5.431167797276892e-13  4.737837350426842e-13  3.9967651347396763e-13  3.2262684312354383e-13  2.4577511504021763e-13  1.7350443676177784e-13  1.1082065949871412e-13  6.205842820357175e-14  2.9233789969521846e-14  
8.318348947791776e-13  8.559648084523526e-13  8.788040640636247e-13  8.995733281411919e-13  9.17240608147565e-13  9.304611819072919e-13  9.375182363151926e-13  9.362787566330452e-13  9.241915670253074e-13  8.983721966702656e-13  8.558406715269365e-13  7.939951449681669e-13  7.113953478819455e-13  6.088551619118531e-13  4.906501437175018e-13  3.653112610345042e-13  2.4512077512043466e-13  1.4345553783882184e-13  7.014578603802987e-14  2.7082439496119794e-14  
1.2915846218736667e-12  1.1859563193506719e-12  1.08799755821982e-12  9.969628449330168e-13  9.12141145348142e-13  8.328505610842737e-13  7.584343023059918e-13  6.882587726706318e-13  6.217150362613338e-13  5.582255485145645e-13  4.972587827774861e-13  4.383551419780731e-13  3.8116795064256354e-13  3.255225912229836e-13  2.714935409936943e-13  2.1949101232210948e-13  1.7033382200173872e-13  1.252630218255752e-13  8.582939890608559e-14  5.358997027316875e-14  
1.4788786331558424e-12  1.2972216391972306e-12  1.1379418639845507e-12  9.982925461583388e-13  8.758655898544487e-13  7.685500483181901e-13  6.744957382903446e-13  5.920813599214622e-13  5.198865758141357e-13  4.566675728017723e-13  4.0133569277553294e-13  3.5293877585627755e-13  3.1064491226468457e-13  2.737283505869726e-13  2.415573627870497e-13  2.1358392475827424e-13  1.893351425549307e-13  1.6840645063780665e-13  1.5045675049873585e-13  1.3520588433651498e-13  
1.6784702444584478e-12  1.4444595978767306e-12  1.2412682422775313e-12  1.064622874998023e-12  9.108247182467931e-13  7.766754209914557e-13  6.594153071670594e-13  5.566732251040702e-13  4.664275428180416e-13  3.869779536326057e-13  3.169275153461381e-13  2.551734174831579e-13  2.0090288237029694e-13  1.5358685148706206e-13  1.1295858343912668e-13  7.895831403483304e-14  5.1623138656285865e-14  3.0912148718022606e-14  1.649117437086974e-14  7.558525947678635e-15  
1.2929207375361442e-12  1.2103890508038597e-12  1.1313382661011973e-12  1.0552582959627862e-12  9.81613415139553e-13  9.098401371983196e-13  8.39349692839252e-13  7.69538542532729e-13  6.998119718995785e-13  6.296276764300908e-13  5.585677833841302e-13  4.864476081826926e-13  4.1346486204537243e-13  3.4037953784751794e-13  2.6868689964321497e-13  2.0070181165422174e-13  1.3942397361400895e-13  8.804270577000671e-14  4.904453097640707e-14  2.3168800392176458e-14  
1.2329729505927357e-12  1.1822795841755525e-12  1.131436443364741e-12  1.0799759227447442e-12  1.027348544411239e-12  9.729172551825595e-13  9.159600234874436e-13  8.556879274566372e-13  7.912895049247004e-13  7.220161711212462e-13  6.473264913111936e-13  5.671054103880802e-13  4.819612701555993e-13  3.9356815349728293e-13  3.049538870035956e-13  2.205397920878211e-13  1.4566539813704524e-13  8.539996465618406e-14  4.2806666550408016e-14  1.746299687187647e-14  
1.0546779248348261e-12  1.0301623426641256e-12  1.0040074504617924e-12  9.756936461958244e-13  9.445843014082312e-13  9.09913325752854e-13  8.707823811224213e-13  8.26177588217727e-13  7.750208937759005e-13  7.162774307091921e-13  6.491449704474732e-13  5.733494312051256e-13  4.895507522231203e-13  3.9981053151582926e-13  3.0797312013078616e-13  2.196780367315556e-13  1.4163717975453932e-13  7.996222151267373e-14  3.791140761713344e-14  1.4288567584038773e-14  
1.1011115840232596e-12  1.0760878240371875e-12  1.0503583933748032e-12  1.0236113988705825e-12  9.954578044336992e-13  9.65416273162193e-13  9.328982810396881e-13  8.971963951681031e-13  8.574809174341725e-13  8.128135609830194e-13  7.621915909241371e-13  7.046415030509033e-13  6.393860271427125e-13  5.661074267848662e-13  4.853146184518318e-13  3.98777487687583e-13  3.099052929160825e-13  2.2382342262383461e-13  1.4680921164613477e-13  8.484348712207102e-14  
1.2300191961432195e-12  1.1143475532271258e-12  1.0097495011876142e-12  9.15202759000862e-13  8.297867436249803e-13  7.526740048623755e-13  6.831227321020267e-13  6.204703166587968e-13  5.641279921431272e-13  5.135766303733104e-13  4.683638525659178e-13  4.281027431688842e-13  3.9247265839626107e-13  3.6122295962508026e-13  3.3418107655721033e-13  3.112673118482523e-13  2.9252062127001735e-13  2.781430246802375e-13  2.685769950064998e-13  2.6464388277340334e-13  
1.2460997164900591e-12  1.1607564774918172e-12  1.0807542151569837e-12  1.005649368042275e-12  9.350102100413995e-13  8.684128019912918e-13  8.05436953899218e-13  7.456624112866706e-13  6.886656614699747e-13  6.340180405537753e-13  5.812862506645587e-13  5.300370116771345e-13  4.798483938112381e-13  4.3033135591218186e-13  3.8116591947725493e-13  3.3215664423604586e-13  2.8331039800691327e-13  2.3493368616857823e-13  1.8773411588562856e-13  1.4288875908445965e-13  
1.1960879584400445e-12  1.1180321356939019e-12  1.0445771676443713e-12  9.75343068034258e-13  9.099555902466071e-13  8.480424069034661e-13  7.892292251053596e-13  7.331360535640664e-13  6.793740281066712e-13  6.275435017211003e-13  5.772345594796704e-13  5.28031774434246e-13  4.795259044140832e-13  4.3133629259741665e-13  3.831487390315535e-13  3.347739263458376e-13  2.862297890629682e-13  2.378452077788596e-13  1.9036894195433992e-13  1.4504442134869602e-13  
1.1594452381956849e-12  1.0998502303855932e-12  1.0421784319707114e-12  9.86112654329317e-13  9.313022437622245e-13  8.773572407400343e-13  8.23843816748036e-13  7.702827818110584e-13  7.16154103241944e-13  6.609119963254121e-13  6.040172246038639e-13  5.449954684436428e-13  4.835320095122044e-13  4.196113150825257e-13  3.5370127037899365e-13  2.86959752943573e-13  2.2140047192720148e-13  1.598988876942206e-13  1.0587645717183416e-13  6.254331612289721e-14  
1.292829806366143e-12  1.1760372782145504e-12  1.0688382311274407e-12  9.702680983090974e-13  8.794267587838323e-13  7.954712273844295e-13  7.176099255363032e-13  6.450992153749635e-13  5.772432509186634e-13  5.133986837897115e-13  4.5298632516082914e-13  3.955123807537679e-13  3.4060201504246783e-13  2.8804708980341195e-13  2.378667774414223e-13  1.9037268034102492e-13  1.462175168339305e-13  1.063889887820036e-13  7.209534819463893e-14  4.4495717131307066e-14  
1.313178162606498e-12  1.2019540205433842e-12  1.1001072464057606e-12  1.0068384879578723e-12  9.21414759268722e-13  8.431635789129332e-13  7.7146755648441e-13  7.057593815598294e-13  6.455171725005458e-13  5.902601458936719e-13  5.39544571396885e-13  4.92959981878603e-13  4.5012561598735844e-13  4.106870811075821e-13  3.7431324128823214e-13  3.4069336047192324e-13  3.0953457097555166e-13  2.80559797264472e-13  2.535063540852163e-13  2.28125565490289e-13  
1.1265924475953322e-12  1.076919739081527e-12  1.0284263562424378e-12  9.808492243013264e-13  9.33886605343045e-13  8.871908718312486e-13  8.403617881386794e-13  7.929417919786252e-13  7.444158482531258e-13  6.942200487138596e-13  6.417653290905609e-13  5.864853416735373e-13  5.27919999633411e-13  4.65846748697619e-13  4.004665793176512e-13  3.326350303739256e-13  2.6409236777344426e-13  1.9758863219839876e-13  1.3673470540622332e-13  8.539828814246303e-14  
1.1337730831666997e-12  1.046732809008842e-12  9.654510216003845e-13  8.893624245317131e-13  8.179180002261718e-13  7.505810075406649e-13  6.868242021527711e-13  6.261291903511686e-13  5.679893312347537e-13  5.119182812893077e-13  4.574670993020421e-13  4.042536386277053e-13  3.520083137188987e-13  3.006393087865544e-13  2.5031622847845945e-13  2.0156164895624543e-13  1.55322728391049e-13  1.1297089663459499e-13  7.615717987806666e-14  4.6461625522199094e-14  
1.480929053369823e-12  1.321762663364238e-12  1.1799021266222133e-12  1.053500651750597e-12  9.40914678995273e-13  8.406826890786656e-13  7.515064745439393e-13  6.722346632300877e-13  6.018483301547548e-13  5.39448588310349e-13  4.842461173758333e-13  4.3555268306268465e-13  3.927748372358712e-13  3.5541020224045086e-13  3.2304708972447674e-13  2.9536879165696324e-13  2.721649146579596e-13  2.53354018246263e-13  2.390254166592798e-13  2.2951517306407946e-13  
1.1144598097708789e-12  1.049549491317419e-12  9.877755911304272e-13  9.288412082890467e-13  8.72439734066053e-13  8.182505975581457e-13  7.659350327006616e-13  7.151323559255632e-13  6.65457624241367e-13  6.165021277500567e-13  5.678390239529793e-13  5.190375837046891e-13  4.696909320841738e-13  4.1946352269709497e-13  3.681650464269978e-13  3.1585528020146096e-13  2.6297645012565636e-13  2.1049186558956276e-13  1.5997896754059763e-13  1.1358655107191935e-13  
1.3482858075783716e-12  1.2468821292071162e-12  1.1524581498869887e-12  1.0643994074790244e-12  9.821166134973746e-13  9.050406051044065e-13  8.326176438739929e-13  7.643054034924992e-13  6.995702351939298e-13  6.378866688842499e-13  5.787406364321362e-13  5.216386132405564e-13  4.661257311286156e-13  4.118167463987189e-13  3.5844408667691336e-13  3.059260597422843e-13  2.544539234775545e-13  2.0458635663749394e-13  1.5732162779804758e-13  1.140926524761617e-13  
1.2384695324940415e-12  1.1424997025054645e-12  1.0534904039265945e-12  9.7083867378376e-13  8.939730249571125e-13  8.223486321198022e-13  7.554427586341815e-13  6.927505987269335e-13  6.337818529736653e-13  5.780585745301861e-13  5.251151468215464e-13  4.745017073782468e-13  4.257929255743994e-13  3.7860472500372193e-13  3.326221295169616e-13  2.8764145008422743e-13  2.436285978916712e-13  2.0079084924425248e-13  1.5964983415189692e-13  1.2108742156580827e-13  
1.5384214219249612e-12  1.3559148854210728e-12  1.1954199066092104e-12  1.054339948423761e-12  9.303944071572598e-13  8.215820066554719e-13  7.261488754903175e-13  6.425608673755435e-13  5.694797969837954e-13  5.057433958763567e-13  4.503489659901568e-13  4.0244095445949743e-13  3.6130305301155386e-13  3.263560479009335e-13  2.971637240366286e-13  2.734510831111749e-13  2.55142854529325e-13  2.424376951022982e-13  2.3594905033651446e-13  2.369782910800732e-13  
1.203632716230277e-12  1.0995530106865758e-12  1.0036553516576945e-12  9.151410507543488e-13  8.33259438169072e-13  7.573018303342669e-13  6.865966433967794e-13  6.205062235198934e-13  5.584262927608476e-13  4.997893533873179e-13  4.4407394583090445e-13  3.908222381105468e-13  3.396688076994633e-13  2.903831445258892e-13  2.429263808053373e-13  1.9751749898272796e-13  1.546939685365255e-13  1.1533572971374014e-13  8.060362186193774e-14  5.173791979054177e-14  
1.1441081821518036e-12  1.069340518110942e-12  9.991176544511238e-13  9.33087302818175e-13  8.709067430783006e-13  8.122396079724672e-13  7.567525244682962e-13  7.041116865748676e-13  6.539795274414244e-13  6.060118112863357e-13  5.5985570755957e-13  5.151497785548302e-13  4.715273487826439e-13  4.2862545798130277e-13  3.861025032967094e-13  3.4366858136344595e-13  3.0113297601192795e-13  2.584721791797402e-13  2.1591743843737175e-13  1.7405044328211686e-13  
1.5554922512437894e-12  1.3900257462613618e-12  1.2413603481034423e-12  1.107655949656426e-12  9.872523234846586e-13  8.786493442172418e-13  7.804897477302486e-13  6.915445595054076e-13  6.107015171581046e-13  5.369570610475014e-13  4.694127701610529e-13  4.072774460051477e-13  3.498762968714084e-13  2.9666862348531896e-13  2.4727461595897857e-13  2.0150960549058341e-13  1.594193705680685e-13  1.213020300204034e-13  8.769127971648137e-14  5.926697587496866e-14  
1.5447766713929183e-12  1.3409007063314758e-12  1.1639951390165572e-12  1.0105010623358636e-12  8.773304651958585e-13  7.618041143885716e-13  6.615976614478913e-13  5.746948918844935e-13  4.993471786702193e-13  4.3403832788026064e-13  3.7745411475980813e-13  3.284559057402873e-13  2.86057848614798e-13  2.494071918512067e-13  2.1776736795305877e-13  1.9050354884933043e-13  1.6707045921639468e-13  1.4700232539644333e-13  1.29904958373882e-13  1.1545014632716386e-13  
1.3692420972179274e-12  1.2622122101248945e-12  1.163042067306665e-12  1.071050430977255e-12  9.855932185777149e-13  9.060580902026091e-13  8.318593062974601e-13  7.624330273507748e-13  6.972333732692335e-13  6.357297834070311e-13  5.774065482857828e-13  5.217658500667371e-13  4.68336263357592e-13  4.1668938886337153e-13  3.664679462774607e-13  3.174287991259896e-13  2.695031156212166e-13  2.2287161420333773e-13  1.7804343491827238e-13  1.359108641335493e-13  
1.0210681502811355e-12  9.778906513213838e-13  9.353129066097315e-13  8.930498832922261e-13  8.507686810182673e-13  8.08081433687583e-13  7.645401277449838e-13  7.196359412708298e-13  6.728073559038532e-13  6.234635672930676e-13  5.710324929896426e-13  5.150452789947779e-13  4.55269830692154e-13  3.919007647307151e-13  3.2579592279251996e-13  2.587123441700504e-13  1.9343423367279274e-13  1.3361930047966536e-13  8.317890696045778e-14  4.516000668739785e-14  
1.3719317154024624e-12  1.229702267253768e-12  1.101032154905829e-12  9.844316865794573e-13  8.78543955658332e-13  7.821314487443762e-13  6.940655486873643e-13  6.133196339521684e-13  5.3896683434404e-13  4.701839083354996e-13  4.062630615727623e-13  3.466335926929587e-13  2.9089455120656075e-13  2.388572860567521e-13  1.9059164737477687e-13  1.4646049283877447e-13  1.0711424222426831e-13  7.340508825940811e-14  4.6182166765021295e-14  2.5966606202099324e-14  
1.5591617902497039e-12  1.3815354859132059e-12  1.2238610032981484e-12  1.0838511391152944e-12  9.594735325830274e-13  8.489212493376748e-13  7.505866845042984e-13  6.630384469064294e-13  5.850009506844295e-13  5.153365108270746e-13  4.5302982003638706e-13  3.971747813143313e-13  3.4696378867814736e-13  3.016796894155545e-13  2.6069081819550913e-13  2.2344963821361732e-13  1.894955874331675e-13  1.5846256383925934e-13  1.3009083124719666e-13  1.0424158586786389e-13  
1.2518223230333675e-12  1.1812505293253177e-12  1.1138230904490335e-12  1.0492115270345503e-12  9.870704094316854e-13  9.27032160348813e-13  8.687020588551922e-13  8.116542263303826e-13  7.554299496275636e-13  6.995405636891803e-13  6.434783507761472e-13  5.8674052867874e-13  5.28873214637917e-13  4.695436354848946e-13  4.0864830429568843e-13  3.4645948152310034e-13  2.837973889036869e-13  2.2218628248595756e-13  1.639081734177834e-13  1.1182456407244687e-13  
1.3009744542991416e-12  1.2033670249477978e-12  1.1115956061952545e-12  1.0250199687886022e-12  9.43006346231688e-13  8.649245223618507e-13  7.901479612570803e-13  7.180590545645234e-13  6.480625426595295e-13  5.796113357700667e-13  5.122500551616007e-13  4.4568194337197895e-13  3.798629167089352e-13  3.151199377039836e-13  2.522760872295522e-13  1.9273889578952764e-13  1.3847451260721717e-13  9.176635719951307e-14  5.468605856680449e-14  2.8342999873289815e-14  
1.3935312317293794e-12  1.2707920369693901e-12  1.1573891053857074e-12  1.0523435930173173e-12  9.5472976866933e-13  8.636697273458528e-13  7.783311158816369e-13  6.979294265013498e-13  6.217371022741233e-13  5.491024800745506e-13  4.794822553925669e-13  4.124911650303557e-13  3.47970897879314e-13  2.8607508021247163e-13  2.2735614726878737e-13  1.7282118667648608e-13  1.2389968388801027e-13  8.224954325128193e-14  4.934924628271842e-14  2.592394117386043e-14  
1.6179794521461238e-12  1.4270554219782343e-12  1.258586081011746e-12  1.109918670085945e-12  9.787119508623678e-13  8.628993371199299e-13  7.606563499447835e-13  6.703718866732513e-13  5.906228548160756e-13  5.201517772170004e-13  4.578470246005816e-13  4.027253777459337e-13  3.539166652472276e-13  3.1065026589765966e-13  2.7224330919541103e-13  2.3809045569536243e-13  2.0765519348923805e-13  1.804626502039315e-13  1.5609399203757304e-13  1.341825582492165e-13  
1.3127331388048342e-12  1.142580277578024e-12  9.945703673838857e-13  8.658346024774098e-13  7.538777271828597e-13  6.565296847995623e-13  5.719035762390368e-13  4.983591174280763e-13  4.344708931225076e-13  3.7900080086593033e-13  3.308741648698598e-13  2.891590782328216e-13  2.5304860627409903e-13  2.218455579190815e-13  1.949496119609579e-13  1.7184667998762588e-13  1.5210051359371396e-13  1.3534674835629836e-13  1.2128987356300101e-13  1.0970412755280244e-13  
1.5559372183271558e-12  1.3681530478700664e-12  1.2029524312363342e-12  1.0576069975539848e-12  9.297160851313608e-13  8.171670962164857e-13  7.181006107785967e-13  6.308796859932256e-13  5.540628387595001e-13  4.86380271719972e-13  4.267129603143699e-13  3.740742708697992e-13  3.2759382924582575e-13  2.8650340797082056e-13  2.501246492566647e-13  2.1785849412376003e-13  1.8917624642110083e-13  1.63612266259355e-13  1.407583590951979e-13  1.2025999683804837e-13  
1.1989223123930631e-12  1.1175891205129444e-12  1.0406721457661965e-12  9.677025490051518e-13  8.982064091114357e-13  8.317008289966175e-13  7.676915514420772e-13  7.056734563106006e-13  6.451360855290592e-13  5.855773877786496e-13  5.265301359245353e-13  4.676066721034488e-13  4.0856804577760394e-13  3.4942168504597454e-13  2.9054477487632415e-13  2.3281477696534784e-13  1.7770109727217692e-13  1.2723625216304984e-13  8.376132954164974e-14  4.9375768152775326e-14  
1.2524230068435012e-12  1.1721009247658545e-12  1.0960843083864536e-12  1.0239589336005504e-12  9.55305465392601e-13  8.896948932609977e-13  8.26684454160807e-13  7.658148126701387e-13  7.066097854013068e-13  6.485806562024478e-13  5.912381763092175e-13  5.341166527766106e-13  4.768158783814009e-13  4.190674042078717e-13  3.608303818422282e-13  3.024163055455559e-13  2.4462764998131674e-13  1.8886903240957227e-13  1.3715271094133412e-13  9.1889942465779e-14  
