0.05540620450221051    0.0    849080.7955882745
-0.08675836714523186    0.0    851642.449392392
-0.09759559835975638    0.0    851257.418196594
-0.04729083220348694    0.0    848312.9108446252
-0.1461882906607871    0.0    849190.30101596
0.13159028663917502    0.0    849411.992608671
-0.04057621930426589    0.0    850493.279872
0.16133963953320474    0.0    848311.0561342005
-0.08987070637326494    0.0    849087.9732808359
-0.16062738297010248    0.0    849195.2484827694
0.08835291458051149    0.0    850314.2182786422
0.06998940810301324    0.0    848667.5809370035
-0.08433541493619591    0.0    849670.7699143097
-0.06777528481724913    0.0    849199.2209106961
-0.09319192837205066    0.0    851001.1291452359
-0.01983300990870367    0.0    851662.3967107815
-0.14917886060482247    0.0    852702.945690851
0.004497469273962651    0.0    851715.9327081038
0.041523896693788614    0.0    850707.2194692512
0.01464167472265565    0.0    851854.804973601
-0.03160386348330513    0.0    849597.4224497522
-0.021089315902314238    0.0    852783.5235046351
-0.02969704711546063    0.0    849985.9245492367
0.12637660840261433    0.0    850323.9484299873
-0.09058522152117336    0.0    850969.9890294924
0.0734748206442693    0.0    851187.775668222
0.03283391683909932    0.0    850665.4570671644
-0.08041107108825236    0.0    849037.0695877725
-0.002160295846200516    0.0    851574.3265710684
0.044435819820413495    0.0    850446.5968097646
-0.10813008940367615    0.0    850305.534742314
-0.03579124276722128    0.0    851024.2108226271
0.05021988782601188    0.0    848114.3771435696
-0.09855114105951296    0.0    849588.7663402935
-0.07207939527359723    0.0    849818.1989613072
0.04151708381834022    0.0    851601.8263316593
-0.11783649957964082    0.0    849686.3431930802
-0.09201389118864627    0.0    849912.2060113783
0.10006208803738592    0.0    850260.6340142994
0.014767799342891944    0.0    849754.5751167472
-0.07043632208974547    0.0    849770.8870457138
0.23501375793674784    0.0    848593.7096831772
0.07549447429934282    0.0    850166.8890729015
0.08275259305114788    0.0    850445.4933146604
0.07012596396687687    0.0    848415.3201150284
0.11063803959324732    0.0    847786.8721276589
0.02433059609916932    0.0    849687.3260676241
-0.1510875247564657    0.0    850642.2943206374
-0.146576776478512    0.0    849125.0949716531
0.006432644530849427    0.0    852096.4011137597
-0.2877537813739494    0.0    849723.9256185851
0.022314938309990255    0.0    849494.576561682
-0.20460512905156514    0.0    849591.66172163
-0.0917836895083143    0.0    849305.5345648895
-0.027892787925051718    0.0    849856.607647307
0.0691554917405658    0.0    851280.1161717923
0.11469619770462883    0.0    849397.57871707
0.14168804590665818    0.0    850877.0451027857
-0.19512983321140845    0.0    852213.0566663758
0.10300611466265144    0.0    849304.0862240952
0.02699150169941882    0.0    851157.8627582735
0.01249681461059056    0.0    849828.2818879416
-0.0775148716379168    0.0    849325.3742710425
-0.008552787454419857    0.0    851267.2698049351
-0.16967978544266346    0.0    849243.1667503436
-0.07531895199885344    0.0    852080.0076598856
0.12800550460907503    0.0    852566.0584292457
-0.08519037713679271    0.0    853106.4427265348
-0.0798115884993605    0.0    851299.3310955672
-0.10235695122615573    0.0    849915.8687334746
-0.05716748804443281    0.0    851470.2293826521
-0.007073726523906476    0.0    850036.5470487712
-0.002825277188119552    0.0    851702.0202115118
-0.06865465437829237    0.0    849867.9808379083
-0.029492907388541642    0.0    850664.0730259764
-0.10113616954562461    0.0    852263.3235401488
0.13015131528502297    0.0    850422.6389673938
-0.0825987864606852    0.0    848893.2509635108
0.05217775073828428    0.0    849212.5147149228
0.02005686014979306    0.0    848006.4702909198
-0.20688072560733917    0.0    851996.2897970098
-0.10327550252624743    0.0    850962.6698378252
-0.11932142820476406    0.0    852003.0951328393
0.07006243697326746    0.0    850610.1556875091
0.0521140498663483    0.0    850440.7344361054
-0.1079804462600358    0.0    850006.9542241744
0.030829185375409043    0.0    849855.6657847319
-0.014729695086490727    0.0    849023.4712327945
-0.017312589320484545    0.0    851111.0582392024
-0.029669535881578276    0.0    849305.0876271799
0.04245450010223467    0.0    848402.7247842089
-0.17361813561706432    0.0    851323.0187177351
-0.053977489960318675    0.0    848752.6896934164
0.0014792588243540826    0.0    849121.4238333217
-0.07846405887518985    0.0    849305.7900789881
0.05808486606944822    0.0    851238.4350543458
0.22151016576454144    0.0    848992.6834893948
-0.07224672977301064    0.0    849900.6664848295
-0.04739134607703792    0.0    850499.7353184877
0.026212506512300223    0.0    850490.1396920255
-0.082830024083154    0.0    850484.649187996
0.0167845460390607    0.0    848280.5581284971
-0.12074077630804443    0.0    850592.0253739257
-0.04613839253564242    0.0    850270.8472355339
0.127980352577224    0.0    848575.3785638942
-0.19296484674683853    0.0    850059.0814150496
0.2899547047551982    0.0    851175.9270137562
-0.02240969687869616    0.0    850217.3342746322
-0.002037293628648948    0.0    849813.6839884641
0.029350759656724526    0.0    849812.0695057948
0.010259185843154293    0.0    848753.4387998099
-0.15048745309525052    0.0    850474.6054600392
0.10490068423578643    0.0    851553.7304490705
-0.08340071765358187    0.0    848334.5304311491
0.09668661932758155    0.0    849347.5324184602
0.0850077969017104    0.0    849164.7676092024
-0.12700104631140713    0.0    849471.9891174427
-0.0602903903262272    0.0    847820.578575813
0.10125546000427495    0.0    849213.8083661293
0.022624973865032344    0.0    849631.3475971372
0.05707204641220638    0.0    849986.7277362947
-0.11525164562237854    0.0    849865.1179910543
0.034885928571670825    0.0    849935.13033378
-0.03019774150326554    0.0    851757.1172261946
-0.017254738104656775    0.0    850076.120537899
0.17757319708986166    0.0    850314.6035790859
-0.15517634003915162    0.0    850704.3557614948
0.133178212033863    0.0    851817.6641688413
0.08402678930192566    0.0    849375.4891785869
0.16789054622517396    0.0    848541.8727306564
-0.03572126847789952    0.0    850029.8690605718
-0.08880814425317735    0.0    850421.6555087484
0.049171211248128344    0.0    852092.3978422033
0.06286966121223161    0.0    850724.670413652
0.019818361292747708    0.0    851181.9230965402
0.07164803350782178    0.0    847491.0354315073
-0.03289630589640404    0.0    850878.026017325
-0.017223748579530445    0.0    849957.0150294295
0.004565317172963002    0.0    849840.6326631584
0.0062660824013364876    0.0    850982.1893718651
0.025881163399064586    0.0    849213.7901992662
-0.10544410869214337    0.0    850108.4519976374
-0.02875347830041578    0.0    850732.1903695044
-0.04187766601274798    0.0    848264.0991104246
0.0209940736888267    0.0    850465.1485696539
0.116917507661629    0.0    853096.814287971
0.06569076902210623    0.0    850654.2745658288
0.10688718384476376    0.0    848987.2276442467
0.0683417807706389    0.0    849131.395054021
0.12765091346100677    0.0    847718.541326785
0.01863939578567228    0.0    849475.847049289
0.11376559488770908    0.0    850054.6453023618
-0.00012116027638751345    0.0    851534.2109253743
-0.1357239080285094    0.0    850860.0527312206
-0.11730339460082845    0.0    850424.8773113706
-0.08206666958077506    0.0    851303.1725913659
-0.04849721541569821    0.0    851160.5563727701
-0.040538238205887714    0.0    849919.0032666733
-0.050680671301129854    0.0    850919.3166219337
-0.1600876458799838    0.0    850796.1282426134
0.06601541474178195    0.0    848149.7134840816
-0.0696390001325876    0.0    849644.9711442558
-0.15287999993470103    0.0    851345.8594107444
0.023690228101222077    0.0    850670.5306748737
0.045889540564604536    0.0    850646.6993796251
0.023191382981564437    0.0    849319.6731415781
0.06698891951120084    0.0    849385.0358352746
-0.04829710343328904    0.0    851769.4630890182
0.1113977459739096    0.0    850441.8385453591
0.09563270502518052    0.0    851118.5539057396
0.25818542371684633    0.0    847567.2342882697
-0.07713583246062893    0.0    852414.9300711689
0.13020799881997885    0.0    849488.944083786
0.06636888176400481    0.0    850868.3805459694
-0.17593247269802717    0.0    849946.7971350752
0.03127148826687062    0.0    848084.6046713678
-0.13320904721072105    0.0    850853.700581324
0.0642713957345859    0.0    850147.8646672869
0.122998890556627    0.0    849554.2095140902
-0.11081032373744525    0.0    848337.7510194472
0.032504552362055066    0.0    851374.5442077083
0.03318670939669544    0.0    849297.4735713974
-0.06464642346035963    0.0    850009.6378923431
0.1350886251395341    0.0    848434.0691602649
-0.02528664079134307    0.0    852085.6434426871
-0.03086343299009427    0.0    852955.7426320935
0.014048694587927553    0.0    851075.6420273822
0.1455110026169892    0.0    849643.6443661106
0.014380919836399608    0.0    850701.761246006
-0.09359026344746077    0.0    852190.0729476322
0.07671830288173526    0.0    847934.4974315638
-0.11526231914967658    0.0    852361.6020845163
0.021731197973367908    0.0    849972.0615166748
-0.06393846705224333    0.0    849033.1323050902
0.015737585000966656    0.0    850237.917812184
0.035949473385016556    0.0    850901.2077098774
-0.08980239960629287    0.0    849102.9821804711
-0.25589721798764076    0.0    852107.4661964047
-0.025362795354165142    0.0    851776.1407173282
0.058017219413184655    0.0    850535.7755970388
0.024987256167411476    0.0    850102.0610870038
-0.15073631482905236    0.0    850725.0137057768
-0.020144208267905885    0.0    850440.8779366922
0.04846993750109456    0.0    850146.9807992383
-0.09333831457086271    0.0    852076.2431302159
0.10878448246553007    0.0    850364.3592675993
0.0025173138379703166    0.0    850819.5232978425
-0.04245566446283166    0.0    850725.556859922
-0.056663658710916526    0.0    852346.2380533097
-0.10701110549919782    0.0    851203.2035727391
0.0433551401963903    0.0    850838.8972548743
-0.17533590962137308    0.0    850785.0868283453
0.014314163525647672    0.0    851645.9850102213
-0.0897931076661323    0.0    849435.666418775
0.1433472164934602    0.0    849516.0808996563
0.086565720908342    0.0    852325.8437554276
0.0841085899112769    0.0    850230.6307351076
-0.20709506645410888    0.0    850533.0885178709
0.11515680393527139    0.0    849768.6678121472
-0.12745945834698558    0.0    846278.9888568604
0.012902912495811075    0.0    850219.9489779049
0.04033377315031502    0.0    850138.9944357041
-0.04861350583711171    0.0    850255.3945639756
0.15323358557851832    0.0    850591.7954670202
-0.01021697570408401    0.0    849082.7647317065
-0.1087431388005336    0.0    848010.8797586198
-0.06852011577926956    0.0    849726.1270228424
-0.16799281579251776    0.0    849854.9089977327
0.14551182407620128    0.0    848816.4061539809
0.04258332999361068    0.0    850410.6083348374
0.062067133297977334    0.0    849893.8533684574
0.027690515428284913    0.0    851731.250202227
-0.1414419119038877    0.0    849015.6111446184
0.13004803064047984    0.0    850435.0461945606
-0.032083517129858304    0.0    852319.1728149211
0.001250427053643699    0.0    850522.2900548173
-0.12593758948364583    0.0    850363.1970671354
-0.138308303793069    0.0    850326.6793634753
0.12760880640032735    0.0    850486.063362042
0.03948493390387356    0.0    849956.7895782496
-0.08197577544437175    0.0    851626.7876729869
0.005018719863423118    0.0    849164.0020355923
-0.1188321585469506    0.0    850855.532317894
0.04945238980650565    0.0    849640.1039919712
-0.1635808480333812    0.0    849927.6076191599
-0.06315186535328911    0.0    850381.3512903958
-0.16502095579308318    0.0    849763.0954183044
0.05715570798435782    0.0    850319.7748299969
0.025359010620751323    0.0    849237.9258836494
0.03689705143294045    0.0    850853.7464173383
0.12841781808480504    0.0    849530.6256614515
-0.09585750701410159    0.0    850599.1195290007
0.003212852975836749    0.0    853139.263895096
0.014013402046143975    0.0    850598.5123890863
-0.07914160582831375    0.0    850312.4631381806
-0.046136578877259776    0.0    849845.0696993544
0.10889751019219929    0.0    848658.2769825103
0.0523040074836732    0.0    849550.0190733881
-0.13587066827490285    0.0    848168.7948742288
-0.010736209071391795    0.0    851432.2074348977
0.18200016267142463    0.0    851478.8904490736
-0.0799520851256009    0.0    849082.1176311758
-0.007581796121056465    0.0    850535.4395324269
-0.025949318625166987    0.0    850201.3256050689
0.0005530990780127369    0.0    849555.4910038564
0.12039321769228309    0.0    849514.515501264
0.03593607046046718    0.0    848885.532958088
-0.1261757018496452    0.0    849916.9236822277
-0.0736992509862384    0.0    848955.7643692921
-0.007876693814084224    0.0    851499.263511445
-0.1472901388238678    0.0    850477.7842909284
-0.036341514768196796    0.0    847674.2634247483
-0.0051032744160005375    0.0    852673.763604356
0.21597530285247843    0.0    849484.3521115814
-0.15738629239677282    0.0    851805.8440516072
-0.0850805329834344    0.0    851142.5647568302
0.03268868030575787    0.0    850027.9089723649
-0.25338670737406743    0.0    850994.2446428122
0.10394226300187655    0.0    849371.0831600805
-0.030312022549101994    0.0    849608.3517981276
-0.022520196401533264    0.0    851287.0299421377
0.12762419619544046    0.0    849655.0784112999
-0.08899039846801668    0.0    850091.7484018938
0.0839320028318485    0.0    851392.7068775028
-0.15859843959971237    0.0    850845.8472482092
0.08809799932969135    0.0    849276.3218858175
0.029689854757040793    0.0    850249.8099374449
-0.0005303854607911072    0.0    850618.1635264136
-0.05117578661887913    0.0    851848.4758669584
-0.16716360574549333    0.0    850860.5677741836
-0.013540692349266881    0.0    847171.1493573755
0.026773282025484686    0.0    851342.6301760549
0.2469514408628518    0.0    852606.5086598042
0.010427902019410648    0.0    851840.396590205
-0.06941535951996297    0.0    850771.0182412366
-0.06667646422661401    0.0    847444.5632207425
-0.005445880088955038    0.0    850801.8068071969
0.11958317623416857    0.0    848622.9821773223
0.009394970435814554    0.0    850545.5897868561
-0.37590156761920474    0.0    850970.7807841372
-0.04373388740907468    0.0    850917.8569593203
0.1949657309668684    0.0    849618.1505103467
0.04333365661782024    0.0    846515.0005426256
-0.27476650111333345    0.0    850911.9700037828
-0.06586005889366556    0.0    848972.6096628384
0.11709181229684401    0.0    848531.928926032
0.0087455386775123    0.0    850065.3678068625
0.09455643761777474    0.0    851583.327743526
0.01718067114020425    0.0    849725.3934971727
-0.005126940096762012    0.0    848861.4883649158
-0.24044096647255891    0.0    849422.2773204062
-0.17476319090532244    0.0    851415.7512889634
0.10451925130722624    0.0    849168.3693141623
-0.08307941572561343    0.0    851894.8398381162
-0.06166034751595265    0.0    848420.6993299018
0.005758776460639376    0.0    849942.8523456376
-0.018652704527610732    0.0    849695.4272198229
0.09109649340293463    0.0    849954.7858009248
0.12622127791392665    0.0    848970.293373398
0.03797822209822561    0.0    849859.7318953536
-0.04758845932672234    0.0    850151.9525291235
-0.07706697270354938    0.0    851655.2934560408
0.013867705583229216    0.0    849731.0747271545
-0.03175254625665181    0.0    850654.845689164
-0.0015053370780238919    0.0    849582.5760985204
0.003593413165025175    0.0    849546.3389351082
-0.025569047298316022    0.0    850851.6871816505
0.04617644072737526    0.0    850702.0337152343
0.1051228686899911    0.0    849791.8520180047
-0.07421532004617336    0.0    851049.8471819325
0.07363970421793896    0.0    849599.7254683711
0.00791271722044411    0.0    850068.8101646974
0.03413540415350502    0.0    850924.1960255809
0.036047701558839476    0.0    850352.5234608772
-0.005716999552336561    0.0    850077.2244505539
-0.0611364391198335    0.0    849600.7614657152
0.05324336299920858    0.0    851174.2007415829
-0.07704910730813398    0.0    852456.2319359327
0.04641942013564397    0.0    850183.5461907246
0.08349068852369039    0.0    848119.2610304849
-0.02028569645773071    0.0    850493.0522074603
0.01212695262679868    0.0    850815.4546199153
-0.020413392443116976    0.0    851165.0960522669
0.05790139373732922    0.0    849802.408289084
-0.007111410475308191    0.0    848757.227701017
-0.13214372616615297    0.0    853148.1310862988
-0.0056954113775135266    0.0    847958.1816350372
-0.18179927025170092    0.0    850806.7720325356
0.024333468227400873    0.0    849452.4117225336
-0.1729630073676851    0.0    850104.3317790427
-0.05826296776735539    0.0    850317.4059800635
-0.03543390534507661    0.0    852019.09169139
-0.01274247405062429    0.0    849034.8925281017
0.021453638729028574    0.0    851444.549637346
0.00879928941334985    0.0    850421.6386899888
0.10120972627500664    0.0    851214.2319972352
-0.020188262680074134    0.0    850156.8542401479
-0.1164202630540562    0.0    852022.6968511093
0.05201638565865191    0.0    851395.5099357668
0.12042092893280006    0.0    848552.1701270174
0.05461938136410306    0.0    848119.9621130017
-0.0006413035636298412    0.0    851233.6109569798
-0.2431064204010964    0.0    850082.8519183476
-0.13453946795932537    0.0    850586.7350827953
0.11770354482427584    0.0    847427.8351932481
-0.045576425845707036    0.0    849778.6359683978
-0.030600016389662782    0.0    852549.2429702906
0.0999201273753197    0.0    850299.8607933302
-0.17389484709621697    0.0    852205.8324141275
-0.0025797557277157258    0.0    850137.1344064112
0.13779916478302678    0.0    850872.0899713974
0.04384385648626799    0.0    851701.5654631448
-0.06788030790117827    0.0    850589.8634228506
-0.05647493017032234    0.0    851342.794002352
0.10233560636727444    0.0    849326.0640397725
0.06125211906072314    0.0    850577.1592922615
-0.1596772481141791    0.0    851163.2290474566
-0.03151121475621253    0.0    849337.9777793569
0.07865931110790866    0.0    848945.3226185354
-0.1435477878619484    0.0    851725.7056702403
-0.10742877465308312    0.0    851006.6890213982
-0.08819350798200723    0.0    850839.3579537563
0.10689510475313813    0.0    850907.0307966626
-0.002039608373073237    0.0    850336.7776640271
-0.06704977526540688    0.0    848977.5029709754
-0.011760296443262604    0.0    850650.508287165
0.14089019451639884    0.0    851446.4103228798
0.10797172561563728    0.0    848589.3532381027
-0.023263964427876642    0.0    848998.217088591
-0.14158173468709806    0.0    849416.1868547814
0.036684080664271944    0.0    851861.394786517
-0.14125538486152658    0.0    851962.3110493618
0.06240532663687223    0.0    850104.6520086452
0.12255871207359062    0.0    850979.8147641342
-0.000574471412760138    0.0    850594.133043816
-0.11597801262938057    0.0    849527.4374424289
-0.033160611557620644    0.0    851721.8542793422
0.06709873108103881    0.0    849682.2213516438
0.03445543149476981    0.0    851233.2515686797
-0.07479778039408325    0.0    848983.8680152501
-0.02639345884916533    0.0    849516.7770924787
0.022972814815611205    0.0    850575.1799896702
0.11646022489539683    0.0    849225.4752199803
-0.026531638326332596    0.0    850721.2889055536
0.11642095800038908    0.0    849463.9521872753
-0.2579626057230482    0.0    851233.9062298071
0.11788815223742073    0.0    848967.0416065936
-0.11271043772843879    0.0    849440.1054135169
0.08355664574191497    0.0    849703.0064146848
0.013562002897002873    0.0    849897.065197483
0.01853484078137335    0.0    851551.2782023237
0.21785356215731366    0.0    850326.5295279815
-0.060877450161276526    0.0    852119.9271529589
0.08099375275280823    0.0    849061.4093324622
0.012301885676674555    0.0    848395.3592385957
-0.009761756892947173    0.0    852421.6736059098
-0.018346115464529036    0.0    850147.3761355733
0.24296416573301205    0.0    850588.6966985507
0.03624968241790394    0.0    849872.6958825974
0.17402276283828116    0.0    852129.3960838905
0.08841018947066039    0.0    850497.374280462
-0.14279457075629093    0.0    848800.0273058114
-0.06672064169022654    0.0    847405.8021297053
-0.06996488401937742    0.0    850164.751256781
-0.04541523657523683    0.0    850672.8752740748
-0.06322743103940423    0.0    852141.216104188
-0.0021987417918617    0.0    849404.488964801
-0.11849165282152588    0.0    852815.1760747919
-0.08064603924892315    0.0    850863.7086205664
0.04295848205145681    0.0    850157.3213635947
0.006255967406759339    0.0    849199.0540037003
0.08684386043282394    0.0    849442.156171461
0.05830799651356566    0.0    850923.3686252616
0.07424320273659303    0.0    849870.3576988357
-0.07531819247722521    0.0    848475.6851311739
0.10479506829596799    0.0    849848.6453270565
0.039148746338958346    0.0    851262.2377269099
0.004616916397455771    0.0    849770.5974110598
-0.14458783820942767    0.0    850597.8013913629
-0.13687623471986674    0.0    850464.9916989647
-0.10505143261182262    0.0    850552.3905753548
-0.013916028014374927    0.0    849899.3700722695
0.011671264513777644    0.0    849067.8446194233
0.06456478380659865    0.0    851866.9849768796
-0.09843036017043452    0.0    848655.7980395082
-0.038996764283718635    0.0    852037.762053466
0.007816881902328777    0.0    849285.8497319913
0.0030738237850666    0.0    850296.5702402563
0.10450365936603462    0.0    849386.3710923344
-0.024699291671691298    0.0    850215.9499178492
0.09710936615800295    0.0    849730.6704289074
-0.023310523497367012    0.0    850158.055171982
-0.0681250530161515    0.0    850989.7844950798
-0.047380936867532    0.0    850790.1467904049
-0.043178442690058286    0.0    849359.2203462921
0.14316921780553546    0.0    848416.5466585271
0.15576228283477828    0.0    852466.7019024147
-0.10208409482975947    0.0    850072.113931315
-0.09989087893267187    0.0    850163.4251539162
0.11900804130002157    0.0    850847.8867951301
-0.030997519797923742    0.0    848042.7455487372
-0.05154890072406901    0.0    851105.3861210262
-0.043436857832658146    0.0    850248.2940941898
0.05096504330535423    0.0    850053.2184100894
-0.11204891232362668    0.0    849913.7526856048
0.2675255549764497    0.0    850559.48827622
0.11943081189917233    0.0    848278.5132374888
0.01755390118323575    0.0    848649.5107704109
0.02926965113502117    0.0    850759.8490079547
-0.056541899443192135    0.0    849738.8151712691
-0.10495457211717485    0.0    851057.6151775562
-0.0724985403831273    0.0    851548.0122884011
0.04740456515957265    0.0    849754.2879593011
0.05520304372213389    0.0    850564.8854489664
0.08558633037497289    0.0    851300.5367954768
0.06220423230988175    0.0    851234.8932704598
0.023102516867262567    0.0    851562.9952918168
-0.05464023587828916    0.0    847851.4950986356
-0.09069131525586013    0.0    851898.7371741205
-0.18629519928787086    0.0    850599.6129792575
0.12081535090256186    0.0    846701.0117735006
-0.0511235990536904    0.0    849000.4385712686
-0.08826909776175741    0.0    847708.576188629
-0.04789462864005229    0.0    850871.4844087865
-0.2476941414725758    0.0    849467.3741317778
0.041068507525393885    0.0    850764.3226630572
0.0057297404157087605    0.0    851418.7111915108
-0.02061693687756002    0.0    852033.0823061756
0.03405675308902913    0.0    850305.0374353224
0.1258605735798424    0.0    850024.159073354
-0.0794400978138025    0.0    850165.8265456259
-0.06757921795580386    0.0    851101.2719769833
-0.06313490153896782    0.0    851504.5518564847
-0.2372819274792582    0.0    848260.6885980096
-0.026876496726604072    0.0    851618.856976438
0.006393082707866681    0.0    850269.3885259676
0.09109586021011067    0.0    849146.0368339511
0.20180921512676797    0.0    850825.9633354545
-0.03569266212916116    0.0    848106.193124893
0.021325451072953597    0.0    849643.5262501301
0.10809816938418718    0.0    850245.5511482737
0.04313637359286696    0.0    849540.150054017
-0.29514031337334007    0.0    849959.0577919129
0.014854860952247249    0.0    852772.9966058871
0.1458544239964747    0.0    849308.511084402
0.09547052593616644    0.0    850346.0999122724
-0.05024610397496272    0.0    849890.359516088
0.1586897192670393    0.0    850480.3748632052
0.01789356317571169    0.0    848540.5639150989
0.10740590098356316    0.0    850803.4680357816
-0.023020131923445878    0.0    850038.4686184122
-0.07552108513301334    0.0    850638.8055250497
-0.09105064243971711    0.0    847210.7540369377
0.09899785196011411    0.0    849332.3881672625
-0.2053787665977298    0.0    851553.7131188348
-0.10017903898684732    0.0    848744.2383066227
-0.019166308273956916    0.0    851092.4321757121
-0.0018845761438072762    0.0    851770.246412458
-0.0049390954682788256    0.0    849044.5933826698
-0.16107081974583834    0.0    850580.995049549
-0.06598189314118477    0.0    850305.0350923241
-0.14019099607290794    0.0    851764.2665080408
-0.02730344187905396    0.0    850456.5169727242
-0.023298421568820005    0.0    848795.3119168098
-0.05133326283560238    0.0    852071.0259119862
-0.03565313430769337    0.0    850580.3387425191
0.10294534008736277    0.0    848305.7319200184
-0.05265439594065351    0.0    848772.0094389014
-0.011461611473408342    0.0    849896.6141067762
0.08094820219187976    0.0    850466.8380612775
-0.12060773142413445    0.0    851202.8242158266
-0.20202829921925547    0.0    851668.490854937
-0.07812967808562503    0.0    848679.9214624825
-0.013340839982425134    0.0    852905.454867555
0.15570959202161427    0.0    851148.0822807546
0.16671635766435555    0.0    850589.8651062126
-0.1439347523724008    0.0    852310.6693467615
0.0482815175680213    0.0    850067.4910702292
-0.052986416705050235    0.0    851470.7510954908
0.021490581862449506    0.0    847868.7445004695
0.04782471918830908    0.0    851084.584436124
-0.17998906546332494    0.0    852570.6891413595
-0.07463480014184107    0.0    851326.6781067536
-0.03687728712887742    0.0    849091.1342059919
-0.09273480099507803    0.0    850436.8040053792
0.08724310700039672    0.0    851472.793071682
0.16279748680920947    0.0    849093.925987308
-0.2031239287533153    0.0    850689.5281101054
-0.22022698552470757    0.0    849142.2418753997
-0.060429241707195526    0.0    851398.35602139
0.022383695150385102    0.0    850640.2658224935
-0.12508574281166326    0.0    851687.3331509787
0.06738629469392209    0.0    850842.3760051524
0.060004454409356915    0.0    850427.1076068557
0.0938841988030798    0.0    850976.6330869826
0.0822435756579719    0.0    850862.2199313123
0.034136059657954576    0.0    849607.5353170747
-0.05219188927468252    0.0    849619.6490239722
-0.035593050465674424    0.0    850393.8935849073
0.10232214165413217    0.0    852452.9926106019
-0.046560038204947835    0.0    848486.8282808538
-0.20231007725640798    0.0    852142.1833632181
0.11439257277472568    0.0    852643.6500596302
0.08662898222645138    0.0    852270.9896048926
-0.13175432191333453    0.0    850197.9192708716
-0.10403878526630284    0.0    851833.0208174413
0.1257792335928337    0.0    850928.9073207272
0.14907030912476613    0.0    851709.5381085938
0.10553533471574761    0.0    849392.25253019
0.06132705798538234    0.0    850373.2708601658
-0.012369739610392798    0.0    849997.6516718786
0.021175291899949312    0.0    851331.9503787644
-0.20582831161487905    0.0    849763.9612217753
0.017230322503003312    0.0    850883.6476143578
-0.059294179322235796    0.0    851214.8303416838
0.11297314919697528    0.0    851774.0990532656
0.013725434803169602    0.0    850830.6330400229
0.19907159818442305    0.0    849693.9302643989
0.08256900310235242    0.0    850994.0197934478
0.0010767998233610551    0.0    849822.047382506
-0.02679974619574881    0.0    850425.3719761212
-0.1015769024419842    0.0    849087.315211084
0.06279056920426646    0.0    851794.5696174647
-0.2058551948713433    0.0    851051.5372683634
0.04401712200731288    0.0    851476.1731881857
0.09654103645627828    0.0    850473.6831441189
-0.09068472142943979    0.0    850917.207724045
-0.22797444501242833    0.0    851208.7562055038
0.034038786070725746    0.0    850161.5659370122
0.027902513347649035    0.0    850994.3877874471
-0.21700284069403175    0.0    850030.9128616174
0.029779070115367914    0.0    850411.7382116312
-0.007370641068891497    0.0    851109.5027592336
0.04913510131591427    0.0    848553.0388884131
-0.1129016672651678    0.0    851261.6557003931
0.07463471590754282    0.0    848678.8314997469
0.0387179137189782    0.0    851997.2042934011
0.08166158174742626    0.0    850010.8667899972
0.04078680165319487    0.0    847840.9444217269
0.07235926674655278    0.0    850841.022528077
0.006644694437585272    0.0    848965.6638456568
-0.08806200462427838    0.0    849698.0092947837
-0.2616691620929264    0.0    848473.004514468
0.051116448751400895    0.0    850022.59304473
-0.07930720223324844    0.0    850371.882522033
-0.14294866109051413    0.0    848707.8944219685
0.04972395535877665    0.0    850586.3957738244
0.04511239375592713    0.0    850041.9002598879
0.26114692017129426    0.0    851451.1891385792
-0.1276326216853286    0.0    851775.28937919
0.1598496614005262    0.0    848953.0719504069
-0.13292014367834581    0.0    849493.8681917245
0.07724092501807926    0.0    850677.3392748672
-0.06588849574115684    0.0    849871.1888755951
0.08144737849170038    0.0    851332.9004791604
-0.01525059185284371    0.0    850446.5916125323
0.07838069497224326    0.0    852175.8716956666
0.15621702169890972    0.0    850123.2207393756
0.06822952071860397    0.0    850381.4342306204
0.028121439335828353    0.0    850204.2756572074
-0.0054261316722927265    0.0    850878.9222299377
-0.012007371726011254    0.0    851004.4416908994
-0.09335699995347092    0.0    850866.3021273727
-0.08694581774474565    0.0    850275.3554997108
-0.09246434552652502    0.0    851049.5386616234
0.11840475449265614    0.0    847271.4752906644
0.08722657893271625    0.0    851246.3564847553
-0.019338408203795274    0.0    850047.4661133416
0.24971263402100508    0.0    849671.1853885952
-0.006328834139950591    0.0    851617.9105723586
0.0402426339273584    0.0    851525.0584317467
-0.024178762741478742    0.0    850536.7916955092
-0.05094961680462615    0.0    849379.6201574602
0.009985250467405872    0.0    849978.1831848935
-0.12630437674660847    0.0    851080.1979684463
-0.10885130116982905    0.0    850286.3208051376
0.11289315243249094    0.0    852585.0353676286
-0.07948642903549819    0.0    851114.7554950578
0.08706810357552572    0.0    848930.2301768312
0.1730117737468515    0.0    849535.6124284104
0.009136464019225785    0.0    850285.444131306
-0.024097277397979164    0.0    849070.1245192334
0.12874746478492058    0.0    847370.6131479843
0.026802872112410843    0.0    852034.2482110045
-0.1568699917568234    0.0    847973.1888622958
0.030395062252103512    0.0    851589.3254503773
-0.10798855616247496    0.0    849629.327932517
0.06402364194755923    0.0    850527.3006386583
0.03157134153298345    0.0    851329.7729272108
0.01603271175736876    0.0    849351.6716651758
-0.16621860751707673    0.0    851353.3106111465
0.09966702794510002    0.0    851150.3332376622
0.1731553316631606    0.0    851111.903792229
0.1091905132594566    0.0    848412.9588980796
0.05075715933169054    0.0    852003.548119254
0.1607594715982842    0.0    849592.9520869328
0.047519804286679054    0.0    851587.5510086624
-0.04341428875990572    0.0    850800.4532708513
-0.06428649971416674    0.0    848958.6218403196
-0.10200992554776432    0.0    850153.6214422066
-0.047590540913337503    0.0    850869.4779510412
-0.01794883531229822    0.0    847736.9148924208
-0.0036198630882543653    0.0    851496.7251498469
0.006708708849717621    0.0    847641.83977157
0.003428546920632814    0.0    850336.3602346192
0.12575222788368898    0.0    849708.6283543559
-0.04150778626046675    0.0    849995.3705366391
-0.13322914164911986    0.0    849785.1016756741
-0.1315037769836435    0.0    848998.9112291024
-0.014578734104259956    0.0    849222.0491276516
-0.03548642779601718    0.0    852043.5363229436
-0.18411316365879327    0.0    851491.6408939842
0.025148661489015102    0.0    850300.1247749011
-0.02954930863244752    0.0    852236.5577932671
-0.13669551758396725    0.0    850933.6430292479
-0.033754665022397004    0.0    849480.2423258957
-0.13159315615940323    0.0    849714.5804629016
0.18274669981800992    0.0    850159.5758379234
-0.027612462776971727    0.0    848423.1389059104
0.16814973550750403    0.0    848254.305681372
0.039204181873235495    0.0    851051.2249700453
-0.051805647171864394    0.0    848072.4568570507
0.048164396796120494    0.0    850476.7492913135
-0.051872731913261506    0.0    849448.7599736296
0.27371144929747937    0.0    847918.4084837139
0.036389488121830564    0.0    849346.4327236058
0.03912233812609358    0.0    850038.43578486
-0.16450987172384993    0.0    849087.8310119647
0.14939744370159683    0.0    848925.5093777175
0.1279573369480034    0.0    850013.6169294983
0.03593456146318022    0.0    850571.288620339
-0.027254055621803733    0.0    851128.0695508774
0.05922183456067868    0.0    849484.1891677311
0.026307313116645387    0.0    851276.2092902227
0.08066124086766577    0.0    848438.1336808456
-0.0941655865421105    0.0    851234.7411797651
-0.0880018201044564    0.0    850932.4667852785
-0.12186987391593361    0.0    848994.1679235658
-0.0022292951607043743    0.0    851042.9189312714
0.013582074628044609    0.0    849097.3454302726
-0.14790011816135507    0.0    849487.6772570413
0.11409193769785896    0.0    850153.664606452
0.10987281457624026    0.0    850218.686031086
0.02215909857473409    0.0    849403.38997379
0.044349864865769015    0.0    849776.7153024714
0.0470029165654008    0.0    849680.2807740493
0.0064936787152528284    0.0    850894.3194738314
-0.07832899771998562    0.0    852222.315509457
0.019147980109207947    0.0    851935.0874238195
0.17062659667151897    0.0    849926.223573004
0.0955349242001845    0.0    849810.9428847043
0.029054080933403538    0.0    851547.1776413962
-0.10156099175108113    0.0    850591.7470309795
0.13804087127278153    0.0    847744.4752764185
0.0262913786417036    0.0    850670.2493349161
0.05990875486223998    0.0    850117.0560243923
-0.07107337090675131    0.0    848100.9664365925
0.1863496593428694    0.0    850494.7008524846
0.030420515705597024    0.0    850334.3054942
-0.08881583385391272    0.0    848904.3284504956
-0.06561833321396596    0.0    849417.093805574
-0.06033097851420948    0.0    849929.942652138
0.23334157581329362    0.0    848559.6011667737
-0.1134142680910836    0.0    848935.0199757508
0.0840309058543503    0.0    847675.6282688578
-0.13307503183855532    0.0    851069.1831736705
-0.07131765197624189    0.0    851540.0037196341
-0.18819723120923845    0.0    851248.544316096
-0.03954513970899945    0.0    848021.8098931096
-0.11175843917799584    0.0    850187.5981003396
-0.014280500185231054    0.0    849350.9489973221
-0.14796095006972645    0.0    851854.9747563308
0.2060289007934497    0.0    851059.5335281698
-0.03685173615187361    0.0    850023.7251605237
0.09727182460049377    0.0    850169.9304439351
-0.12216792952581224    0.0    849327.133614775
0.004118519128953595    0.0    850914.8567249029
-0.07500448042634603    0.0    849830.9506740671
0.034105749805998745    0.0    850784.2977572192
0.03291594788884581    0.0    849589.7283909558
-0.020593953888921254    0.0    851685.3570763681
0.032293702116628124    0.0    852760.9350673725
0.07486294788760693    0.0    849867.3325675104
-0.09455134347618988    0.0    850844.9404825816
0.04294492872754237    0.0    848758.0605416411
-0.04808639784614731    0.0    850251.9337494511
0.08800768420227079    0.0    852619.2931032649
-0.03987893168725742    0.0    848776.9602722224
-0.06144556722516995    0.0    851059.6791332207
0.05263810217251961    0.0    850064.468955429
0.08181573710109691    0.0    850958.8844113301
-0.09520605445063018    0.0    851168.2266144679
0.07452112539472998    0.0    849877.089006662
-0.11285483332186592    0.0    848747.9223614747
-0.06769683148711059    0.0    849920.8747472833
0.11449693994308484    0.0    852408.2475219076
0.07703694127411563    0.0    848373.8168201799
0.018338407163907985    0.0    850544.854707039
0.12212936894935225    0.0    851427.840137506
-0.006686480906591612    0.0    848621.0848853291
0.04304604439323267    0.0    850121.8348244524
-0.18902401183826567    0.0    851174.711823433
-0.021367178005425643    0.0    847572.5786983892
0.035397070482393655    0.0    850653.7215167494
0.061830372664618244    0.0    851076.4543297674
-0.07149380464995475    0.0    851348.8965918694
0.09198372080815236    0.0    850315.5307980292
0.1373567018458432    0.0    852361.9132436838
-0.01722166916397945    0.0    848791.7779260842
0.10304249829856556    0.0    849452.8979536401
0.09434501666475353    0.0    850221.1188866711
-0.09649437150648178    0.0    850169.5955368278
0.23503570206174418    0.0    849095.8430323437
-0.19433122953879212    0.0    849890.5078177149
-0.032917293443087206    0.0    851588.272122649
0.03224149507103986    0.0    848967.0103021254
0.1566376099292018    0.0    851586.7507281094
-0.0710841056687259    0.0    850500.8526108271
0.03201654386940491    0.0    852243.4653549314
0.043460858399098565    0.0    854726.5889222661
0.035817586708883624    0.0    849066.5907667881
0.06970594484897745    0.0    848364.4756557198
-0.0765766059705726    0.0    849326.1646650145
-0.08297808916796659    0.0    848658.9424507238
0.18409756423023538    0.0    849383.953581779
-0.05637909699795243    0.0    850667.0323890301
0.1662538257119423    0.0    851056.165123084
-0.07129701367691288    0.0    851250.0262854561
0.18381117683702544    0.0    848871.7530617025
-0.14498130270693751    0.0    851362.8391159612
-0.03274262102901593    0.0    849959.4730465584
-0.08017990205579234    0.0    849897.8681703865
-0.08947227574765074    0.0    851560.5289170961
0.10654933787314205    0.0    851656.4176536433
0.10916218846605473    0.0    851101.6111249754
-0.03032978712997296    0.0    852316.7794210793
0.0783457256406385    0.0    851047.9233607459
-0.11844770622272321    0.0    848449.6401722594
0.13629963918958274    0.0    850938.4911315398
-0.21150027909999702    0.0    849043.9787006562
0.11235649810323337    0.0    850530.1864286253
-0.18468986967492476    0.0    850089.1673626922
-0.03868356911560292    0.0    850632.3888320737
-0.14956602496003663    0.0    852137.8572681335
0.1138600347586992    0.0    850592.6348598129
-0.1303921004396733    0.0    852496.4823075142
-0.13530629390820412    0.0    850436.6937667582
0.13518622846399272    0.0    850044.396134555
0.03748089678752211    0.0    849633.7376256312
-0.00804474457230579    0.0    850342.1974085253
0.0604028908451973    0.0    850227.3547569802
0.005284764406619596    0.0    849853.192412824
0.05033178271533926    0.0    851364.610605081
0.11793081062975547    0.0    847909.5886172432
0.03827176325685205    0.0    850473.9680237757
-0.06838692575831445    0.0    852525.9581820038
-0.1942581104083201    0.0    851318.8028309214
-0.0881243911245191    0.0    850321.0264521472
0.006206829721143213    0.0    849690.3773613055
-0.018729548633542367    0.0    849852.0173898799
-0.09422466445229007    0.0    850200.4147302374
0.01976113758366872    0.0    851162.3486539274
0.021103762727294348    0.0    848408.3944461874
-0.19446192131417617    0.0    852782.3412057018
0.1489097367534374    0.0    850978.8025086545
0.17173322125610443    0.0    848888.2226557385
0.04942782522346428    0.0    850526.9264034098
0.013848852258652226    0.0    851571.056169756
0.135096203233392    0.0    850296.3494278818
-0.05700724837250307    0.0    849763.8219227461
-0.16118841111086948    0.0    850785.2758599255
0.05579554304699531    0.0    850441.8896741892
-0.05060439513384444    0.0    849626.6842532222
0.06774536646903288    0.0    848834.5049727922
0.14132838619426022    0.0    853356.3619610752
0.12238543906923756    0.0    848605.1601211856
-0.0046534614209273835    0.0    848014.7002850252
0.005374915269125965    0.0    850747.1245314403
0.08492611513410364    0.0    850077.7480769138
-0.086211178645926    0.0    851097.5089479119
-0.03318827152597488    0.0    850892.424395726
-0.08211181543620605    0.0    851234.1260000066
0.08879066088333627    0.0    849676.8859616193
-0.053268895801707905    0.0    852945.4237422807
-0.08525368229938378    0.0    849505.1270917841
-0.0800897675524661    0.0    853659.2367425336
-0.019084412206720344    0.0    850326.7998393143
-0.006895561887778689    0.0    851065.697528335
-0.08583391026103736    0.0    850431.0395527551
0.20148527233101288    0.0    850377.4085543051
0.150861142129336    0.0    849256.9582641933
0.03948634666577067    0.0    851062.271929668
-0.024333099669864078    0.0    849890.9208407744
-0.03713178920022255    0.0    849578.1993219417
0.02045056954439539    0.0    848896.1088721737
0.10302264551920914    0.0    851596.7721746623
-0.04062274336107429    0.0    848741.7482349393
-0.10094898199170446    0.0    850742.8416079342
-0.0713228648601803    0.0    849395.4855935057
-0.017791107136089952    0.0    847728.6767953495
0.09495453289842577    0.0    851033.5481128574
-0.06799955084910797    0.0    849958.4951796308
-0.0780295070573506    0.0    849952.7177769373
-0.10897809901093183    0.0    850627.7077248216
0.16081921631351673    0.0    849016.8542457587
-0.004559484247018494    0.0    851313.4779152864
-0.05713157637180874    0.0    850702.4964610516
0.14038611017420322    0.0    851003.8513334992
0.22276312150699049    0.0    850635.3652935966
0.04414516992651663    0.0    849486.1952060723
0.20553540464593972    0.0    848826.2116006012
-0.09240217298547074    0.0    850941.2733036857
-0.16376111763442594    0.0    851386.7329141884
0.050247659510385394    0.0    852359.6787022275
-0.08573082223532717    0.0    848455.4923437722
0.039718556441664284    0.0    849283.964685773
0.05830312833461834    0.0    850671.3180545673
-0.02860025905162669    0.0    848797.3287235309
-0.011495413779350672    0.0    849597.2679079415
0.06928472943079987    0.0    852072.2246130733
0.04045104316708542    0.0    849520.5246078577
-0.0017049457886604215    0.0    851814.5669796941
0.04381655208199771    0.0    850674.4068759973
0.053274758086892554    0.0    849758.7712431806
-0.04009341689165237    0.0    851243.1475787463
-0.23010676159124502    0.0    849394.9774633393
0.07881775558630351    0.0    851393.0043760419
-0.08748918110933168    0.0    850951.3367271009
0.1453668022412233    0.0    851622.7352170915
0.020903357278399523    0.0    848901.3128715578
0.021515019516404804    0.0    850694.611070874
0.015095177287203932    0.0    850246.3994678251
0.07967372940257267    0.0    851457.5347739814
-0.017567615217765783    0.0    851436.1680552646
0.032662447566267384    0.0    851445.3663390047
0.061446928570495433    0.0    849225.563918172
-0.06476005952002077    0.0    850328.9135810805
0.057576602414922955    0.0    847964.0542383313
-0.029680678593315402    0.0    850096.2191150745
0.23156944234437962    0.0    852341.461359925
-0.011597013450197667    0.0    846220.9889575964
0.024799091712085927    0.0    850069.8751797024
0.030696102693812    0.0    850160.609160536
0.005906959173384307    0.0    849760.869405994
0.2590668240118632    0.0    849009.504017598
0.08194619964735667    0.0    850478.3593389009
0.13870640075581522    0.0    848741.3896344673
0.19929970069784056    0.0    849276.6545098801
-0.16821730441020732    0.0    847754.2431705304
0.1445126388771059    0.0    849562.8350168153
-0.10412502465353152    0.0    850955.2442030319
0.08966635840846415    0.0    851601.0059903516
0.04220701065333573    0.0    847868.972300504
-0.0790150624404267    0.0    849091.2781735153
0.12863933530784155    0.0    851442.271646688
-0.07736356703072333    0.0    850334.3531681747
-0.12563599297378944    0.0    848442.2613300864
0.03450824459739029    0.0    849416.1987194791
0.1366992935559611    0.0    848476.576677343
0.10684518296471877    0.0    848986.2054116376
0.07426078469417076    0.0    851660.0664864361
0.09075123795667366    0.0    850075.9012503581
0.014682679713829845    0.0    849615.0922991362
-0.016589068669591388    0.0    850977.9519517765
0.016401614974759334    0.0    850836.5697453466
0.006651422079023777    0.0    848813.4501865947
0.0882391131246184    0.0    851424.7316173653
-0.060753143840430915    0.0    850928.8576758023
-0.04796729879124559    0.0    850746.6060983451
-0.0824220932084807    0.0    849107.9404330385
-0.081446822199381    0.0    849279.3659750527
0.023014110959775826    0.0    850017.7401311467
-0.0011356803681987432    0.0    849148.5466234108
0.07526137038864754    0.0    852429.2333207052
0.018944480798057606    0.0    852792.6144811445
-0.0901280782735147    0.0    849555.3636606141
0.02025415042758264    0.0    848968.5626488662
-0.028171364494338737    0.0    849306.8155128964
-0.07654018540079927    0.0    850278.4097828097
0.022502008647781988    0.0    853130.066297289
0.011786633913995929    0.0    848092.2540548015
-0.02577384925353799    0.0    848366.3128064268
0.053036314176045984    0.0    851307.579387824
0.1569681297716177    0.0    847897.1436185426
0.12020151787477332    0.0    851720.2935108761
-0.06715564506750621    0.0    850683.7627867627
0.04063596432438055    0.0    852262.3584237407
0.13085894638498424    0.0    851510.2497926478
-0.03806237209950419    0.0    849559.1924290298
0.04901317665667731    0.0    850611.3035572721
0.08998050834045065    0.0    848323.1241304715
0.20830629807040008    0.0    851681.0604897913
0.1261117685454128    0.0    850000.3408912818
0.16552243523861135    0.0    849692.412740932
-0.07398134937981891    0.0    850377.3401934657
0.02811281580022946    0.0    848655.0032189123
0.13577884775108603    0.0    851309.4209392966
-0.04610721588577121    0.0    852289.5352279459
0.03905212271705652    0.0    850614.3607390668
0.06162503987281263    0.0    847682.0737432467
0.008919118022158628    0.0    847420.9583827918
-0.13193406533024357    0.0    851343.0979712901
0.058995999772515996    0.0    849970.6128210458
-0.05507369227051367    0.0    850675.8671973184
-0.11791066500274282    0.0    849408.9726170208
-0.1259163253299282    0.0    850700.9335355875
0.08682623614366528    0.0    850665.6897005654
-0.03130259221942527    0.0    850558.2158047264
0.09765474967594578    0.0    849164.7981163263
-0.11492415895083004    0.0    851499.8942853468
0.07377940842229083    0.0    848139.7896228409
-0.04263191746692316    0.0    849792.1356622345
0.041410568870515745    0.0    852778.2896510223
0.13268733011315065    0.0    852808.9096528852
0.003815268386312836    0.0    847984.1475218742
0.13576487230400575    0.0    849214.9015362648
0.10342437617428862    0.0    849093.3543251738
-0.02280298305709581    0.0    849974.4828883366
0.023607036816889304    0.0    849044.6811829115
0.22332550739123358    0.0    851081.6022197616
-0.1440467648425978    0.0    850486.803865711
0.04855401287181156    0.0    851066.6003027986
0.023916059330851964    0.0    850666.6221640053
-0.00021259252309343353    0.0    851988.0803147914
0.05720422149162433    0.0    850003.2215042999
-0.10103771946226758    0.0    849616.7476170547
0.07275776714019948    0.0    851632.2654804551
-0.1672230776009727    0.0    848670.3530688904
0.0167348369678207    0.0    852151.7943773095
0.06291534708155766    0.0    847493.1575967378
0.030804512405817927    0.0    848625.4442169442
-0.008081072501160698    0.0    851612.8098748229
0.07316037450124216    0.0    850366.9276430665
-0.1467858701878555    0.0    850718.0055923517
0.20032305864402566    0.0    849566.2278217234
0.007310820146429366    0.0    851289.5375897391
0.05822267601751472    0.0    850824.3978859332
-0.017222096522033565    0.0    851992.4994115209
0.19238778250296343    0.0    852348.3530478738
0.03191227652836576    0.0    852676.3108020696
0.32960742417717936    0.0    849694.3532215079
-0.17116584304491733    0.0    850814.3340279396
0.06058620836473281    0.0    848727.6865312041
0.015099805280946114    0.0    849188.9913942082
-0.01865810036204504    0.0    850012.0099137838
0.028949231686082346    0.0    849092.1061298876
0.023563874705701385    0.0    850490.0095334074
0.06933091437905894    0.0    849777.8629631072
0.04556674988427814    0.0    848444.3104744352
0.11545828282884477    0.0    849540.3398716071
-0.16821658587791133    0.0    850607.0463116942
-0.039728940587211714    0.0    851334.7579683533
-0.02878754359359613    0.0    850086.4336517053
0.04430816460130575    0.0    849078.0878349725
-0.012478120868784963    0.0    849857.1662355593
0.07198750113338097    0.0    849016.2620468176
0.046078169537702475    0.0    850950.2283441979
-0.041400916737636954    0.0    850250.2788239197
-0.011467268246344343    0.0    847871.1320078151
-0.019382763578667535    0.0    850091.939693324
-0.10940139972532609    0.0    850673.674788899
0.14144900877502758    0.0    850117.7650093063
-0.048526085729050476    0.0    848803.1576590176
0.09233748080848721    0.0    848969.9594759386
0.0708031995527004    0.0    850404.1975242388
-0.10457384545445414    0.0    849134.6507690127
-0.07170122090045356    0.0    848879.0546676746
0.20473854640069608    0.0    850488.6605424981
0.09770906143723598    0.0    851544.0997553349
-0.04162390322699636    0.0    847888.8495888636
0.08638608852117963    0.0    849683.5097310176
0.05772295167135197    0.0    850243.5238394132
-0.1247096564042831    0.0    850749.0403788458
-0.0488337065898419    0.0    849356.047083605
0.1338090035636118    0.0    851339.8549461268
0.01837261097962414    0.0    850125.9787046082
-0.21673151308187164    0.0    849997.1894780315
0.11379576635312505    0.0    847566.1625963456
-0.17011600692676654    0.0    847745.0703720747
-0.019025156421961367    0.0    849729.1570556592
0.049124465006962686    0.0    850920.6818585027
0.013996130852607858    0.0    852210.9874169475
-0.033550769745367845    0.0    850626.3891567792
0.046440180083370246    0.0    851389.5380751914
-0.07044945000027031    0.0    850756.7034776474
-0.040858476299881846    0.0    851579.3180277736
0.02966075943235781    0.0    849845.4354577484
0.05914362655753175    0.0    851029.611418306
-0.09086075853595164    0.0    850093.8679115707
-0.024305888937949813    0.0    847371.1343794466
0.05592982561218862    0.0    851262.6721603163
-0.010535498483373672    0.0    849219.7832273575
-0.028173808060478096    0.0    846805.0779215941
-0.08556677899775039    0.0    848948.0119638008
0.1762871774021709    0.0    853138.4380998617
0.05357414043942679    0.0    850718.564684833
0.04745589204410744    0.0    851312.4442519414
-0.05558708098621987    0.0    849545.7171957787
-0.13099264953994702    0.0    851562.4742931345
0.06864716006142528    0.0    850258.4130656247
0.09220866000922262    0.0    849269.5866391325
0.08422995012659744    0.0    849283.809819279
-0.017345137835955506    0.0    848758.3812869409
-0.01665280408381371    0.0    853026.6914587228
-0.13637882398764165    0.0    849872.6026511672
-0.07283946433525802    0.0    851287.4474130876
-0.1717683110176405    0.0    850421.7564467769
-0.05759037803417975    0.0    851784.5389269928
-0.2818437257391106    0.0    848428.140913605
-0.0830886462738466    0.0    851379.3376770506
-0.04888084575691873    0.0    849572.09216905
0.08677627286538407    0.0    851026.1027216654
0.09441719521413189    0.0    850225.1325777839
0.044378698797594505    0.0    850210.5970255665
0.01519267885653451    0.0    848881.0899062844
-0.06707087353623456    0.0    851799.3278522504
0.0495381397879488    0.0    849016.1535647532
-0.0495268975538804    0.0    849293.6894905977
-0.10404026144778962    0.0    849055.5619909513
-0.12072069747229218    0.0    850961.4067704146
0.013408991934433062    0.0    850898.3018206948
0.030255570950017248    0.0    850692.0880383198
0.032038118836187006    0.0    852708.4331664272
0.0002692517146887054    0.0    850369.7498630867
-0.08905782455161892    0.0    850316.2837347046
-0.1370659827985595    0.0    850131.2882017435
-0.028030491938868526    0.0    850537.4821976708
0.07101807422293539    0.0    851519.3677562488
-0.1517866880573661    0.0    851238.3259914124
-0.07133082683541347    0.0    851484.5894761368
0.006369991330429703    0.0    850578.4912812782
0.1540955432111708    0.0    850340.8824880472
0.029551778274054797    0.0    851371.8033249347
-0.05619780186010453    0.0    849665.0964638403
-0.08453999382331932    0.0    851226.4620912196
0.009990306782883478    0.0    851014.1962748258
-0.14271889738940602    0.0    851984.6828413989
-0.18445981892345445    0.0    850389.7371880577
-0.12789399969953938    0.0    852815.9189593197
-0.09759096917737597    0.0    848975.2002783755
0.027641679895861256    0.0    850734.9588455058
-0.06304751908690576    0.0    849661.310221263
-0.12819448506044734    0.0    852596.8252044915
0.013791589939846373    0.0    847592.3454064372
0.0485171552978928    0.0    850810.6959314746
-0.07045187089927367    0.0    850645.0731435103
0.04235707032438721    0.0    850214.300368852
0.07847705581734918    0.0    850114.3513002631
-0.10931738483533973    0.0    851380.5653959966
0.1319746282791486    0.0    851137.022723525
-0.12249775946964588    0.0    849322.6095898648
-0.19098469089854267    0.0    850581.8638815326
0.009529066282378096    0.0    849345.7549512624
0.03815529871843767    0.0    850430.131636722
-0.051854490823365844    0.0    851442.2740164958
0.13660222870544253    0.0    850148.1405265889
-0.08436944586226836    0.0    849800.7241239933
-0.018058907436358386    0.0    851875.5406013061
-0.11522604340502236    0.0    848567.950367095
0.06086141482146348    0.0    850921.8886661797
-0.16281947252174445    0.0    850381.7226195205
0.15457129805109254    0.0    848283.0605894987
-0.05907460101213832    0.0    850784.4086954878
-0.011090240042492847    0.0    850039.2507989896
0.024856790412726846    0.0    850339.3040742822
0.11420272833148622    0.0    849091.4115409622
-0.16811386060328867    0.0    851393.935894881
-0.1513071675654397    0.0    850457.4566862071
7.338038912853504e-05    0.0    848361.4649338538
-0.08641592386936746    0.0    847202.5526842193
0.04836408860780134    0.0    848367.674204069
0.12273031385540761    0.0    850801.7703399583
-0.08367468509158703    0.0    848983.9846539348
-0.15339982440989108    0.0    848540.704152622
0.09055576727168528    0.0    848699.4498972661
-0.08364298994857695    0.0    849053.9455953805
0.05335144316625756    0.0    848170.9283802599
0.06686942522163254    0.0    849962.7762644703
0.12454197514640233    0.0    849880.1241602983
-0.15279352409342106    0.0    850761.6777510551
-0.16923395080373993    0.0    849625.2861828392
0.02134726746298858    0.0    849627.9344431497
-0.11957821196295962    0.0    849282.1695220907
0.016969153623645185    0.0    848627.6387099512
0.02882180734503492    0.0    852210.5538629736
-0.045581309234246116    0.0    849765.7139662344
0.0317065119267116    0.0    848809.2538777575
-0.10197378543116722    0.0    849200.5203474202
0.0819737169225035    0.0    851466.9278041031
-0.0379511133017165    0.0    851214.9236541681
-0.06279763168666873    0.0    849994.8924614034
-0.1995040582642428    0.0    848554.5173227094
-0.09705627717972415    0.0    849847.2813300429
0.11521113869533306    0.0    849253.2649773954
-0.05629015108945841    0.0    850170.0652907044
-0.10906912704342696    0.0    849355.8486725655
0.0765900184821021    0.0    850588.2465078771
0.053523775252571584    0.0    850125.6949770753
-0.05336573483288866    0.0    851378.0261786078
-0.04823149250637919    0.0    849733.5344090558
-0.15195302847440975    0.0    850715.877315867
-0.04600778134416261    0.0    848871.6267414179
0.015577927615947658    0.0    848535.8605488533
-0.22366259409631406    0.0    850645.1367585044
-0.08866989600386628    0.0    850028.8776627515
0.007835854760614963    0.0    849655.0766854763
0.14179001489684062    0.0    850083.7903010244
-0.06107183023731225    0.0    849660.340109278
0.043649294030265406    0.0    852865.9103810363
-0.265715860835439    0.0    850717.3584780289
0.06523465159740564    0.0    850817.605490887
-0.012843786089797216    0.0    850381.2703964503
0.20357078921137514    0.0    850409.4970783702
-0.11478502618000948    0.0    851041.5459181401
0.028063052258683274    0.0    847853.6115855232
-0.28450521499610715    0.0    849218.536491698
-0.051132118980405906    0.0    849889.0732539023
0.12566721712697373    0.0    849102.0757298714
0.0009997145667672255    0.0    850144.6728790005
0.02601512727679997    0.0    851803.6364756139
-0.11556232242728237    0.0    849639.6470785522
-0.04202838038775547    0.0    850195.2743299613
-0.058998183088861005    0.0    849625.3624820189
0.02110294126011874    0.0    850965.0090076701
0.11230750737312778    0.0    849159.2323361305
0.09836425876321134    0.0    849811.7616864912
0.05192717455818087    0.0    851279.0802791851
-0.15618219948193177    0.0    852260.3091528902
-0.12251675519278778    0.0    850505.3648937264
0.050963769991483214    0.0    850925.213980552
-0.08091674808290163    0.0    850798.6146451111
-0.05510534048204161    0.0    849944.3915969632
-0.08683266472209496    0.0    849476.8370282847
0.029265930780318552    0.0    849371.6531863884
0.16445380828312992    0.0    850531.6538083176
-0.1572228703617754    0.0    849789.2506195282
-0.24218769579726232    0.0    849988.4677889827
-0.09120969737973705    0.0    850606.1173249718
-0.0035611567386244006    0.0    850849.1202941266
-0.018104353925636824    0.0    848030.3047733736
0.055571080352517746    0.0    849823.9450732614
-0.03228456347649242    0.0    848478.7478814875
-0.04176088260017843    0.0    851791.4709424246
0.12520400853188227    0.0    850039.697954431
-0.07983136945442736    0.0    848582.2948201459
0.042395132954529645    0.0    848458.1474894041
-0.05419599184111043    0.0    852345.0982165696
0.01930592897090791    0.0    852126.9412682032
0.053725890009163    0.0    851763.4765886962
0.06553890595726694    0.0    849491.664289897
0.004750295674696971    0.0    851622.439381518
-0.014069162421920581    0.0    848935.1052042054
0.020229082447353865    0.0    850852.5191388845
-0.06397940398503003    0.0    848647.2253928743
-0.10639540389747315    0.0    849260.5371927611
0.038852043632320164    0.0    853363.8214147727
-0.08890816791283862    0.0    849575.2152831006
0.07783228647528768    0.0    849277.6259406767
-0.052543428716512144    0.0    849193.0578229068
-0.039374910023306564    0.0    850337.0598225008
0.12857203383209434    0.0    849642.6295398056
-0.08229284517662414    0.0    849236.852429103
-0.0941004808230927    0.0    852362.2053595822
0.06123392728774967    0.0    851697.9951248599
-0.10527682391144762    0.0    850635.8621856507
0.056444254464625615    0.0    851223.8234993648
-0.06325194318156105    0.0    849406.6262115568
0.13831406877858954    0.0    850673.2264345296
0.1332922561849924    0.0    850083.3881620383
-0.0013176296634608209    0.0    850299.9874438221
0.04928682924373592    0.0    849533.2837481564
-0.062305523506701044    0.0    848585.4766453975
0.12025619118584574    0.0    849977.4147773052
0.04101299737472805    0.0    848517.2118272026
0.016533330809875315    0.0    851283.419211451
-0.04212885221415441    0.0    851609.6347338858
0.07674620166090629    0.0    850330.7699817275
-0.1726474221872454    0.0    852994.0704345737
0.039373361241519536    0.0    850744.6704911061
0.020329332291528307    0.0    852123.1941963524
-0.0818462096259448    0.0    850039.9306737151
-0.005244663702704443    0.0    851276.2119901328
-0.1496206391784717    0.0    849605.5586631154
-0.03365641187292831    0.0    849537.9829173947
-0.03690774736731757    0.0    848489.7559168325
0.07084368476525786    0.0    849841.3204085047
0.07167560744718633    0.0    851583.5890181272
-0.019590774295561848    0.0    848927.8539415284
-0.08426738921392962    0.0    849406.1808104964
-0.04545456189733799    0.0    852535.5250050134
0.014711449580162992    0.0    850538.4935063437
-0.009953859564578662    0.0    850518.3095488219
-0.06005287531942737    0.0    851087.7405207349
0.022089714520183375    0.0    847523.823473212
-0.00770492820717962    0.0    850377.2153990627
0.06628522545168895    0.0    850406.1879109457
-0.062484325475947136    0.0    848571.3736137302
-0.1291346534666644    0.0    850649.974336141
0.06686788209902049    0.0    846903.6613199554
0.11964331742993602    0.0    851856.2157860548
-0.12104312016280934    0.0    850016.6339046727
0.11813543815146495    0.0    850106.3175504864
0.07091579022717424    0.0    849070.235822389
0.0005564732449646596    0.0    848006.636602742
0.11981734190585802    0.0    851019.6599941797
0.037889435073456317    0.0    849029.7429189117
0.08806521736779946    0.0    849754.202258904
0.07661590403015234    0.0    850256.808631798
-0.024407987126359623    0.0    849825.1177828825
0.04312896104649364    0.0    851540.0533860232
0.19517345652536322    0.0    849415.3389783466
-0.17402808411666157    0.0    849862.9235681546
-0.15460347802263086    0.0    850679.92389227
-0.033689850552502766    0.0    850314.839746162
-0.02909602628518167    0.0    853539.8449757627
-0.13321920841556079    0.0    849277.5992638294
-0.007099962972008381    0.0    851094.4112005442
-0.18454975575289562    0.0    852151.7142379173
0.2518139386138602    0.0    849963.7315687495
-0.10332568237912616    0.0    848632.126073801
0.01139201136007172    0.0    850401.3537610966
-0.05148303759109817    0.0    850668.558601155
-0.09735464393687995    0.0    851090.7158314508
0.007384684284861345    0.0    850240.2692363224
-0.009343508171701605    0.0    851361.3750192061
0.01896462081932691    0.0    849809.9094088527
0.03480840874446849    0.0    851264.4529585151
-0.03318401887280358    0.0    849145.9687783775
-0.02077171342578441    0.0    851401.0316851554
0.010883784323578458    0.0    851269.4516922663
-0.05167368661413574    0.0    852160.0423898348
-0.042757136652941063    0.0    850326.1056834636
0.016196386111999975    0.0    850274.4784790378
-0.019353395934321112    0.0    849961.0776777202
0.059167788135025545    0.0    850674.5255661826
0.00998386801358024    0.0    851181.2887497203
0.054332458286782126    0.0    851301.0035162213
-0.15022572947827265    0.0    849719.3962427326
-0.10411957492776176    0.0    852196.2037535812
0.11414403763577877    0.0    851163.3116445374
0.05885348306652005    0.0    851389.2677788556
0.2693390262897275    0.0    850660.602213257
-0.049752980763087505    0.0    850562.5291804166
-0.11231790243968115    0.0    849962.6166332146
-0.10461028167264846    0.0    849030.4519595227
-0.074008897041207    0.0    850630.4823579834
-0.047418455814912865    0.0    851590.3836239738
0.01575541963265764    0.0    849540.4908128091
-0.023359562452858796    0.0    849412.6247269799
