|                            Parameters |                       0 |                       1 |   2 |                      3 |   4 |                      5 |                       6 |                     7 |   8 |   9 |  10 |  11 |                     12 |                     13 |  14 |
|                Crablog.spectral.index |    0.014994985043194785 | -1.8437850130694212e-13 | 0.0 |  -0.003313589494956609 | 0.0 | 2.5293722003640495e-06 | -1.7880153520341717e-06 |                   0.0 | 0.0 | 0.0 | 0.0 | 0.0 |                    0.0 |                    0.0 | 0.0 |
|            Crablog.spectral.amplitude | -1.8437850130694212e-13 |  5.5256562018682285e-24 | 0.0 |  6.948034453669192e-14 | 0.0 | -7.584925512619376e-17 |   4.392409537703001e-17 |                   0.0 | 0.0 | 0.0 | 0.0 | 0.0 |                    0.0 |                    0.0 | 0.0 |
|            Crablog.spectral.reference |                     0.0 |                     0.0 | 0.0 |                    0.0 | 0.0 |                    0.0 |                     0.0 |                   0.0 | 0.0 | 0.0 | 0.0 | 0.0 |                    0.0 |                    0.0 | 0.0 |
|              Crablog.spectral.lambda_ |   -0.003313589494956609 |   6.948034453669192e-14 | 0.0 |  0.0012830775653569035 | 0.0 | -5.199055169736125e-07 |  4.1785161736395443e-07 |                   0.0 | 0.0 | 0.0 | 0.0 | 0.0 |                    0.0 |                    0.0 | 0.0 |
|                Crablog.spectral.alpha |                     0.0 |                     0.0 | 0.0 |                    0.0 | 0.0 |                    0.0 |                     0.0 |                   0.0 | 0.0 | 0.0 | 0.0 | 0.0 |                    0.0 |                    0.0 | 0.0 |
|                 Crablog.spatial.lon_0 |  2.5293722003640495e-06 |  -7.584925512619376e-17 | 0.0 | -5.199055169736125e-07 | 0.0 |  5.138743095916529e-06 |    -1.6853801498643e-08 |                   0.0 | 0.0 | 0.0 | 0.0 | 0.0 |                    0.0 |                    0.0 | 0.0 |
|                 Crablog.spatial.lat_0 | -1.7880153520341717e-06 |   4.392409537703001e-17 | 0.0 | 4.1785161736395443e-07 | 0.0 |   -1.6853801498643e-08 |   3.942566916056117e-06 |                   0.0 | 0.0 | 0.0 | 0.0 | 0.0 |                    0.0 |                    0.0 | 0.0 |
|       dataset_N-irf.e_reco_model.bias |                     0.0 |                     0.0 | 0.0 |                    0.0 | 0.0 |                    0.0 |                     0.0 | 0.0013707533506314461 | 0.0 | 0.0 | 0.0 | 0.0 |                    0.0 |                    0.0 | 0.0 |
| dataset_N-irf.e_reco_model.resolution |                     0.0 |                     0.0 | 0.0 |                    0.0 | 0.0 |                    0.0 |                     0.0 |                   0.0 | 0.0 | 0.0 | 0.0 | 0.0 |                    0.0 |                    0.0 | 0.0 |
|           dataset_N-irf.spectral.norm |                     0.0 |                     0.0 | 0.0 |                    0.0 | 0.0 |                    0.0 |                     0.0 |                   0.0 | 0.0 | 0.0 | 0.0 | 0.0 |                    0.0 |                    0.0 | 0.0 |
|           dataset_N-irf.spectral.tilt |                     0.0 |                     0.0 | 0.0 |                    0.0 | 0.0 |                    0.0 |                     0.0 |                   0.0 | 0.0 | 0.0 | 0.0 | 0.0 |                    0.0 |                    0.0 | 0.0 |
|      dataset_N-irf.spectral.reference |                     0.0 |                     0.0 | 0.0 |                    0.0 | 0.0 |                    0.0 |                     0.0 |                   0.0 | 0.0 | 0.0 | 0.0 | 0.0 |                    0.0 |                    0.0 | 0.0 |
|           dataset_N-bkg.spectral.norm |                     0.0 |                     0.0 | 0.0 |                    0.0 | 0.0 |                    0.0 |                     0.0 |                   0.0 | 0.0 | 0.0 | 0.0 | 0.0 | 0.00011483986642777836 | 1.1540395081597549e-05 | 0.0 |
|           dataset_N-bkg.spectral.tilt |                     0.0 |                     0.0 | 0.0 |                    0.0 | 0.0 |                    0.0 |                     0.0 |                   0.0 | 0.0 | 0.0 | 0.0 | 0.0 | 1.1540395081597549e-05 |  0.0001317089970573275 | 0.0 |
|      dataset_N-bkg.spectral.reference |                     0.0 |                     0.0 | 0.0 |                    0.0 | 0.0 |                    0.0 |                     0.0 |                   0.0 | 0.0 | 0.0 | 0.0 | 0.0 |                    0.0 |                    0.0 | 0.0 |
