|                            Parameters |                       0 |                       1 |   2 |                      3 |   4 |                       5 |                       6 |                     7 |   8 |   9 |  10 |  11 |                     12 |                     13 |  14 |
|                Crablog.spectral.index |    0.019874402135305193 |  -2.549012791621408e-13 | 0.0 | -0.0046086407493608934 | 0.0 | -3.5174066919785537e-06 | -1.9122534327039618e-07 |                   0.0 | 0.0 | 0.0 | 0.0 | 0.0 |                    0.0 |                    0.0 | 0.0 |
|            Crablog.spectral.amplitude |  -2.549012791621408e-13 |   7.531753241282574e-24 | 0.0 | 1.0129880652625217e-13 | 0.0 | -1.3773278223242802e-17 |  -5.074301663189881e-18 |                   0.0 | 0.0 | 0.0 | 0.0 | 0.0 |                    0.0 |                    0.0 | 0.0 |
|            Crablog.spectral.reference |                     0.0 |                     0.0 | 0.0 |                    0.0 | 0.0 |                     0.0 |                     0.0 |                   0.0 | 0.0 | 0.0 | 0.0 | 0.0 |                    0.0 |                    0.0 | 0.0 |
|              Crablog.spectral.lambda_ |  -0.0046086407493608934 |  1.0129880652625217e-13 | 0.0 |  0.0018464467515986764 | 0.0 |   4.951138575799936e-07 |  -2.890297639004727e-07 |                   0.0 | 0.0 | 0.0 | 0.0 | 0.0 |                    0.0 |                    0.0 | 0.0 |
|                Crablog.spectral.alpha |                     0.0 |                     0.0 | 0.0 |                    0.0 | 0.0 |                     0.0 |                     0.0 |                   0.0 | 0.0 | 0.0 | 0.0 | 0.0 |                    0.0 |                    0.0 | 0.0 |
|                 Crablog.spatial.lon_0 | -3.5174066919785537e-06 | -1.3773278223242802e-17 | 0.0 |  4.951138575799936e-07 | 0.0 |  5.6004449624562315e-06 |      8.107800956214e-08 |                   0.0 | 0.0 | 0.0 | 0.0 | 0.0 |                    0.0 |                    0.0 | 0.0 |
|                 Crablog.spatial.lat_0 | -1.9122534327039618e-07 |  -5.074301663189881e-18 | 0.0 | -2.890297639004727e-07 | 0.0 |      8.107800956214e-08 |    3.86955655899167e-06 |                   0.0 | 0.0 | 0.0 | 0.0 | 0.0 |                    0.0 |                    0.0 | 0.0 |
|       dataset_N-irf.e_reco_model.bias |                     0.0 |                     0.0 | 0.0 |                    0.0 | 0.0 |                     0.0 |                     0.0 | 0.0017641761223836782 | 0.0 | 0.0 | 0.0 | 0.0 |                    0.0 |                    0.0 | 0.0 |
| dataset_N-irf.e_reco_model.resolution |                     0.0 |                     0.0 | 0.0 |                    0.0 | 0.0 |                     0.0 |                     0.0 |                   0.0 | 0.0 | 0.0 | 0.0 | 0.0 |                    0.0 |                    0.0 | 0.0 |
|           dataset_N-irf.spectral.norm |                     0.0 |                     0.0 | 0.0 |                    0.0 | 0.0 |                     0.0 |                     0.0 |                   0.0 | 0.0 | 0.0 | 0.0 | 0.0 |                    0.0 |                    0.0 | 0.0 |
|           dataset_N-irf.spectral.tilt |                     0.0 |                     0.0 | 0.0 |                    0.0 | 0.0 |                     0.0 |                     0.0 |                   0.0 | 0.0 | 0.0 | 0.0 | 0.0 |                    0.0 |                    0.0 | 0.0 |
|      dataset_N-irf.spectral.reference |                     0.0 |                     0.0 | 0.0 |                    0.0 | 0.0 |                     0.0 |                     0.0 |                   0.0 | 0.0 | 0.0 | 0.0 | 0.0 |                    0.0 |                    0.0 | 0.0 |
|           dataset_N-bkg.spectral.norm |                     0.0 |                     0.0 | 0.0 |                    0.0 | 0.0 |                     0.0 |                     0.0 |                   0.0 | 0.0 | 0.0 | 0.0 | 0.0 |  0.0001159049816016628 | 7.6231112823552346e-06 | 0.0 |
|           dataset_N-bkg.spectral.tilt |                     0.0 |                     0.0 | 0.0 |                    0.0 | 0.0 |                     0.0 |                     0.0 |                   0.0 | 0.0 | 0.0 | 0.0 | 0.0 | 7.6231112823552346e-06 | 0.00013574522074908033 | 0.0 |
|      dataset_N-bkg.spectral.reference |                     0.0 |                     0.0 | 0.0 |                    0.0 | 0.0 |                     0.0 |                     0.0 |                   0.0 | 0.0 | 0.0 | 0.0 | 0.0 |                    0.0 |                    0.0 | 0.0 |
