|                            Parameters |                       0 |                       1 |   2 |                      3 |   4 |                      5 |                      6 |                     7 |   8 |   9 |  10 |  11 |                     12 |                     13 |  14 |
|                Crablog.spectral.index |     0.02139095700274706 | -1.3716206244376595e-13 | 0.0 |  -0.003685797784902436 | 0.0 | 1.0805022497410155e-05 | 3.2981902591896096e-06 |                   0.0 | 0.0 | 0.0 | 0.0 | 0.0 |                    0.0 |                    0.0 | 0.0 |
|            Crablog.spectral.amplitude | -1.3716206244376595e-13 |   4.278208454759478e-24 | 0.0 |  5.331672419080797e-14 | 0.0 | -6.373642327425659e-19 | 4.2251047021363056e-18 |                   0.0 | 0.0 | 0.0 | 0.0 | 0.0 |                    0.0 |                    0.0 | 0.0 |
|            Crablog.spectral.reference |                     0.0 |                     0.0 | 0.0 |                    0.0 | 0.0 |                    0.0 |                    0.0 |                   0.0 | 0.0 | 0.0 | 0.0 | 0.0 |                    0.0 |                    0.0 | 0.0 |
|              Crablog.spectral.lambda_ |   -0.003685797784902436 |   5.331672419080797e-14 | 0.0 |  0.0011517037060380755 | 0.0 | -5.651697188702597e-07 | -3.338086731617389e-07 |                   0.0 | 0.0 | 0.0 | 0.0 | 0.0 |                    0.0 |                    0.0 | 0.0 |
|                Crablog.spectral.alpha |                     0.0 |                     0.0 | 0.0 |                    0.0 | 0.0 |                    0.0 |                    0.0 |                   0.0 | 0.0 | 0.0 | 0.0 | 0.0 |                    0.0 |                    0.0 | 0.0 |
|                 Crablog.spatial.lon_0 |  1.0805022497410155e-05 |  -6.373642327425659e-19 | 0.0 | -5.651697188702597e-07 | 0.0 |  5.478002595587326e-06 |  6.972660835516096e-09 |                   0.0 | 0.0 | 0.0 | 0.0 | 0.0 |                    0.0 |                    0.0 | 0.0 |
|                 Crablog.spatial.lat_0 |  3.2981902591896096e-06 |  4.2251047021363056e-18 | 0.0 | -3.338086731617389e-07 | 0.0 |  6.972660835516096e-09 |  4.027720335744265e-06 |                   0.0 | 0.0 | 0.0 | 0.0 | 0.0 |                    0.0 |                    0.0 | 0.0 |
|       dataset_N-irf.e_reco_model.bias |                     0.0 |                     0.0 | 0.0 |                    0.0 | 0.0 |                    0.0 |                    0.0 | 0.0031585195564664114 | 0.0 | 0.0 | 0.0 | 0.0 |                    0.0 |                    0.0 | 0.0 |
| dataset_N-irf.e_reco_model.resolution |                     0.0 |                     0.0 | 0.0 |                    0.0 | 0.0 |                    0.0 |                    0.0 |                   0.0 | 0.0 | 0.0 | 0.0 | 0.0 |                    0.0 |                    0.0 | 0.0 |
|           dataset_N-irf.spectral.norm |                     0.0 |                     0.0 | 0.0 |                    0.0 | 0.0 |                    0.0 |                    0.0 |                   0.0 | 0.0 | 0.0 | 0.0 | 0.0 |                    0.0 |                    0.0 | 0.0 |
|           dataset_N-irf.spectral.tilt |                     0.0 |                     0.0 | 0.0 |                    0.0 | 0.0 |                    0.0 |                    0.0 |                   0.0 | 0.0 | 0.0 | 0.0 | 0.0 |                    0.0 |                    0.0 | 0.0 |
|      dataset_N-irf.spectral.reference |                     0.0 |                     0.0 | 0.0 |                    0.0 | 0.0 |                    0.0 |                    0.0 |                   0.0 | 0.0 | 0.0 | 0.0 | 0.0 |                    0.0 |                    0.0 | 0.0 |
|           dataset_N-bkg.spectral.norm |                     0.0 |                     0.0 | 0.0 |                    0.0 | 0.0 |                    0.0 |                    0.0 |                   0.0 | 0.0 | 0.0 | 0.0 | 0.0 | 0.00011567289615623262 | 1.0087295481058761e-05 | 0.0 |
|           dataset_N-bkg.spectral.tilt |                     0.0 |                     0.0 | 0.0 |                    0.0 | 0.0 |                    0.0 |                    0.0 |                   0.0 | 0.0 | 0.0 | 0.0 | 0.0 | 1.0087295481058761e-05 | 0.00013259797827727001 | 0.0 |
|      dataset_N-bkg.spectral.reference |                     0.0 |                     0.0 | 0.0 |                    0.0 | 0.0 |                    0.0 |                    0.0 |                   0.0 | 0.0 | 0.0 | 0.0 | 0.0 |                    0.0 |                    0.0 | 0.0 |
