1.6332379545083329e-12  1.319062538675151e-12  1.0653230144041797e-12  8.603937203455874e-13  6.948853483881109e-13  5.612147508590806e-13  4.5325750112938856e-13  3.660672888864316e-13  2.956492935224662e-13  2.3877715221763754e-13  1.9284513668838623e-13  1.5574876573812898e-13  1.2578838359894945e-13  1.0159128628370818e-13  8.204882798783769e-14  6.626562592561022e-14  
1.533441120150281e-12  1.2236890888507707e-12  9.765063467358164e-13  7.792540228587577e-13  6.218462728597491e-13  4.962345727147446e-13  3.9599618411305324e-13  3.160057490033884e-13  2.521732213830713e-13  2.0123473634029874e-13  1.6058572313050546e-13  1.2814772907664836e-13  1.0226214477457807e-13  8.160539659381594e-14  6.512127012311101e-14  5.1966904144284976e-14  
1.4424472515277083e-12  1.111795440743461e-12  8.569388591151559e-13  6.605029858465033e-13  5.090960570543115e-13  3.9239609943031873e-13  3.024472429408388e-13  2.3311733958445925e-13  1.796799120617745e-13  1.3849193224354767e-13  1.067454623973616e-13  8.227622763171764e-14  6.341606922931397e-14  4.887922006461573e-14  3.767464907807212e-14  2.9038499003861715e-14  
1.6720970036369156e-12  1.3174780702571395e-12  1.0380668476967033e-12  8.179132576200324e-13  6.444499200364338e-13  5.07774749419582e-13  4.000856980997725e-13  3.152353794806668e-13  2.4838014692426837e-13  1.957035961120751e-13  1.5419870712483278e-13  1.2149618990830026e-13  9.572923429431618e-14  7.542694388599936e-14  5.94303705228684e-14  4.682635618677142e-14  
1.4176255681906992e-12  1.09596588824636e-12  8.472908891821389e-13  6.550403243295873e-13  5.064114721119982e-13  3.9150655243875573e-13  3.026735945835391e-13  2.339968623448559e-13  1.8090290189527902e-13  1.3985597749555627e-13  1.0812261293940016e-13  8.358955861729113e-14  6.462306190981246e-14  4.9960069172270867e-14  3.862411402266117e-14  2.986029060311094e-14  
1.4658601744213531e-12  1.1445457480711745e-12  8.936629784248827e-13  6.977733483813257e-13  5.448224414190751e-13  4.253981516525711e-13  3.321514931691798e-13  2.5934436712038077e-13  2.0249645761132406e-13  1.5810952749978722e-13  1.234521481565314e-13  9.639161615028356e-14  7.526271355183404e-14  5.876523578932402e-14  4.588398124918116e-14  3.5826279040603975e-14  
1.6301820830236283e-12  1.272753580758889e-12  9.936937071041865e-13  7.758196075549048e-13  6.057158852506842e-13  4.729085602790144e-13  3.6922014401622043e-13  2.8826611780283344e-13  2.2506181209188412e-13  1.7571548001603078e-13  1.37188666661311e-13  1.0710911900642601e-13  8.36247166295121e-14  6.528942910030517e-14  5.097427798923524e-14  3.979782106123039e-14  
1.6878931540041237e-12  1.3081418304290246e-12  1.0138290119008431e-12  7.857322818235557e-13  6.089539867695496e-13  4.719482278899179e-13  3.657667650556412e-13  2.8347458156040404e-13  2.196969382350033e-13  1.702683337749277e-13  1.3196044387054242e-13  1.0227127006204813e-13  7.926172702454236e-14  6.142899532881051e-14  4.76083679824261e-14  3.6897180066480264e-14  
1.6353442562477214e-12  1.261552316765147e-12  9.731982986794602e-13  7.507535882310246e-13  5.791532424651314e-13  4.4677572444003957e-13  3.446558411713283e-13  2.658775809773391e-13  2.0510573047627852e-13  1.5822455025944174e-13  1.220590387536638e-13  9.415990702479103e-14  7.263770206162757e-14  5.6034844633020046e-14  4.322691555389133e-14  3.334650502809015e-14  
1.6178227342730398e-12  1.243826121918084e-12  9.562873538558366e-13  7.352197280873838e-13  5.652569244896401e-13  4.3458489819727886e-13  3.34120690182895e-13  2.568810744951772e-13  1.9749715708319513e-13  1.5184118616989253e-13  1.1673963391669376e-13  8.975260580324617e-14  6.900424455863362e-14  5.30523400907821e-14  4.07880820536547e-14  3.135898689424133e-14  
1.8874186947428872e-12  1.4390101189863469e-12  1.0971334173561245e-12  8.3647899316193e-13  6.377502452594402e-13  4.862350144515105e-13  3.707164223550896e-13  2.826424706554374e-13  2.154929250522668e-13  1.6429661345620035e-13  1.2526340336523342e-13  9.550361320639274e-14  7.281408528301064e-14  5.5515083017263856e-14  4.232593776925172e-14  3.2270239197687254e-14  
1.4015654759922961e-12  1.0940120682071947e-12  8.539468372218681e-13  6.665604722224364e-13  5.202933528916635e-13  4.0612245151691595e-13  3.1700471418563925e-13  2.474425839806918e-13  1.931448638684484e-13  1.5076199835381773e-13  1.1767944377292606e-13  9.185638050647788e-14  7.169981748071486e-14  5.596632262693264e-14  4.368531717984341e-14  3.409920194015288e-14  
1.3820980802426257e-12  1.0617602741721825e-12  8.156692321085385e-13  6.266163016197391e-13  4.813813908863383e-13  3.6980851422580654e-13  2.8409560440650553e-13  2.1824892975237364e-13  1.6766396452195784e-13  1.2880340366899145e-13  9.8949806203255e-14  7.601556999862776e-14  5.839694996821724e-14  4.4861911390679975e-14  3.446397619602702e-14  2.647603765467459e-14  
1.6198538311138038e-12  1.2726976258655436e-12  9.999416094043822e-13  7.856408324312067e-13  6.172675602036954e-13  4.849789180390975e-13  3.810414901193856e-13  2.9937923442003504e-13  2.35218285478163e-13  1.848078806483311e-13  1.4520109557085665e-13  1.14082570943478e-13  8.963315973551029e-14  7.042358230296186e-14  5.533087262589519e-14  4.3472731227622883e-14  
1.8645314160118574e-12  1.481735392607202e-12  1.1775289785145975e-12  9.357774013900491e-13  7.436584244890052e-13  5.909822693858337e-13  4.696511613761644e-13  3.7322983244692835e-13  2.9660420176580853e-13  2.3571013048010294e-13  1.8731786427899424e-13  1.4886073079071842e-13  1.1829900611370411e-13  9.401173011279335e-14  7.471073248329553e-14  5.937230962023306e-14  
1.794532426761527e-12  1.3909678967823703e-12  1.0781592246682106e-12  8.356967234298649e-13  6.477605511062914e-13  5.0208852063872e-13  3.8917603445692425e-13  3.0165594226879254e-13  2.3381785991281273e-13  1.8123558648645123e-13  1.4047831000307617e-13  1.0888675874258095e-13  8.43996929433832e-14  6.541941601712631e-14  5.0707530356689065e-14  3.930413616351162e-14  
1.5677802359497853e-12  1.2377300357182215e-12  9.771622362562412e-13  7.714493535831721e-13  6.0904329195529e-13  4.80827068883849e-13  3.796030154592123e-13  2.9968872110346236e-13  2.3659804031846294e-13  1.8678925411814665e-13  1.474662486935691e-13  1.1642155008552457e-13  9.191240330850959e-14  7.256293938484942e-14  5.728693824375104e-14  4.5226851629284466e-14  
1.553502536171684e-12  1.2104960971438915e-12  9.4322395173654e-13  7.349643053196397e-13  5.726874610207745e-13  4.4624062098877683e-13  3.4771267990661584e-13  2.7093926926675194e-13  2.111170856654306e-13  1.6450337369140528e-13  1.2818176165400375e-13  9.987979973922124e-14  7.782678492806731e-14  6.0642977539543e-14  4.725327826738018e-14  3.6819964942494685e-14  
1.744313460981314e-12  1.3775935057774729e-12  1.0879718064507889e-12  8.592394248866307e-13  6.785951482400865e-13  5.359290575798973e-13  4.232567172096235e-13  3.34272318564029e-13  2.639957699781335e-13  2.084939813913964e-13  1.6466074543556692e-13  1.3004289575389837e-13  1.0270301334616962e-13  8.111099717700112e-14  6.405843069932522e-14  5.0590951738709346e-14  
1.820558887084114e-12  1.468508006149593e-12  1.1845350235165538e-12  9.554753641529898e-13  7.707101549374577e-13  6.216739491240406e-13  5.014576446716763e-13  4.044881883083255e-13  3.2627021687559193e-13  2.631776588217735e-13  2.1228563479123765e-13  1.712348644655941e-13  1.3812229375475685e-13  1.1141287197332771e-13  8.986838912033063e-14  7.249007426194563e-14  
1.5473559539582095e-12  1.218081857977787e-12  9.588765978113717e-13  7.548296724135911e-13  5.942035040343041e-13  4.677582468077442e-13  3.682202746553023e-13  2.898637738458822e-13  2.2818137178032995e-13  1.7962485527852312e-13  1.414010634702115e-13  1.1131121424985452e-13  8.762442172429067e-14  6.897812888180208e-14  5.4299727980008085e-14  4.274485995053922e-14  
1.2542400727393525e-12  9.946545537880375e-13  7.887945082240064e-13  6.255405696729396e-13  4.960747066910637e-13  3.9340392382110664e-13  3.119825405132493e-13  2.474126456078811e-13  1.962065476676614e-13  1.555983901028056e-13  1.2339475563065156e-13  9.785619058839915e-14  7.760324972915164e-14  6.154198658576247e-14  4.880486482384285e-14  3.870389895773406e-14  
1.3220839460756379e-12  1.0339324085718457e-12  8.085842269459177e-13  6.32351251054044e-13  4.945286976719122e-13  3.8674491813439333e-13  3.0245288576156543e-13  2.3653251488545796e-13  1.8497965545002243e-13  1.4466287202408088e-13  1.1313323344312166e-13  8.847555927940719e-14  6.919208751988357e-14  5.4111497167710343e-14  4.2317759597724145e-14  3.309449693880186e-14  
1.3446295277629903e-12  1.0416546767709725e-12  8.069467784513007e-13  6.251237744849136e-13  4.842695254032155e-13  3.751528622111544e-13  2.9062260299786123e-13  2.2513888572097162e-13  1.7441010210776254e-13  1.35111638399686e-13  1.0466799004433937e-13  8.108397077914043e-14  6.281395405154304e-14  4.8660577246969265e-14  3.769627010051431e-14  2.920246449767373e-14  
1.641464663187289e-12  1.2678770271265904e-12  9.793157245273853e-13  7.564292654470829e-13  5.842704444482888e-13  4.5129395152901054e-13  3.4858212086867665e-13  2.692468945741982e-13  2.0796789593566222e-13  1.606356344733534e-13  1.2407591540301762e-13  9.583697187469648e-14  7.402504465333147e-14  5.717738289031345e-14  4.416414916729638e-14  3.4112650371090017e-14  
1.3869425735114649e-12  1.0922519822422272e-12  8.601757675457303e-13  6.774099412060387e-13  5.334772795960829e-13  4.2012670693693716e-13  3.3086029458520734e-13  2.605607611359064e-13  2.0519811943236509e-13  1.6159865374593705e-13  1.2726298352410912e-13  1.0022278403952902e-13  7.892795031582127e-14  6.215773589565943e-14  4.89507723970387e-14  3.8549958162713844e-14  
1.2728161677582652e-12  9.931047011284387e-13  7.748620518707273e-13  6.045799589379473e-13  4.717187089843321e-13  3.6805477442014216e-13  2.8717181318742446e-13  2.240635253795527e-13  1.7482378527431311e-13  1.364048693149244e-13  1.0642881541334195e-13  8.304023754559541e-14  6.479148550933193e-14  5.055304173715768e-14  3.944360912223133e-14  3.0775562599704524e-14  
1.4490884806603412e-12  1.134083193593684e-12  8.875542847497899e-13  6.946162440530312e-13  5.436193986020351e-13  4.2544650095150435e-13  3.329622262144211e-13  2.6058233840851464e-13  2.039365121457392e-13  1.596044507090441e-13  1.2490936722469534e-13  9.775635924412026e-14  7.650591773053314e-14  5.987493287443759e-14  4.6859219431174095e-14  3.667288363067831e-14  
1.8816427183905886e-12  1.4874468674822973e-12  1.1758333088203367e-12  9.295014163911548e-13  7.347749690302191e-13  5.808428535908328e-13  4.591588374503628e-13  3.6296708602923253e-13  2.86927082297081e-13  2.2681712398816635e-13  1.7929993684247834e-13  1.417373908391238e-13  1.120440325616617e-13  8.857130188693627e-14  7.001600476696063e-14  5.534796055933447e-14  
1.8298518768947786e-12  1.4054694155998441e-12  1.0795104801262309e-12  8.291485134914914e-13  6.368509339017808e-13  4.891513467276237e-13  3.7570650723478323e-13  2.8857199417496544e-13  2.2164587042959453e-13  1.7024137085425632e-13  1.3075869310880105e-13  1.0043290733460483e-13  7.71403310622596e-14  5.924980999076072e-14  4.5508489989599696e-14  3.4954081058765375e-14  
1.6399263351980119e-12  1.2784577571248084e-12  9.966632047257438e-13  7.769811228555257e-13  6.057208316825102e-13  4.722093177576129e-13  3.681260873226602e-13  2.8698462963632653e-13  2.2372817489381375e-13  1.74414554203641e-13  1.3597052196261384e-13  1.0600022989595051e-13  8.263591678410846e-14  6.442150879722741e-14  5.0221876361022593e-14  3.915209240380898e-14  
1.549163462468641e-12  1.2479159928054281e-12  1.005248550477662e-12  8.09769771413611e-13  6.523034351889103e-13  5.254577122784666e-13  4.2327817469328234e-13  3.409682815288639e-13  2.746642183783534e-13  2.2125352105810339e-13  1.7822896942904685e-13  1.4357089275608938e-13  1.1565236175023953e-13  9.316281679136505e-14  7.504654726589246e-14  6.045313409903085e-14  
1.7529553433950145e-12  1.4018561328575407e-12  1.1210785400980156e-12  8.965378569243088e-13  7.16970399619065e-13  5.733684862939599e-13  4.585285825603071e-13  3.666899490478315e-13  2.932456641675472e-13  2.3451152608998514e-13  1.875412413178316e-13  1.499786291166657e-13  1.1993942790212114e-13  9.591677461125423e-14  7.67056155990172e-14  6.134225726699772e-14  
1.6173704690045568e-12  1.2793136273887464e-12  1.0119161865431217e-12  8.004091777542039e-13  6.331105879645496e-13  5.007801356269648e-13  3.961089089424666e-13  3.1331567804132945e-13  2.4782758451099703e-13  1.9602757202738406e-13  1.5505460810899398e-13  1.2264566278704493e-13  9.70107163142159e-14  7.673389230353908e-14  6.069525565587741e-14  4.800895599769301e-14  
1.8076143783698057e-12  1.4288335121983894e-12  1.1294251860412652e-12  8.927570916934329e-13  7.056821776416419e-13  5.578083226383995e-13  4.409210472687783e-13  3.485271947988197e-13  2.754942325089043e-13  2.1776513648950769e-13  1.7213302158244337e-13  1.3606299702858795e-13  1.075513517987868e-13  8.501424727044649e-14  6.719973406268372e-14  5.311820551359805e-14  
1.4953387718994816e-12  1.1552891468260492e-12  8.925689869451065e-13  6.895930760233908e-13  5.327751887582085e-13  4.116186945976769e-13  3.1801396408343e-13  2.4569554949613297e-13  1.8982280610284712e-13  1.466558828218669e-13  1.1330539468797032e-13  8.753902140421014e-14  6.763208662314775e-14  5.225211645764384e-14  4.036965012652301e-14  3.118933283131107e-14  
1.7293766680331557e-12  1.3774893710831502e-12  1.0972028260362037e-12  8.73947971384502e-13  6.961202054558727e-13  5.544761888699768e-13  4.4165338344465443e-13  3.517873535843603e-13  2.8020693779513614e-13  2.2319144559498446e-13  1.7777725911697098e-13  1.41603786717231e-13  1.1279076138453566e-13  8.984050602479565e-14  7.15600854512714e-14  5.699929860568613e-14  
1.4536897257409711e-12  1.1617826391226364e-12  9.284917384132793e-13  7.420466438995496e-13  5.93040518231831e-13  4.739554570538396e-13  3.787831832146419e-13  3.0272190719795573e-13  2.419340592679862e-13  1.9335267003193863e-13  1.545266306099908e-13  1.2349702522200614e-13  9.869829671739921e-14  7.887925848743399e-14  6.303996752185673e-14  5.038127362454662e-14  
1.4762200460715821e-12  1.1431796429960289e-12  8.852743191221765e-13  6.855533379192231e-13  5.308901082753834e-13  4.1111944392262175e-13  3.183694601511995e-13  2.4654419696102595e-13  1.9092296423874852e-13  1.4785007606353333e-13  1.144945820381103e-13  8.866420407148415e-14  6.86612496739198e-14  5.3171031716288434e-14  4.117546108177539e-14  3.1886133117432554e-14  
1.5100540827403769e-12  1.188962792991833e-12  9.361469494877594e-13  7.370887602209916e-13  5.803574329237532e-13  4.569527689567075e-13  3.597883325199604e-13  2.8328451650056155e-13  2.2304813701679665e-13  1.7562015757597916e-13  1.3827705606296614e-13  1.0887442818270162e-13  8.572384638209644e-14  6.74959029516983e-14  5.314386961778392e-14  4.184358982460217e-14  
1.5685988306056587e-12  1.2107160448047345e-12  9.344858051319852e-13  7.212787207540608e-13  5.567157790472121e-13  4.2969860294245943e-13  3.3166095936189185e-13  2.559910393275828e-13  1.9758554742800295e-13  1.5250552775195156e-13  1.177107146633591e-13  9.085449262596606e-14  7.012563685412049e-14  5.412616153656823e-14  4.1777037530184424e-14  3.224542098037529e-14  
1.5346503632150075e-12  1.2228231062927264e-12  9.743563648926712e-13  7.76375847758633e-13  6.186232047135365e-13  4.929244907796535e-13  3.9276663364558723e-13  3.129599591639009e-13  2.4936928865564015e-13  1.9869967484259836e-13  1.5832567432582005e-13  1.2615531037271556e-13  1.0052167725168947e-13  8.009656959853367e-14  6.382166152470283e-14  5.0853669516556964e-14  
1.9975791012096514e-12  1.564454163794972e-12  1.225241508150195e-12  9.59578610889175e-13  7.515180512176416e-13  5.885702066479157e-13  4.609535161428179e-13  3.6100730489664785e-13  2.827319233385825e-13  2.2142859546185418e-13  1.734173570116926e-13  1.3581615170431623e-13  1.0636782489151947e-13  8.330462931084058e-14  6.524210936619278e-14  5.109599394131571e-14  
1.435847482151178e-12  1.1171029078855235e-12  8.691166174116679e-13  6.761809402957053e-13  5.260751605243049e-13  4.0929144557023966e-13  3.184326118914655e-13  2.477435807991236e-13  1.9274684669575102e-13  1.4995886792028943e-13  1.1666941614578713e-13  9.076990812596812e-14  7.061984617203555e-14  5.4942907581672474e-14  4.274610123299265e-14  3.3256870650776645e-14  
1.4771267511951412e-12  1.1316367706925938e-12  8.669545655086327e-13  6.641797422297046e-13  5.088325819352575e-13  3.8982007426139924e-13  2.9864378912059863e-13  2.287930218814292e-13  1.7527987779614466e-13  1.342830970437265e-13  1.0287518669214567e-13  7.881337465353218e-14  6.03794580987357e-14  4.625711024713234e-14  3.543788427044789e-14  2.7149202249258833e-14  
1.3606776395491585e-12  1.0805591378128935e-12  8.581077665815206e-13  6.814517718650116e-13  5.411634009885725e-13  4.2975576359280586e-13  3.41283272305282e-13  2.71024339456587e-13  2.1522939604310173e-13  1.7092078524740217e-13  1.3573385126136856e-13  1.0779074266231388e-13  8.560019549817357e-14  6.797794771932084e-14  5.398353764541708e-14  4.287011353662679e-14  
1.4108369721790723e-12  1.1572229226723595e-12  9.49198893398707e-13  7.78569557841727e-13  6.386127929705064e-13  5.238148540974635e-13  4.2965315507830563e-13  3.52418096250464e-13  2.8906692083330737e-13  2.371038423085504e-13  1.9448172027229844e-13  1.595214111749913e-13  1.3084561668639893e-13  1.0732462357208696e-13  8.803179744642897e-14  7.220707703152494e-14  
1.542295350489726e-12  1.2395035162681521e-12  9.961574262369844e-13  8.00586367705321e-13  6.434108859447695e-13  5.170929519307147e-13  4.1557444360581234e-13  3.3398660247340017e-13  2.6841653125698817e-13  2.1571953401266094e-13  1.7336829865402722e-13  1.3933168878636608e-13  1.1197733178890955e-13  8.999333133605496e-14  7.232534974335841e-14  5.812604265048898e-14  
1.7240071077053051e-12  1.3314007587570172e-12  1.0282022460906042e-12  7.940508159637486e-13  6.132224479473997e-13  4.735739364617302e-13  3.657274355277617e-13  2.824407062961796e-13  2.181207774526649e-13  1.684483592342529e-13  1.3008778925184976e-13  1.0046303204948371e-13  7.758469005139211e-14  5.991640912655016e-14  4.627170747530394e-14  3.573429956654978e-14  
1.776572527868583e-12  1.3776957022122291e-12  1.068374872469293e-12  8.285028880404726e-13  6.424870643998906e-13  4.982355932367304e-13  3.8637152422643974e-13  2.996232239516709e-13  2.323516892476254e-13  1.8018398835776893e-13  1.3972900203842358e-13  1.0835698659243253e-13  8.402862950501797e-14  6.516248558156836e-14  5.053217638060529e-14  3.918667047413672e-14  
2.056428875701748e-12  1.583285739539757e-12  1.2190033716456749e-12  9.38535087491837e-13  7.225969434884748e-13  5.563418456035374e-13  4.2833871905865155e-13  3.2978655065172753e-13  2.5390926421450186e-13  1.954898231190556e-13  1.5051152647520037e-13  1.1588183589535795e-13  8.921974419474962e-14  6.869206629902413e-14  5.288739633830066e-14  4.071906469181634e-14  
1.7751621688550191e-12  1.379585118754864e-12  1.0721584389765766e-12  8.332387053480148e-13  6.475598333701161e-13  5.032576320601807e-13  3.9111172616857374e-13  3.039564084112473e-13  2.3622277736168927e-13  1.8358290531243619e-13  1.4267329975276476e-13  1.1087998867704677e-13  8.617149747238372e-14  6.696904522835861e-14  5.204566649471593e-14  4.044781274158219e-14  
1.5080409136558228e-12  1.1632682477460428e-12  8.973185037358908e-13  6.921709577364825e-13  5.339248357625018e-13  4.118573988950084e-13  3.1769737173270317e-13  2.450644817275631e-13  1.8903713265506056e-13  1.4581891782332377e-13  1.124813759948661e-13  8.676555919190031e-14  6.692896664268012e-14  5.162747313078063e-14  3.9824251225922417e-14  3.071951597723689e-14  
1.7466076309896318e-12  1.3544077772997782e-12  1.0502762009408708e-12  8.144372151066278e-13  6.31555753387944e-13  4.897402307250826e-13  3.797693114250323e-13  2.944923060266298e-13  2.283642087441341e-13  1.7708514201596388e-13  1.373207635963208e-13  1.0648545609194422e-13  8.257420117792867e-14  6.403220637272426e-14  4.9653807054388695e-14  3.8504069977583804e-14  
1.952982397281712e-12  1.5174500756249545e-12  1.179045307945e-12  9.161077919578966e-13  7.11807664074197e-13  5.530682689117995e-13  4.2972916072059864e-13  3.3389576288109196e-13  2.5943405907804474e-13  2.0157797280488293e-13  1.5662430470589218e-13  1.216957015851582e-13  9.45564854197672e-14  7.346955412950321e-14  5.708519473863171e-14  4.435469218451268e-14  
1.5176559305455978e-12  1.1731647642263019e-12  9.068692951553044e-13  7.010199620492838e-13  5.418961583735397e-13  4.1889170402733255e-13  3.2380790487532333e-13  2.5030707997240496e-13  1.9349013208443946e-13  1.4957000504412904e-13  1.1561926268745296e-13  8.937496458896443e-14  6.90878328542177e-14  5.340565638760194e-14  4.128316110608014e-14  3.1912338620862274e-14  
1.6815780183086764e-12  1.3372182654160534e-12  1.0633777736704921e-12  8.456153485045253e-13  6.724471164732152e-13  5.347409141199168e-13  4.252346961252736e-13  3.381535656129046e-13  2.6890523040254047e-13  2.1383782485564263e-13  1.7004732585729757e-13  1.3522440686412051e-13  1.0753265374545415e-13  8.551172003408398e-14  6.800031440214202e-14  5.40749590459305e-14  
1.774622285112346e-12  1.3693612825229668e-12  1.0566475682199797e-12  8.153466128150674e-13  6.291502663928933e-13  4.85474584036849e-13  3.746093490463055e-13  2.890618149893615e-13  2.230503138740816e-13  1.7211350631406415e-13  1.3280886514441073e-13  1.0248001472215078e-13  7.90772017066228e-14  6.101876396782268e-14  4.7084235099444886e-14  3.6331860082725724e-14  
1.729673040301239e-12  1.3693710228708993e-12  1.0841222326919732e-12  8.582925998776853e-13  6.79504731837837e-13  5.379595264549772e-13  4.2589909759852587e-13  3.371815767081126e-13  2.6694448594145676e-13  2.113382328603189e-13  1.673151198872021e-13  1.324623044490549e-13  1.0486955459723646e-13  8.3024551982277e-14  6.5730003892278e-14  5.203802138674779e-14  
1.786891752948462e-12  1.3827391839250045e-12  1.0699963484675241e-12  8.279885310575901e-13  6.407171468807249e-13  4.958021118754157e-13  3.836634236134835e-13  2.9688784919053953e-13  2.2973885330748227e-13  1.7777736900631196e-13  1.375683410785836e-13  1.0645364240057793e-13  8.237635121206185e-14  6.374477271034294e-14  4.932721573735233e-14  3.817056848654361e-14  
1.7398464660078737e-12  1.369621270856116e-12  1.078176989884481e-12  8.487496844947018e-13  6.68142646048344e-13  5.25967318308051e-13  4.1404574541728305e-13  3.259401740960405e-13  2.56582752668282e-13  2.0198402712834686e-13  1.5900346687654826e-13  1.2516882071420712e-13  9.853391241556702e-14  7.756669624687641e-14  6.106113336168155e-14  4.8067820183371625e-14  
1.8232681215871658e-12  1.4021463755324246e-12  1.0782914674706685e-12  8.292375953819672e-13  6.377079021202327e-13  4.904159805239719e-13  3.7714419588287253e-13  2.900348890265943e-13  2.230452908223824e-13  1.7152833552200492e-13  1.3191029399665324e-13  1.0144286429020505e-13  7.801252202244383e-14  5.999390528733253e-14  4.613706336259619e-14  3.5480747678109045e-14  
1.3841859021766666e-12  1.0710370722625934e-12  8.287329096163685e-13  6.412459972373632e-13  4.961748522371201e-13  3.8392361909964276e-13  2.9706734357453264e-13  2.2986084269935347e-13  1.7785868473691935e-13  1.3762114227398957e-13  1.0648666849646537e-13  8.239584688884876e-14  6.375516935958941e-14  4.933163227939392e-14  3.8171178396898084e-14  2.953558990214952e-14  
1.6793480093484994e-12  1.29272591814552e-12  9.951125616265171e-13  7.660162114854561e-13  5.896627767409895e-13  4.5390970198872305e-13  3.494099096745122e-13  2.6896822086826434e-13  2.070459418407175e-13  1.5937950548331037e-13  1.2268690968908934e-13  9.444173994274921e-14  7.269921677884648e-14  5.5962290862722375e-14  4.307856586861058e-14  3.316095193187282e-14  
1.6100275362214067e-12  1.2700726846722883e-12  1.0018987800273537e-12  7.903493851450767e-13  6.234683214028333e-13  4.918239390058037e-13  3.879760665865407e-13  3.0605551358122835e-13  2.4143236003599133e-13  1.9045428651321532e-13  1.5024015523789172e-13  1.1851717626917033e-13  9.349245578571525e-14  7.375166675412653e-14  5.817911513072913e-14  4.5894683962586526e-14  
1.5421934606939673e-12  1.2141006671132566e-12  9.558077293503469e-13  7.524651293191692e-13  5.923824985451386e-13  4.663565272454432e-13  3.671418568890375e-13  2.890345373229633e-13  2.275441010005794e-13  1.7913540153268164e-13  1.4102537460284833e-13  1.1102303682974298e-13  8.740352395170666e-14  6.880892666349747e-14  5.417022305872509e-14  4.264581949639266e-14  
1.84056051142124e-12  1.4099998114072594e-12  1.0801597968834722e-12  8.274789665672842e-13  6.339075404276767e-13  4.856181075853267e-13  3.720178912143095e-13  2.8499207344574663e-13  2.1832412861056962e-13  1.6725175741646903e-13  1.2812670105187424e-13  9.815413467709164e-14  7.519302436662326e-14  5.760318637620468e-14  4.412812370085519e-14  3.3805270573753994e-14  
1.394892684046889e-12  1.0967805843956809e-12  8.623800698541014e-13  6.780748998135654e-13  5.331588540015355e-13  4.192138120410983e-13  3.296207479010057e-13  2.5917523308169714e-13  2.0378511325726862e-13  1.6023279651951632e-13  1.2598834463463415e-13  9.906250985167085e-14  7.789118022441801e-14  6.124452091752087e-14  4.815553354833859e-14  3.7863883602716796e-14  
1.5937750089429322e-12  1.258941102541433e-12  9.94451971435693e-13  7.855289826473754e-13  6.204983250102821e-13  4.901387216076796e-13  3.8716618036838296e-13  3.058269926713227e-13  2.4157623828969956e-13  1.9082383277044854e-13  1.5073392735562245e-13  1.1906645268666177e-13  9.405195236463306e-14  7.429271254832759e-14  5.868466309333015e-14  4.6355686368799767e-14  
1.8254559360625583e-12  1.4099409657370632e-12  1.0890065805430844e-12  8.411241046863124e-13  6.496652748705408e-13  5.017867958141795e-13  3.875687961060184e-13  2.993493909526743e-13  2.3121071346317684e-13  1.7858193681310265e-13  1.379326575236666e-13  1.065360716266193e-13  8.228605727896402e-14  6.355589350288315e-14  4.908913772907747e-14  3.7915342074059956e-14  
1.689668774216283e-12  1.2989051484346602e-12  9.985120222231823e-13  7.675897348823107e-13  5.900720151419493e-13  4.5360818055633013e-13  3.487038466281541e-13  2.680603610458288e-13  2.0606700459099097e-13  1.584106289174315e-13  1.217755719981638e-13  9.361297304873066e-14  7.196343715925641e-14  5.5320711639811244e-14  4.2526889447518533e-14  3.269184854050144e-14  
1.6273163986261733e-12  1.2721347201951064e-12  9.944757809188909e-13  7.77419296191019e-13  6.077380401679509e-13  4.750917905907371e-13  3.7139720499367836e-13  2.90335229126154e-13  2.269660195024114e-13  1.7742791380782027e-13  1.3870210469043725e-13  1.0842867637160419e-13  8.476279351302903e-14  6.626227861999404e-14  5.179972704933109e-14  4.0493803990247486e-14  
1.695130542167112e-12  1.3017149049608727e-12  9.996054295800938e-13  7.676112573021808e-13  5.894596256690527e-13  4.5265444844448947e-13  3.475998028940869e-13  2.669268431741158e-13  2.0497692752895124e-13  1.574047042987066e-13  1.2087331600706045e-13  9.282034223587535e-14  7.127806382247148e-14  5.4735441174840533e-14  4.203212545259825e-14  3.2277068242121575e-14  
1.6904690763047577e-12  1.324806161508774e-12  1.0382392616185308e-12  8.136592323352156e-13  6.376577835558476e-13  4.997269529682421e-13  3.9163174035191843e-13  3.069184464437316e-13  2.4052936231059056e-13  1.88500804705285e-13  1.4772646895665712e-13  1.1577197065297375e-13  9.072950354486227e-14  7.110393618652403e-14  5.5723546847331686e-14  4.367006722526941e-14  
1.5545859520096355e-12  1.2520048068023735e-12  1.0083173813772715e-12  8.120607333642635e-13  6.540030419503088e-13  5.267093473517287e-13  4.2419181378786697e-13  3.416280644901487e-13  2.75134339357266e-13  2.215828046988279e-13  1.7845442140336833e-13  1.437204505182411e-13  1.1574702231937136e-13  9.321827984459773e-14  7.507448159840424e-14  6.046215180826224e-14  
1.615269027461939e-12  1.265644069686074e-12  9.916954289952003e-13  7.770429676440617e-13  6.088520284669102e-13  4.770660156570353e-13  3.738050834255334e-13  2.928949784912424e-13  2.2949786460695707e-13  1.798230551116396e-13  1.409003574175457e-13  1.1040247707985413e-13  8.650586250287186e-14  6.778166980758167e-14  5.3110328352040884e-14  4.161459854366248e-14  
1.5652213839774738e-12  1.2272478889390934e-12  9.622519832166671e-13  7.544758378071753e-13  5.915641638191006e-13  4.638295123301609e-13  3.636762158132074e-13  2.851487161387647e-13  2.235774207388596e-13  1.7530102797276997e-13  1.3744880993239168e-13  1.0776990625956464e-13  8.449947803046249e-14  6.625376262482296e-14  5.1947789078222756e-14  4.0730860908184274e-14  
1.6455380845699623e-12  1.3180793635411872e-12  1.0557842598016607e-12  8.456853464803601e-13  6.773956881929275e-13  5.425953285014457e-13  4.3461996532186587e-13  3.4813147908603256e-13  2.788540251271594e-13  2.2336264314208122e-13  1.7891393293916465e-13  1.433104253668694e-13  1.1479194315076873e-13  9.194858070231947e-14  7.365100076811736e-14  5.899460190371804e-14  
2.0073311572479657e-12  1.6189710506117909e-12  1.3057473119246089e-12  1.053123242663327e-12  8.49374572024205e-13  6.850453340834086e-13  5.525090168770382e-13  4.456146163507238e-13  3.5940116855974375e-13  2.8986751157292807e-13  2.3378659174146306e-13  1.8855569629554205e-13  1.5207566157093323e-13  1.2265345092511966e-13  9.892358098882086e-14  7.978474964904262e-14  
1.5290807731535394e-12  1.1845033828898664e-12  9.175762907435714e-13  7.108010508848117e-13  5.50622481242977e-13  4.265400514993118e-13  3.3041951923635897e-13  2.559596884480678e-13  1.9827933368417874e-13  1.5359721057879987e-13  1.1898417580505853e-13  9.217116664202705e-14  7.1400452225439e-14  5.531040523547704e-14  4.284624021222541e-14  3.319086693557994e-14  
1.4150139344525692e-12  1.0966372693549403e-12  8.498950231211103e-13  6.58669525932594e-13  5.104695669343214e-13  3.956144447356447e-13  3.0660160570087344e-13  2.376165629674345e-13  1.8415308317576723e-13  1.4271883079038036e-13  1.1060724214284312e-13  8.572072757808873e-14  6.643365293411174e-14  5.1486150046376213e-14  3.990181977840395e-14  3.0923951784977006e-14  
1.5004095424279899e-12  1.1671747555554675e-12  9.079500439603121e-13  7.062980743917882e-13  5.494321776929766e-13  4.274055513239217e-13  3.3248053666886753e-13  2.586379772588395e-13  2.0119554651455087e-13  1.5651084332745771e-13  1.2175042889083248e-13  9.471015950050242e-14  7.367542270141459e-14  5.731241441107831e-14  4.458356294661757e-14  3.468173702748068e-14  
1.438844041050558e-12  1.120093799926773e-12  8.719569910567627e-13  6.787904676398257e-13  5.284165431144515e-13  4.1135528023529423e-13  3.202268528160122e-13  2.492863035714343e-13  1.9406136806401503e-13  1.5107053229695578e-13  1.1760354962022714e-13  9.155058020243661e-14  7.126918160607287e-14  5.548076522910134e-14  4.3189990975627687e-14  3.362201859999502e-14  
1.5253040036246522e-12  1.1767579028675538e-12  9.078578163242042e-13  7.004038916182395e-13  5.403551113105019e-13  4.1687896057341264e-13  3.2161825460906173e-13  2.481255027970253e-13  1.9142652587650091e-13  1.4768379064655332e-13  1.139366758074378e-13  8.790108946429697e-14  6.781487588833042e-14  5.2318548265748086e-14  4.0363275118909897e-14  3.113989268298205e-14  
1.5197030498172497e-12  1.1722401634537103e-12  9.042207298190445e-13  6.974809034230569e-13  5.380097962775079e-13  4.149999512101293e-13  3.2011491369866286e-13  2.469242651077239e-13  1.904678291758207e-13  1.46919517752226e-13  1.133280343979835e-13  8.741686317110133e-14  6.742998771018145e-14  5.2012884901803795e-14  4.0120727997697673e-14  3.094757804925025e-14  
1.749762513992854e-12  1.3928402559174456e-12  1.1087241628449346e-12  8.825629960461602e-13  7.025349208511058e-13  5.592295589395583e-13  4.4515609161870267e-13  3.5435170179667943e-13  2.8206988723801474e-13  2.245323526966391e-13  1.7873151189991152e-13  1.4227327582136183e-13  1.1325190951373197e-13  9.015041605291246e-14  7.176124048952825e-14  5.712314886681594e-14  
1.4105965886491131e-12  1.1515541217276214e-12  9.400823069746806e-13  7.674452526477723e-13  6.265113293185997e-13  5.114585625623887e-13  4.175341274401098e-13  3.4085800950083474e-13  2.7826272154851894e-13  2.271624548796145e-13  1.8544625963465696e-13  1.5139084154866113e-13  1.2358937273776417e-13  1.008933756987171e-13  8.236527975169514e-14  6.723969003508392e-14  
1.6210135999599004e-12  1.2764156049265767e-12  1.0050728732568198e-12  7.914126689283371e-13  6.231727362322617e-13  4.906975518967449e-13  3.863841812035183e-13  3.042459350107545e-13  2.3956878535307217e-13  1.886408208330462e-13  1.48539214873592e-13  1.1696248064352137e-13  9.209838553359849e-14  7.251994461153024e-14  5.710352397589877e-14  4.496435384683952e-14  
1.7055538549259938e-12  1.3764902290948496e-12  1.1109149941652273e-12  8.965789209217026e-13  7.235961038091513e-13  5.839879894895597e-13  4.71315378942405e-13  3.803814297992413e-13  3.069919603743638e-13  2.477619998017131e-13  1.9995966171520063e-13  1.6138014039786993e-13  1.3024401767557307e-13  1.0511519012471316e-13  8.483463111892957e-14  6.84669325960038e-14  
1.5423698627840662e-12  1.2317680143565422e-12  9.83715046437131e-13  7.856148895799318e-13  6.274080659486315e-13  5.010608714759493e-13  4.0015742632290794e-13  3.195738780593638e-13  2.5521821368245496e-13  2.038224681904806e-13  1.6277677811407466e-13  1.2999685328330356e-13  1.0381813707921977e-13  8.291128065316019e-14  6.621463891517898e-14  5.288036045430961e-14  
1.7133242592577618e-12  1.3706208233455955e-12  1.096465792296898e-12  8.771479414289667e-13  7.01698599772405e-13  5.61343077566155e-13  4.490618206073756e-13  3.5923934361414726e-13  2.87383384821657e-13  2.299002359837853e-13  1.8391501143394252e-13  1.4712786738127953e-13  1.1769898058559652e-13  9.415653388755152e-14  7.532310670499171e-14  6.025678908770531e-14  
1.7601785755027064e-12  1.3491093912460138e-12  1.0340406222865035e-12  7.925524909074485e-13  6.074610970840192e-13  4.655956402938258e-13  3.568612069171475e-13  2.735204327128061e-13  2.0964292464764908e-13  1.606832638385269e-13  1.2315756098707516e-13  9.439554852163997e-14  7.23505687290803e-14  5.545393694302601e-14  4.25033165115272e-14  3.2577162489565233e-14  
1.6032902554541853e-12  1.2549969927790021e-12  9.823657609882759e-13  7.689600006332553e-13  6.019137739277874e-13  4.711560951748199e-13  3.6880376498414546e-13  2.886861030971336e-13  2.259729266185542e-13  1.7688334497824152e-13  1.3845781527406486e-13  1.0837971552847585e-13  8.483567875733752e-14  6.64062675854431e-14  5.1980398332677475e-14  4.068835531747483e-14  
1.7353996583918633e-12  1.3394551638274044e-12  1.0338483860060617e-12  7.979680948731369e-13  6.159056676534097e-13  4.753821536033978e-13  3.669201370164618e-13  2.832045459167546e-13  2.185892970608937e-13  1.68716503596028e-13  1.3022256335697347e-13  1.0051130533065532e-13  7.757889446223392e-14  5.987868574767014e-14  4.621691288232606e-14  3.56721763295486e-14  
1.553700665178819e-12  1.2192628234295152e-12  9.568135393867625e-13  7.508571011611327e-13  5.892332864827973e-13  4.623993904597976e-13  3.628667986051302e-13  2.847588388881846e-13  2.2346380720597735e-13  1.753626799644258e-13  1.3761543718782148e-13  1.0799338009796057e-13  8.474754274162694e-14  6.650542833485699e-14  5.218997335990354e-14  4.095595483714585e-14  
1.8667578784724683e-12  1.4987481887542362e-12  1.2032873460441282e-12  9.660731856186065e-13  7.756230488416156e-13  6.227179502028572e-13  4.999563203852564e-13  4.0139572371687565e-13  3.22265206876552e-13  2.587343547198346e-13  2.0772787407339568e-13  1.6677673018636282e-13  1.3389862990571633e-13  1.0750206620907849e-13  8.630927924623759e-14  6.929440471885492e-14  
1.3806197606883304e-12  1.0884449859366713e-12  8.581019344674762e-13  6.765054177755817e-13  5.333394109683839e-13  4.20471026274122e-13  3.314885048809824e-13  2.613369816273403e-13  2.0603133128435376e-13  1.624297839765141e-13  1.2805544942212686e-13  1.00955611250914e-13  7.95907982755834e-14  6.274733114537266e-14  4.946837638484775e-14  3.899959117756722e-14  
1.5936441242899254e-12  1.2226707476856984e-12  9.380536937080559e-13  7.19690672198471e-13  5.521588658769106e-13  4.2362562826491483e-13  3.2501275269362306e-13  2.49355285340358e-13  1.913095957369531e-13  1.4677596013687878e-13  1.1260900108598875e-13  8.639553175982298e-14  6.62841143787688e-14  5.085429453911736e-14  3.901627557838597e-14  2.993394705018712e-14  
1.646427183716083e-12  1.3110369611328479e-12  1.0439683761640636e-12  8.313037715495767e-13  6.619606267498157e-13  5.271140182008379e-13  4.197367289774541e-13  3.342330417506869e-13  2.6614713101248975e-13  2.1193085810772858e-13  1.6875886825235186e-13  1.3438135374952308e-13  1.0700681050166258e-13  8.520867794710223e-14  6.785099717910172e-14  5.402921309325439e-14  
1.578899583069725e-12  1.2429997946647345e-12  9.785603252441556e-13  7.70378494229944e-13  6.064858844792414e-13  4.774602754717847e-13  3.758839578753548e-13  2.9591728787998606e-13  2.329629648501367e-13  1.8340173154660965e-13  1.4438430226852828e-13  1.1366755682059494e-13  8.948558306244235e-14  7.044815424918501e-14  5.546080460417696e-14  4.3661908251886964e-14  
1.6811667284776104e-12  1.309761547445257e-12  1.0204076027127018e-12  7.949780459693965e-13  6.193506319368909e-13  4.825230171141016e-13  3.7592350768541664e-13  2.9287407775014014e-13  2.2817201814836826e-13  1.7776400788298977e-13  1.3849219003741202e-13  1.0789634487755043e-13  8.405976708715813e-14  6.54891919718541e-14  5.1021248496673076e-14  3.9749578820243415e-14  
1.6485890301971546e-12  1.2885701416326235e-12  1.0071721814796683e-12  7.872259106215752e-13  6.153115085481327e-13  4.809397752836139e-13  3.7591214244574674e-13  2.9382044509589567e-13  2.296559334175001e-13  1.7950366842800747e-13  1.4030365555822695e-13  1.0966414188296435e-13  8.571568550425948e-14  6.699709326414253e-14  5.2366267380795274e-14  4.093052139718142e-14  
1.727091044816144e-12  1.3890123895386976e-12  1.1171127452041125e-12  8.984375480710582e-13  7.225680946254444e-13  5.81125146084557e-13  4.673697024871459e-13  3.758819253901979e-13  3.023029115562494e-13  2.431270145286127e-13  1.9553481932838583e-13  1.5725881241092978e-13  1.264753467737287e-13  1.0171775493087208e-13  8.180647005212328e-14  6.579282591261543e-14  
1.6958924019779546e-12  1.3283497353040414e-12  1.0404628366895965e-12  8.149682916783798e-13  6.383441032400091e-13  4.999988322270839e-13  3.916364715512242e-13  3.067589681478154e-13  2.4027656098113024e-13  1.8820256863394961e-13  1.4741432412626458e-13  1.1546592118978856e-13  9.044154314873019e-14  7.084057913225235e-14  5.548763850192401e-14  4.346206742285719e-14  
1.6664324102681732e-12  1.2673966014693423e-12  9.639119687773852e-13  7.330982917857937e-13  5.57554136505767e-13  4.2404493178866174e-13  3.225051925944968e-13  2.452796660290012e-13  1.865461888638284e-13  1.4187674479100333e-13  1.0790362877466712e-13  8.206555006525281e-14  6.24145321523575e-14  4.746905151674707e-14  3.61023430632969e-14  2.7457451392306645e-14  
1.552808823292302e-12  1.2433376529592985e-12  9.955433637920136e-13  7.971338974826032e-13  6.382669742234917e-13  5.110618575761948e-13  4.0920842346102045e-13  3.2765414078370815e-13  2.623534360918072e-13  2.1006700926942885e-13  1.6820114514513243e-13  1.3467904992091122e-13  1.0783782995025697e-13  8.634600240504774e-14  6.913744587378672e-14  5.535851445128807e-14  
1.5551000503854281e-12  1.2338543197557778e-12  9.789701196412862e-13  7.767387768599551e-13  6.162834956586503e-13  4.889743609256216e-13  3.879641874671451e-13  3.0782025149972504e-13  2.442320974313594e-13  1.937797046331576e-13  1.5374954529990578e-13  1.2198864026900236e-13  9.678876334660077e-14  7.67945661949045e-14  6.093068237626864e-14  4.834388992334817e-14  
1.8281439047922557e-12  1.4708315831350592e-12  1.183356266580896e-12  9.52068251533929e-13  7.659856808785554e-13  6.162731110565496e-13  4.958219936640475e-13  3.989131522865233e-13  3.2094522853093387e-13  2.582162035178734e-13  2.0774762118875792e-13  1.6714316732102474e-13  1.3447488939823216e-13  1.0819165490584837e-13  8.70455015330175e-14  7.003238229166767e-14  
1.4994812065376497e-12  1.173965663721413e-12  9.191148068998841e-13  7.195883613705756e-13  5.63376202768968e-13  4.41075429905306e-13  3.453243745652697e-13  2.7035947954411384e-13  2.1166837200931074e-13  1.657182495861459e-13  1.297432298703943e-13  1.015778632663596e-13  7.952678776431238e-14  6.226267976838346e-14  4.874635831424724e-14  3.816423349814769e-14  
1.6528998669171514e-12  1.3245771717292212e-12  1.0614706425855887e-12  8.506261085566969e-13  6.816625420706976e-13  5.462609442481206e-13  4.37754755167257e-13  3.50801622721364e-13  2.8112036945646155e-13  2.252802068310517e-13  1.805318187649205e-13  1.4467199779789003e-13  1.1593516915755813e-13  9.290646187363049e-14  7.445204695518946e-14  5.96633127990318e-14  
1.557268217551121e-12  1.1976750113680271e-12  9.21116488918721e-13  7.084188766607198e-13  5.44835871300443e-13  4.190262801225158e-13  3.222677372806277e-13  2.47851983082326e-13  1.9061978104357492e-13  1.4660322856093986e-13  1.1275066263756785e-13  8.671508840561613e-14  6.669146221663411e-14  5.1291548153512326e-14  3.9447671779010634e-14  3.03386983782823e-14  
1.6359015780361646e-12  1.2801510879651626e-12  1.0017636941127523e-12  7.839156707959911e-13  6.134418551311182e-13  4.800400395677767e-13  3.7564838078904507e-13  2.9395820006282616e-13  2.3003273221268873e-13  1.8000878314646532e-13  1.4086326627599736e-13  1.1023050897354049e-13  8.625928838508151e-14  6.750095687652774e-14  5.282189622184361e-14  4.1335009895858874e-14  
1.3948711637263445e-12  1.0920157683510142e-12  8.54916546659078e-13  6.692964725730508e-13  5.239783578283745e-13  4.102118130355958e-13  3.211463394239413e-13  2.5141882327130327e-13  1.9683059382994308e-13  1.5409459865955085e-13  1.2063747242749915e-13  9.44445806685879e-14  7.393870775124222e-14  5.788508419670396e-14  4.531703453260867e-14  3.547776853620926e-14  
1.9738818454428196e-12  1.5542716248064378e-12  1.223862658879916e-12  9.636924356687991e-13  7.58829517206788e-13  5.97516608900918e-13  4.704957962450472e-13  3.7047722353935233e-13  2.9172072153848073e-13  2.297063732067521e-13  1.8087511100866203e-13  1.424244583451294e-13  1.1214769252543578e-13  8.830719867160934e-14  6.953474620495117e-14  5.475296467921418e-14  
1.92195700855814e-12  1.5104776333472584e-12  1.1870935045284683e-12  9.32943962480846e-13  7.332063007750949e-13  5.76231264809044e-13  4.5286363495842585e-13  3.559082687672655e-13  2.797104602769458e-13  2.1982614188573963e-13  1.7276269399622525e-13  1.3577524575010337e-13  1.0670658654410506e-13  8.386135152243627e-14  6.59071431946029e-14  5.1796822317033216e-14  
1.272072136582229e-12  9.809367593825522e-13  7.564326725159286e-13  5.833101701783038e-13  4.498097015055585e-13  3.468630891634764e-13  2.6747756267000606e-13  2.062607661842287e-13  1.590544763539365e-13  1.2265215007312104e-13  9.458111624650969e-14  7.29346166789798e-14  5.624228726848016e-14  4.337028178420384e-14  3.344425401943779e-14  2.5789966790671483e-14  
1.5585846491984073e-12  1.2231566383237989e-12  9.599171675693324e-13  7.533303092374686e-13  5.912036725552472e-13  4.639688303482742e-13  3.6411660740255156e-13  2.8575390223266336e-13  2.242558866613847e-13  1.7599305664542314e-13  1.3811702537007484e-13  1.0839241650033589e-13  8.506493622565275e-14  6.675783794387452e-14  5.2390669113282e-14  4.1115504855699955e-14  
1.5590567756759184e-12  1.2143240851117797e-12  9.45817372842798e-13  7.366818411486145e-13  5.737895609243723e-13  4.469154007005934e-13  3.4809517109652943e-13  2.7112569392500985e-13  2.111754141109112e-13  1.6448111161773287e-13  1.2811167527672552e-13  9.978411004634597e-14  7.772022804505605e-14  6.053502751660525e-14  4.714975301297072e-14  3.6724179378200976e-14  
1.5374382269588529e-12  1.1958218184202882e-12  9.301120502503778e-13  7.234425837486329e-13  5.626947547233812e-13  4.3766484598205615e-13  3.404163905929111e-13  2.647763923654417e-13  2.059434853649442e-13  1.6018315978005835e-13  1.2459070813361756e-13  9.690684448071904e-14  7.537429273729571e-14  5.862624086142773e-14  4.5599580343942215e-14  3.546742375071334e-14  
1.4990380309284272e-12  1.1818807461675059e-12  9.318256570824476e-13  7.346756921227254e-13  5.792375091773726e-13  4.566859848984358e-13  3.6006316148077514e-13  2.8388320321317327e-13  2.2382093390266122e-13  1.7646627164285426e-13  1.391306187698798e-13  1.0969421464554123e-13  8.648578460363346e-14  6.818765203503024e-14  5.376092627660597e-14  4.238651878838494e-14  
1.681514288971485e-12  1.3145754382278925e-12  1.0277097221987154e-12  8.034436384461509e-13  6.281167397916012e-13  4.910495521122637e-13  3.838930685236276e-13  3.0012019647824487e-13  2.346281809164694e-13  1.834277863541316e-13  1.4340030543370769e-13  1.1210759289642092e-13  8.764355380567677e-14  6.851803990462626e-14  5.35660820279046e-14  4.187692975184587e-14  
1.5873709361784342e-12  1.2415424833086227e-12  9.710570495709714e-13  7.595002234708722e-13  5.940336767105108e-13  4.646160700961806e-13  3.633936947598636e-13  2.8422386975097143e-13  2.2230217337590295e-13  1.7387088681520247e-13  1.3599095691604213e-13  1.0636363971960738e-13  8.319100115890042e-14  6.506680941028746e-14  5.0891197699953596e-14  3.980391887674583e-14  
1.4530164981543739e-12  1.1647507241916322e-12  9.336743603587056e-13  7.484415275176194e-13  5.99957269789115e-13  4.809309910510479e-13  3.8551848573256413e-13  3.090349875700853e-13  2.4772514698216914e-13  1.9857864292281744e-13  1.591823757315449e-13  1.276019836301701e-13  1.0228686531110464e-13  8.199404521402989e-14  6.572714326626741e-14  5.2687452493260384e-14  
1.81522425864654e-12  1.4593726673585796e-12  1.1732812472555233e-12  9.432744054697564e-13  7.583574748983818e-13  6.096911528600664e-13  4.901689693579494e-13  3.940775873068626e-13  3.1682369657347895e-13  2.547144469607238e-13  2.0478092450846795e-13  1.6463623301668933e-13  1.323613968780807e-13  1.0641363120681234e-13  8.555259443997836e-14  6.878109817704313e-14  
1.5841609939151479e-12  1.2646314250528136e-12  1.0095518368234563e-12  8.05922493339157e-13  6.433657406970632e-13  5.135971259316752e-13  4.1000319270882967e-13  3.2730443677326354e-13  2.612862441964984e-13  2.0858410010984904e-13  1.665121214185166e-13  1.3292617493228399e-13  1.0611460494048616e-13  8.471100133146649e-14  6.762456261891857e-14  5.3984504934677714e-14  
1.3078783090209449e-12  1.007869759001482e-12  7.766788730291866e-13  5.985198647169653e-13  4.612279809590659e-13  3.5542888876407657e-13  2.738985928507188e-13  2.1107017897861503e-13  1.6265370329356055e-13  1.2534327361228083e-13  9.659132206469159e-14  7.443465635870274e-14  5.736041239323166e-14  4.420275542169437e-14  3.406327648893754e-14  2.624964878529578e-14  
1.4064393623562128e-12  1.1348275987300642e-12  9.156695363545083e-13  7.388353092099221e-13  5.961513323994439e-13  4.810225048687473e-13  3.881273723886754e-13  3.131721607047103e-13  2.5269230983853823e-13  2.0389233611266967e-13  1.6451662004294866e-13  1.327451476910814e-13  1.0710938646154293e-13  8.642440697618769e-14  6.973411358179598e-14  5.626705194955718e-14  
1.4496818190767097e-12  1.1615518839405595e-12  9.306889010618613e-13  7.457108395547666e-13  5.974978917176457e-13  4.787428473216023e-13  3.8359083276883503e-13  3.0735065350322356e-13  2.4626350824652285e-13  1.9731767218529487e-13  1.581000125997077e-13  1.2667701634223182e-13  1.0149946357056604e-13  8.132604794922154e-14  6.51621776349669e-14  5.2210939805930026e-14  
1.5531219096341114e-12  1.2328404829784287e-12  9.786067964417206e-13  7.768006285195002e-13  6.166104902013381e-13  4.894544142568108e-13  3.885201880967898e-13  3.084003988154135e-13  2.4480273845077953e-13  1.943200494655313e-13  1.5424779094895083e-13  1.2243914654237246e-13  9.719001169349659e-14  7.714769858929938e-14  6.123846775937408e-14  4.8610003954622954e-14  
1.6888888513521891e-12  1.3268752822700401e-12  1.0424593739781014e-12  8.190080566846003e-13  6.434535615086482e-13  5.055291977153376e-13  3.9716894121080706e-13  3.120357213300636e-13  2.4515081941992425e-13  1.9260270588920537e-13  1.513182880792314e-13  1.1888319118632166e-13  9.340056199448437e-14  7.338013804839082e-14  5.765109486513444e-14  4.5293574358730996e-14  
1.6732143016416302e-12  1.3480390697838387e-12  1.0860589297382706e-12  8.749924429515072e-13  7.049449659299346e-13  5.679447965443719e-13  4.575694664282314e-13  3.6864466032846025e-13  2.9700164796726275e-13  2.3928185699658657e-13  1.9277942556751722e-13  1.5531435349347063e-13  1.251303054259091e-13  1.0081227512973902e-13  8.122025101946124e-14  6.543577324462449e-14  
1.4167440899886834e-12  1.094149980177406e-12  8.450108862863018e-13  6.526010244286497e-13  5.04003089187452e-13  3.892410590879592e-13  3.0061046317032794e-13  2.321611465635707e-13  1.792978108788326e-13  1.3847151197256382e-13  1.0694140399140559e-13  8.259073454703813e-14  6.378473798200276e-14  4.926088648740145e-14  3.804413115578427e-14  2.938144273487e-14  
1.7605375014042345e-12  1.3634356419575683e-12  1.0559029547950617e-12  8.177364707469195e-13  6.332901452287467e-13  4.904470112205253e-13  3.7982317051256593e-13  2.941513304346553e-13  2.27803388297016e-13  1.7642070033448038e-13  1.3662774614189622e-13  1.0581037814963293e-13  8.194408852020994e-14  6.346101167800521e-14  4.9146925372202494e-14  3.806148388866603e-14  
1.331366174615978e-12  1.0827827344852192e-12  8.806130668277367e-13  7.161911145881297e-13  5.824688866618029e-13  4.737143438649738e-13  3.852656935368949e-13  3.133315605464814e-13  2.5482846897991825e-13  2.0724866811818004e-13  1.6855263702951627e-13  1.3708165995741677e-13  1.1148672502459966e-13  9.067069847689144e-14  7.374129575044336e-14  5.99728334544621e-14  
1.733313437420259e-12  1.38265335430826e-12  1.1029339858030334e-12  8.798035843539115e-13  7.018138501538788e-13  5.598325456124532e-13  4.4657494157204366e-13  3.5623005486738903e-13  2.8416250035012525e-13  2.266746601021479e-13  1.8081696729552873e-13  1.4423657080689505e-13  1.1505661592105955e-13  9.177994729872901e-14  7.321229343245136e-14  5.840099136463105e-14  
1.751964188299136e-12  1.3839184582741895e-12  1.0931903242904623e-12  8.63537210575678e-13  6.821287176437636e-13  5.388298057522417e-13  4.2563456435303597e-13  3.362189330248369e-13  2.6558738502871647e-13  2.097938341895251e-13  1.6572117255939322e-13  1.3090712193977073e-13  1.0340666982918153e-13  8.168340428476534e-14  6.452367672772221e-14  5.096879708819993e-14  
1.6750884884888187e-12  1.3200375128618728e-12  1.0402429766170467e-12  8.197535599235083e-13  6.459989772703386e-13  5.090733350072469e-13  4.011703880870831e-13  3.1613849952610457e-13  2.491299304497065e-13  1.9632446645667285e-13  1.5471162401050095e-13  1.219190202625562e-13  9.607712152755038e-14  7.571265960914762e-14  5.966463955153845e-14  4.701815034886061e-14  
1.982843005778816e-12  1.5445825814530124e-12  1.2031892308039734e-12  9.372527843482588e-13  7.300952828355906e-13  5.68725034398743e-13  4.430218525664522e-13  3.451023780919133e-13  2.688256813400189e-13  2.0940813954251555e-13  1.6312343630292012e-13  1.2706886909651589e-13  9.898330895557794e-14  7.710539584918717e-14  6.006307661151205e-14  4.6787557891493514e-14  
1.3930918890411293e-12  1.0977281333815662e-12  8.649874888344861e-13  6.815925848008835e-13  5.370811227356883e-13  4.232090237356314e-13  3.334801209526198e-13  2.627755667611748e-13  2.0706181312818714e-13  1.6316050607132406e-13  1.2856716716263814e-13  1.013083182335805e-13  7.982889854244975e-14  6.290355178740303e-14  4.956672207329025e-14  3.9057570952341816e-14  
1.5282084583479832e-12  1.2131757693545562e-12  9.630855262639055e-13  7.645501619213003e-13  6.069418905727707e-13  4.818237924459017e-13  3.8249817745792346e-13  3.036480515334039e-13  2.410524928845585e-13  1.9136070207737823e-13  1.5191263056999012e-13  1.2059658579932864e-13  9.573619028178328e-14  7.600064354160885e-14  6.033348310328329e-14  4.7896031056385384e-14  
1.5055858331863408e-12  1.1603679194677927e-12  8.943055114170751e-13  6.892489307337796e-13  5.312100646286904e-13  4.094081545580376e-13  3.1553437741391227e-13  2.431850519378735e-13  1.8742480604086063e-13  1.4444990610865498e-13  1.1132878200898483e-13  8.580204748822234e-14  6.61283741753054e-14  5.096570535416951e-14  3.927970639898202e-14  3.027320673908825e-14  
1.9413809735382714e-12  1.53289862435818e-12  1.2103642842839872e-12  9.556937930475816e-13  7.546080448085782e-13  5.958323737501498e-13  4.704643954581685e-13  3.714748596165288e-13  2.9331352735573703e-13  2.315979752133854e-13  1.8286787727279626e-13  1.4439098833851006e-13  1.140099498298996e-13  9.002132896093978e-14  7.108010906052046e-14  5.612427590629896e-14  
1.3901138394373832e-12  1.1101215562591523e-12  8.865244231868202e-13  7.079635094692767e-13  5.653677638550884e-13  4.5149319722159257e-13  3.6055488156488596e-13  2.8793307057617793e-13  2.299385124716623e-13  1.8362503276153755e-13  1.4663986599822493e-13  1.1710413322513775e-13  9.35173932754194e-14  7.468141904279208e-14  5.963932649212405e-14  4.7626964109989865e-14  
