|                           Parameters |   0 |                       1 |                       2 |                       3 |   4 |   5 |                       6 |                       7 |                     8 |                      9 |  10 |  11 |  12 |                     13 |                     14 |  15 |
|            Crabbreak.spectral.index1 | 0.0 |                     0.0 |                     0.0 |                     0.0 | 0.0 | 0.0 |                     0.0 |                     0.0 |                   0.0 |                    0.0 | 0.0 | 0.0 | 0.0 |                    0.0 |                    0.0 | 0.0 |
|            Crabbreak.spectral.index2 | 0.0 |     0.02194286750238787 | -2.4843666648383476e-11 |     0.03291522302763694 | 0.0 | 0.0 |   1.016116245311251e-07 |   7.415759032857652e-08 |                   0.0 |                    0.0 | 0.0 | 0.0 | 0.0 |                    0.0 |                    0.0 | 0.0 |
|         Crabbreak.spectral.amplitude | 0.0 | -2.4843666648383476e-11 |   3.510341520917743e-20 | -4.3329710742274104e-11 | 0.0 | 0.0 |  -5.055982568561044e-17 | -1.0912631172198536e-16 |                   0.0 |                    0.0 | 0.0 | 0.0 | 0.0 |                    0.0 |                    0.0 | 0.0 |
|            Crabbreak.spectral.ebreak | 0.0 |     0.03291522302763694 | -4.3329710742274104e-11 |    0.055814915639504116 | 0.0 | 0.0 | -1.2859590640002565e-07 |   1.623630054422167e-07 |                   0.0 |                    0.0 | 0.0 | 0.0 | 0.0 |                    0.0 |                    0.0 | 0.0 |
|         Crabbreak.spectral.reference | 0.0 |                     0.0 |                     0.0 |                     0.0 | 0.0 | 0.0 |                     0.0 |                     0.0 |                   0.0 |                    0.0 | 0.0 | 0.0 | 0.0 |                    0.0 |                    0.0 | 0.0 |
|              Crabbreak.spectral.beta | 0.0 |                     0.0 |                     0.0 |                     0.0 | 0.0 | 0.0 |                     0.0 |                     0.0 |                   0.0 |                    0.0 | 0.0 | 0.0 | 0.0 |                    0.0 |                    0.0 | 0.0 |
|              Crabbreak.spatial.lon_0 | 0.0 |   1.016116245311251e-07 |  -5.055982568561044e-17 | -1.2859590640002565e-07 | 0.0 | 0.0 |   4.550602955729574e-06 |  -4.034499624485608e-10 |                   0.0 |                    0.0 | 0.0 | 0.0 | 0.0 |                    0.0 |                    0.0 | 0.0 |
|              Crabbreak.spatial.lat_0 | 0.0 |   7.415759032857652e-08 | -1.0912631172198536e-16 |   1.623630054422167e-07 | 0.0 | 0.0 |  -4.034499624485608e-10 |  3.4109566043899034e-06 |                   0.0 |                    0.0 | 0.0 | 0.0 | 0.0 |                    0.0 |                    0.0 | 0.0 |
|           0EhTLavz-bkg.spectral.norm | 0.0 |                     0.0 |                     0.0 |                     0.0 | 0.0 | 0.0 |                     0.0 |                     0.0 | 0.0001155060907001986 |   9.44475995779321e-06 | 0.0 | 0.0 | 0.0 |                    0.0 |                    0.0 | 0.0 |
|           0EhTLavz-bkg.spectral.tilt | 0.0 |                     0.0 |                     0.0 |                     0.0 | 0.0 | 0.0 |                     0.0 |                     0.0 |  9.44475995779321e-06 | 0.00013430670676090148 | 0.0 | 0.0 | 0.0 |                    0.0 |                    0.0 | 0.0 |
|      0EhTLavz-bkg.spectral.reference | 0.0 |                     0.0 |                     0.0 |                     0.0 | 0.0 | 0.0 |                     0.0 |                     0.0 |                   0.0 |                    0.0 | 0.0 | 0.0 | 0.0 |                    0.0 |                    0.0 | 0.0 |
|       0EhTLavz-irf.e_reco_model.bias | 0.0 |                     0.0 |                     0.0 |                     0.0 | 0.0 | 0.0 |                     0.0 |                     0.0 |                   0.0 |                    0.0 | 0.0 | 0.0 | 0.0 |                    0.0 |                    0.0 | 0.0 |
| 0EhTLavz-irf.e_reco_model.resolution | 0.0 |                     0.0 |                     0.0 |                     0.0 | 0.0 | 0.0 |                     0.0 |                     0.0 |                   0.0 |                    0.0 | 0.0 | 0.0 | 0.0 |                    0.0 |                    0.0 | 0.0 |
|           0EhTLavz-irf.spectral.norm | 0.0 |                     0.0 |                     0.0 |                     0.0 | 0.0 | 0.0 |                     0.0 |                     0.0 |                   0.0 |                    0.0 | 0.0 | 0.0 | 0.0 |   0.010160062217056468 | 3.0965882009666625e-07 | 0.0 |
|           0EhTLavz-irf.spectral.tilt | 0.0 |                     0.0 |                     0.0 |                     0.0 | 0.0 | 0.0 |                     0.0 |                     0.0 |                   0.0 |                    0.0 | 0.0 | 0.0 | 0.0 | 3.0965882009666625e-07 |  0.0004000001611409037 | 0.0 |
|      0EhTLavz-irf.spectral.reference | 0.0 |                     0.0 |                     0.0 |                     0.0 | 0.0 | 0.0 |                     0.0 |                     0.0 |                   0.0 |                    0.0 | 0.0 | 0.0 | 0.0 |                    0.0 |                    0.0 | 0.0 |
