|                           Parameters |   0 |                       1 |                       2 |                      3 |   4 |   5 |                      6 |                      7 |                     8 |                     9 |  10 |  11 |  12 |                     13 |                     14 |  15 |
|            Crabbreak.spectral.index1 | 0.0 |                     0.0 |                     0.0 |                    0.0 | 0.0 | 0.0 |                    0.0 |                    0.0 |                   0.0 |                   0.0 | 0.0 | 0.0 | 0.0 |                    0.0 |                    0.0 | 0.0 |
|            Crabbreak.spectral.index2 | 0.0 |      0.0967447240151536 | -1.0856422462753273e-10 |    0.14477343261021855 | 0.0 | 0.0 |   5.49463506888531e-07 |  2.825713348463486e-07 |                   0.0 |                   0.0 | 0.0 | 0.0 | 0.0 |                    0.0 |                    0.0 | 0.0 |
|         Crabbreak.spectral.amplitude | 0.0 | -1.0856422462753273e-10 |  1.4973272854836041e-19 | -1.904437088618497e-10 | 0.0 | 0.0 | -3.211047253203012e-16 | -3.056190123347269e-16 |                   0.0 |                   0.0 | 0.0 | 0.0 | 0.0 |                    0.0 |                    0.0 | 0.0 |
|            Crabbreak.spectral.ebreak | 0.0 |     0.14477343261021855 |  -1.904437088618497e-10 |    0.24654795287714557 | 0.0 | 0.0 | -4.849274774404815e-07 |  6.388636788072947e-07 |                   0.0 |                   0.0 | 0.0 | 0.0 | 0.0 |                    0.0 |                    0.0 | 0.0 |
|         Crabbreak.spectral.reference | 0.0 |                     0.0 |                     0.0 |                    0.0 | 0.0 | 0.0 |                    0.0 |                    0.0 |                   0.0 |                   0.0 | 0.0 | 0.0 | 0.0 |                    0.0 |                    0.0 | 0.0 |
|              Crabbreak.spectral.beta | 0.0 |                     0.0 |                     0.0 |                    0.0 | 0.0 | 0.0 |                    0.0 |                    0.0 |                   0.0 |                   0.0 | 0.0 | 0.0 | 0.0 |                    0.0 |                    0.0 | 0.0 |
|              Crabbreak.spatial.lon_0 | 0.0 |    5.49463506888531e-07 |  -3.211047253203012e-16 | -4.849274774404815e-07 | 0.0 | 0.0 | 2.1121625063154027e-05 | -1.701353548664345e-09 |                   0.0 |                   0.0 | 0.0 | 0.0 | 0.0 |                    0.0 |                    0.0 | 0.0 |
|              Crabbreak.spatial.lat_0 | 0.0 |   2.825713348463486e-07 |  -3.056190123347269e-16 |  6.388636788072947e-07 | 0.0 | 0.0 | -1.701353548664345e-09 |  1.583199390710055e-05 |                   0.0 |                   0.0 | 0.0 | 0.0 | 0.0 |                    0.0 |                    0.0 | 0.0 |
|           OKl6X6N0-bkg.spectral.norm | 0.0 |                     0.0 |                     0.0 |                    0.0 | 0.0 | 0.0 |                    0.0 |                    0.0 | 0.0005361105389450207 | 4.370229907861704e-05 | 0.0 | 0.0 | 0.0 |                    0.0 |                    0.0 | 0.0 |
|           OKl6X6N0-bkg.spectral.tilt | 0.0 |                     0.0 |                     0.0 |                    0.0 | 0.0 | 0.0 |                    0.0 |                    0.0 | 4.370229907861704e-05 | 0.0006234774412718889 | 0.0 | 0.0 | 0.0 |                    0.0 |                    0.0 | 0.0 |
|      OKl6X6N0-bkg.spectral.reference | 0.0 |                     0.0 |                     0.0 |                    0.0 | 0.0 | 0.0 |                    0.0 |                    0.0 |                   0.0 |                   0.0 | 0.0 | 0.0 | 0.0 |                    0.0 |                    0.0 | 0.0 |
|       OKl6X6N0-irf.e_reco_model.bias | 0.0 |                     0.0 |                     0.0 |                    0.0 | 0.0 | 0.0 |                    0.0 |                    0.0 |                   0.0 |                   0.0 | 0.0 | 0.0 | 0.0 |                    0.0 |                    0.0 | 0.0 |
| OKl6X6N0-irf.e_reco_model.resolution | 0.0 |                     0.0 |                     0.0 |                    0.0 | 0.0 | 0.0 |                    0.0 |                    0.0 |                   0.0 |                   0.0 | 0.0 | 0.0 | 0.0 |                    0.0 |                    0.0 | 0.0 |
|           OKl6X6N0-irf.spectral.norm | 0.0 |                     0.0 |                     0.0 |                    0.0 | 0.0 | 0.0 |                    0.0 |                    0.0 |                   0.0 |                   0.0 | 0.0 | 0.0 | 0.0 |    0.01003649679659878 | 1.6770125839709705e-07 | 0.0 |
|           OKl6X6N0-irf.spectral.tilt | 0.0 |                     0.0 |                     0.0 |                    0.0 | 0.0 | 0.0 |                    0.0 |                    0.0 |                   0.0 |                   0.0 | 0.0 | 0.0 | 0.0 | 1.6770125839709705e-07 | 0.00040000003085955966 | 0.0 |
|      OKl6X6N0-irf.spectral.reference | 0.0 |                     0.0 |                     0.0 |                    0.0 | 0.0 | 0.0 |                    0.0 |                    0.0 |                   0.0 |                   0.0 | 0.0 | 0.0 | 0.0 |                    0.0 |                    0.0 | 0.0 |
