|                      Parameters |   0 |                      1 |                       2 |                       3 |   4 |   5 |                       6 |                      7 |                      8 |                      9 |  10 |
|       Crabbreak.spectral.index1 | 0.0 |                    0.0 |                     0.0 |                     0.0 | 0.0 | 0.0 |                     0.0 |                    0.0 |                    0.0 |                    0.0 | 0.0 |
|       Crabbreak.spectral.index2 | 0.0 |  0.0009352540582939257 |   -9.85484877503993e-13 |    0.001341711469524852 | 0.0 | 0.0 |   3.403101572937786e-08 | 1.9146580981645314e-08 |                    0.0 |                    0.0 | 0.0 |
|    Crabbreak.spectral.amplitude | 0.0 |  -9.85484877503993e-13 |  1.2815336889746413e-21 | -1.6694089883797668e-12 | 0.0 | 0.0 | -1.4153133792055086e-17 |  8.841570457910146e-19 |                    0.0 |                    0.0 | 0.0 |
|       Crabbreak.spectral.ebreak | 0.0 |   0.001341711469524852 | -1.6694089883797668e-12 |    0.002200219261597488 | 0.0 | 0.0 |   1.424090228588371e-08 |  6.208455595338793e-09 |                    0.0 |                    0.0 | 0.0 |
|    Crabbreak.spectral.reference | 0.0 |                    0.0 |                     0.0 |                     0.0 | 0.0 | 0.0 |                     0.0 |                    0.0 |                    0.0 |                    0.0 | 0.0 |
|         Crabbreak.spectral.beta | 0.0 |                    0.0 |                     0.0 |                     0.0 | 0.0 | 0.0 |                     0.0 |                    0.0 |                    0.0 |                    0.0 | 0.0 |
|         Crabbreak.spatial.lon_0 | 0.0 |  3.403101572937786e-08 | -1.4153133792055086e-17 |   1.424090228588371e-08 | 0.0 | 0.0 |   2.100536033205259e-07 | 3.8573123943362133e-10 |                    0.0 |                    0.0 | 0.0 |
|         Crabbreak.spatial.lat_0 | 0.0 | 1.9146580981645314e-08 |   8.841570457910146e-19 |   6.208455595338793e-09 | 0.0 | 0.0 |  3.8573123943362133e-10 | 1.5713610638506618e-07 |                    0.0 |                    0.0 | 0.0 |
|      R-V7guIS-bkg.spectral.norm | 0.0 |                    0.0 |                     0.0 |                     0.0 | 0.0 | 0.0 |                     0.0 |                    0.0 |  5.360212148854171e-06 | 4.3243232003030484e-07 | 0.0 |
|      R-V7guIS-bkg.spectral.tilt | 0.0 |                    0.0 |                     0.0 |                     0.0 | 0.0 | 0.0 |                     0.0 |                    0.0 | 4.3243232003030484e-07 |  6.232557396121261e-06 | 0.0 |
| R-V7guIS-bkg.spectral.reference | 0.0 |                    0.0 |                     0.0 |                     0.0 | 0.0 | 0.0 |                     0.0 |                    0.0 |                    0.0 |                    0.0 | 0.0 |
