6.641150567548895e-11   3.4120998802487716e-11   1.61   0.0   62.16851626068874   591.3170029777107   2.122843622840836   0.8878841465799352   1.73   0.0   1.0817673638896765   0.16557022567066568   -0.18959752512068406   0.14506971890652534   1.0817673638896765   0.16557022567066568   -0.18959752512068406   0.14506971890652534   0.0   0.0   0.0   0.0   0.01  
6.408572806948517e-08   1.4787354163258016e-07   1.61   0.0   3.2619017138809157   0.6128064644559695   0.013178414765195415   0.02627529201576757   1.73   0.0   0.8217130338863602   0.14382595929372433   0.047051457791861505   0.19444225631830805   0.8217130338863602   0.14382595929372433   0.047051457791861505   0.19444225631830805   0.0   0.0   0.0   0.0   0.01  
4.6618147396126035e-11   3.2615607469358736e-11   1.61   0.0   6.902569500261551   5.519215041894167   2.530980350918538   1.577995581457733   1.73   0.0   1.001760125361199   0.0035836452108878375   -0.03096537701061893   0.03642759297196145   1.001760125361199   0.0035836452108878375   -0.03096537701061893   0.03642759297196145   0.0   0.0   0.0   0.0   0.021544346900318832  
2.3893556692882864e-10   6.383783254694622e-10   1.61   0.0   3.3444170492496266   1.5099879148319086   0.6486097322452333   1.9980657772953982   1.73   0.0   0.9597051177445748   0.10512923556186658   0.02162332005513151   0.11953243461758863   0.9597051177445748   0.10512923556186658   0.02162332005513151   0.11953243461758863   0.0   0.0   0.0   0.0   0.021544346900318832  
1.3724495318053237e-10   2.1539916684721805e-10   1.61   0.0   3.635232964966423   1.5779821923465593   1.1750022017099437   2.092672375637469   1.73   0.0   0.9261497038018398   0.07104148121951885   -0.05834783262188649   0.0794193308252741   0.9261497038018398   0.07104148121951885   -0.05834783262188649   0.0794193308252741   0.0   0.0   0.0   0.0   0.046415888336127774  
8.510090574130447e-11   3.431067403359548e-11   1.61   0.0   7.605867951174285   5.078680564626277   1.6796681061177432   0.46298623299121083   1.73   0.0   1.0787995171859555   0.07604705899555327   -0.02525136376350638   0.07459413695612478   1.0787995171859555   0.07604705899555327   -0.02525136376350638   0.07459413695612478   0.0   0.0   0.0   0.0   0.046415888336127774  
2.0327898361877725e-10   1.848555005720029e-10   1.61   0.0   3.1438124486932373   0.4879272879551195   0.7410251949463144   0.8843887746152915   1.73   0.0   0.9689436811390117   0.03357639115530663   -0.03236980016694434   0.03662293898754588   0.9689436811390117   0.03357639115530663   -0.03236980016694434   0.03662293898754588   0.0   0.0   0.0   0.0   0.21544346900318834  
3.35e-10   0.0   1.61   0.0   2.95   0.0   0.33   0.0   1.73   0.0   1.0   0.0   0.0   0.0   1.0   0.0   0.0   0.0   0.0   0   0.0   0   2.154434690031884  
3.35e-10   0.0   1.61   0.0   2.95   0.0   0.33   0.0   1.73   0.0   1.0   0.0   0.0   0.0   1.0   0.0   0.0   0.0   0.0   0   0.0   0   2.154434690031884  
1.340888894762734e-10   6.560335320982606e-11   1.61   0.0   5.243551636707866   1.5779092873578051   1.1677111873293669   0.4133592263823865   1.73   0.0   1.00766997682711   0.05037938639131446   -0.12552916125318608   0.04963084009279448   1.00766997682711   0.05037938639131446   -0.12552916125318608   0.04963084009279448   0.0   0.0   0.0   0.0   0.1  
8.201968206170562e-11   4.876565062781249e-11   1.61   0.0   5.350497421280388   2.276821709287185   1.3939948347363702   0.6311985020736832   1.73   0.0   0.9796094000012279   0.0493907199706134   0.02340457678677657   0.05493244981191774   0.9796094000012279   0.0493907199706134   0.02340457678677657   0.05493244981191774   0.0   0.0   0.0   0.0   0.1  
