4.7290573046124334e-11  5.261227441423011e-11  5.853283732338081e-11  6.511965284274126e-11  7.244769458128389e-11  8.058265596333017e-11  1.4881479592408934e-11  2.2699951036168425e-18  1.6257071558288253e-25  1.1642091637778155e-32  8.337190163199312e-40  5.97046836427335e-47  4.2756002671181914e-54  3.061863245699633e-61  2.1926761038595942e-68  1.5702296643031804e-75  1.124480352714947e-82  8.05268230748318e-90  5.766725242347262e-97  4.1296947713709703e-104  
1.4156882173665998e-10  1.016878443635095e-10  7.281005176397931e-11  5.20041041496093e-11  3.70720673461928e-11  2.6387985869383722e-11  1.8761269993995387e-11  1.3326885531602839e-11  9.460062121693236e-12  6.711610566548069e-12  4.759704695892e-12  3.3743862148243944e-12  2.391678358162179e-12  1.694838907211724e-12  1.2008551214334109e-12  8.507537976151884e-13  6.026698871796685e-13  4.268998987586861e-13  3.023780357312493e-13  2.1416929056547935e-13  
3.2963681629700806e-11  3.633923794650034e-11  3.959116488068869e-11  4.200867409123036e-11  4.209321900919849e-11  3.7590177315561385e-11  2.745532506851659e-11  1.5173838368908834e-11  6.3001008235817724e-12  2.108242117683839e-12  6.210901257056755e-13  1.7154936591451892e-13  4.5981560893366005e-14  1.2160263577498537e-14  3.1969656738185585e-15  8.383302163760555e-16  2.1958703018760626e-16  5.748938191060887e-17  1.504794884835194e-17  3.9384688670553385e-18  
7.193648197573888e-11  6.541536097717281e-11  5.760143670260489e-11  4.9108582328163113e-11  4.0579888593702995e-11  3.256862982351389e-11  2.545997560080399e-11  1.9449504449266683e-11  1.4568890113368567e-11  1.0735770581385356e-11  7.805937655763535e-12  5.614816394275661e-12  4.0042790180980985e-12  2.8365067886538577e-12  1.998738097996697e-12  1.4026610113596857e-12  9.812472130448548e-13  6.847768334541631e-13  4.769909086781235e-13  3.317808407287366e-13  
6.217412429343903e-11  5.989519635594436e-11  5.5629723263536145e-11  4.960281892219792e-11  4.2347668310359826e-11  3.459502037419357e-11  2.7085971632886033e-11  2.0395145036120878e-11  1.4839660410158206e-11  1.0489474449536596e-11  7.2413940182174615e-12  4.906130155172622e-12  3.2758244196818206e-12  2.163026138872484e-12  1.4162919520583155e-12  9.21548826432009e-13  5.968482066406974e-13  3.852303227305897e-13  2.480184242060015e-13  1.5938496192571084e-13  
5.975831810989806e-11  6.504674258978476e-11  6.848696896731218e-11  6.660287893481413e-11  5.460249167370943e-11  3.322543876285993e-11  1.3906408233277587e-11  4.2386679904166326e-12  1.0682311281724643e-12  2.458642907449748e-13  5.4453805231975846e-14  1.1875472809519445e-14  2.5741581299210575e-15  5.566613874080082e-16  1.2026726778091547e-16  2.5974595148523568e-17  5.609059193602454e-18  1.2111779521190808e-18  2.6152719514315653e-19  5.647058070188487e-20  
6.400151920874012e-11  6.00799051362425e-11  5.50103384644524e-11  4.9107607958972476e-11  4.275371715609134e-11  3.6337416021449344e-11  3.019810217520316e-11  2.458826340499865e-11  1.9660069251381478e-11  1.5472968084757475e-11  1.2014120367673553e-11  9.222981725718516e-12  7.013742075307649e-12  5.292493868417479e-12  3.968532713040255e-12  2.960637029070758e-12  2.1996926467078323e-12  1.6289864372462594e-12  1.203209450097711e-12  8.868837175117976e-13  
6.086325886055093e-11  5.490980802632494e-11  4.862445875031804e-11  4.2303647680976016e-11  3.620374894989219e-11  3.052138426259117e-11  2.5386354258829965e-11  2.0865300426604296e-11  1.6972382311465178e-11  1.3683012546174224e-11  1.0947513965069681e-11  8.70278141481691e-12  6.881149381560672e-12  5.416453255177113e-12  4.247702329325295e-12  3.320937709650672e-12  2.5898343353850322e-12  2.015511782815036e-12  1.5659015974293661e-12  1.2149107613513442e-12  
6.086325886055093e-11  5.490980802632494e-11  4.862445875031804e-11  4.2303647680976016e-11  3.620374894989219e-11  3.052138426259117e-11  2.5386354258829965e-11  2.0865300426604296e-11  1.6972382311465178e-11  1.3683012546174224e-11  1.0947513965069681e-11  8.70278141481691e-12  6.881149381560672e-12  5.416453255177113e-12  4.247702329325295e-12  3.320937709650672e-12  2.5898343353850322e-12  2.015511782815036e-12  1.5659015974293661e-12  1.2149107613513442e-12  
7.897270734457096e-11  7.682886416963495e-11  6.891945397075847e-11  5.5310508057470974e-11  3.8798089422937415e-11  2.3658917940306732e-11  1.2736184854058548e-11  6.22587803020828e-12  2.846868186391672e-12  1.247336916868601e-12  5.325099718683101e-13  2.2389068958658108e-13  9.33063561520684e-14  3.868979365597833e-14  1.599698729634562e-14  6.6035361549520175e-15  2.723439784750208e-15  1.1226258332280967e-15  4.626217707392844e-16  1.906101370455255e-16  
5.160087003908464e-11  5.2269069245769793e-11  4.9678587670189696e-11  4.293622113795331e-11  3.268334974115577e-11  2.1476763553098997e-11  1.2212767970045828e-11  6.153048101427948e-12  2.837948250173428e-12  1.2349833864705675e-12  5.185668892946436e-13  2.1321928552738918e-13  8.662069690826354e-14  3.4951583069379904e-14  1.4049505744653967e-14  5.635541651512575e-15  2.2578726873865926e-15  9.040238446894173e-16  3.6182892335449847e-16  1.4479036965813898e-16  
