6.618300192594083e-11   3.3380880331897144e-11   1.61   0.0   68.11249353912194   823.8179226218132   2.1296610458935046   0.9127361661705465   1.73   0.0   1.082611930042499   0.16554769672056152   -0.18947500993306177   0.14500171513859114   0.01  
2.015681614804234e-08   3.5929928081364604e-08   1.61   0.0   3.280173330051537   0.5871047626357319   0.028076536879417108   0.04915822499583067   1.73   0.0   0.8194822328850976   0.1377225031936051   0.047768967959561676   0.16181554649587543   0.01  
4.6250094992335795e-11   3.12624114986448e-11   1.61   0.0   6.955626784985393   7.222207244227019   2.5464081388993804   1.514951205839086   1.73   0.0   1.0029472243117827   0.10779790379777573   -0.02941994921963962   0.11346264451108956   0.021544346900318832  
2.345508724880704e-10   5.924762494976054e-10   1.61   0.0   3.3497635841351605   1.473036485227484   0.6606677544475417   1.9286889818818451   1.73   0.0   0.9595720879222823   0.10509381040304736   0.021630400604761516   0.11951506160452319   0.021544346900318832  
1.384366552075801e-10   2.2732388908739542e-10   1.61   0.0   3.623274788358949   1.6115211031412284   1.1627649454679587   2.17538290961783   1.73   0.0   0.9263272548365045   0.07094484474555798   -0.05800268394696449   0.07952145458676928   0.046415888336127774  
8.525479372468144e-11   3.336118745654413e-11   1.61   0.0   7.511885021991903   4.885523176438141   1.6815352601158322   0.46685598910638065   1.73   0.0   1.0790074090135309   0.0760371210767734   -0.02540806839409788   0.07459776736758728   0.046415888336127774  
2.0103458530745195e-10   1.7449892525815256e-10   1.61   0.0   3.145047857907551   0.47688714777308927   0.7494705699334658   0.8610949809908759   1.73   0.0   0.9689890463152874   0.03356845226767324   -0.032312109090275924   0.036613037798901356   0.21544346900318834  
2.7220465641393007e-10   1.1789167530777838e-10   1.61   0.0   2.9638591483909704   0.14189710554494842   0.43226446430875537   0.2545130788593449   1.73   0.0   0.9907636680905981   0.010691517740821362   0.015612938060019203   0.011745337989978026   2.154434690031884  
1.8120198179252534e-10   5.974752621026663e-11   1.61   0.0   3.1111516549505964   0.16594750709687783   0.7270692381869399   0.3208941935601199   1.73   0.0   1.0012453682008933   0.010757024949929478   0.015063498027908585   0.011691374045871745   2.154434690031884  
1.33432958210761e-10   6.329614868336322e-11   1.61   0.0   5.237900793173905   1.565314642170541   1.1712975235456595   0.4115499270865027   1.73   0.0   1.007694958163136   0.05038054402556391   -0.12554848721986595   0.04963134646661979   0.1  
8.18992012253956e-11   4.781780967175582e-11   1.61   0.0   5.3260332677553   2.3475148891504087   1.3958453237691826   0.6312355227364171   1.73   0.0   0.9796074198480643   0.049391800152277864   0.02346086026149675   0.05495404920779637   0.1  
