1.0055297700004264e-12   4.7083858183642053e-14   2.366834920786533   0.04544885824771994   0.9990786673660769   0.0015597281499847267   0.0   0.0   
1.0618419393869482e-12   5.703180504489969e-14   2.2832798485338444   0.04865682828909057   0.9982959985242236   0.0015590013991573647   0.0   0.0   
9.891965229292092e-13   5.2295637270714045e-14   2.257477296092084   0.04743609100499187   1.0010235482598093   0.0015612057486642033   0.0   0.0   
8.280232141503126e-13   4.5198000753028224e-14   2.2282595145996225   0.04741900466538091   0.9990351574803036   0.0015596087109009886   0.0   0.0   
1.0628388288520766e-12   5.314082128233816e-14   2.266626715398767   0.04637142284436053   0.9973667985568049   0.0015583192806574325   0.0   0.0   
9.666118186636902e-13   4.909317437987802e-14   2.2727877950249873   0.045492416790948856   1.000518457379255   0.0015608339885017294   0.0   0.0   
9.373491218831735e-13   4.650501244108749e-14   2.319738894375256   0.04623577065394349   0.9987739055076053   0.0015595888056905473   0.0   0.0   
8.73790132921792e-13   4.6997202575666683e-14   2.2414355958124563   0.04765666170057185   1.0003242719490781   0.001560394129910002   0.0   0.0   
9.169857650989745e-13   4.850828070876125e-14   2.228278422913131   0.04586029833155247   0.9991369702796641   0.0015595543724507628   0.0   0.0   
1.1270121333959516e-12   5.677298838360831e-14   2.2663949646384562   0.04424542197633792   0.9993498248945606   0.0015599023330292656   0.0   0.0   
1.3503626877164594e-12   6.587964306054964e-14   2.3718631121674743   0.048679749084062175   1.0025568438730812   0.001562531936333519   0.0   0.0   
9.315771163517791e-13   5.045628055886823e-14   2.1911870168554435   0.04407282692410321   0.9985644371237465   0.001559124563983447   0.0   0.0   
1.2573082360865095e-12   5.689606859620505e-14   2.4336473225386137   0.04784387052059387   1.0010740813736585   0.0015614764448002821   0.0   0.0   
8.961991545884199e-13   4.844033195690703e-14   2.194563845723978   0.04508095592023308   0.9996827542099843   0.0015599457302055233   0.0   0.0   
9.034859035876318e-13   4.7402470954975255e-14   2.2688041242800696   0.047634625745437906   1.0031339212350898   0.0015628105444635883   0.0   0.0   
9.26526549501605e-13   4.9133076680110027e-14   2.3468805719666115   0.04960110561548542   0.9977363634763696   0.0015585267213994445   0.0   0.0   
8.9112563222915e-13   4.369454824482806e-14   2.2799502908612426   0.04365056030102909   1.0011048614611036   0.0015613840788834495   0.0   0.0   
1.0842232494965841e-12   5.3391385659949235e-14   2.3423217560415424   0.048913488204795005   1.000074881051003   0.0015605195505429739   0.0   0.0   
1.3605306558602263e-12   6.70301769638938e-14   2.2534590509239614   0.04260210463522768   0.9998995667166539   0.0015603679396161323   0.0   0.0   
1.0173205262557295e-12   4.971558471429921e-14   2.352575561696843   0.046892466597190326   0.9990018950520486   0.0015596416388276297   0.0   0.0   
1.081698830202055e-12   5.1656923688805565e-14   2.3391492030035326   0.04506590375377015   1.00099414032036   0.0015611513745073858   0.0   0.0   
9.996671106957233e-13   5.299583189452699e-14   2.32064365769155   0.049823668434619654   1.0017931757824734   0.0015617170049524113   0.0   0.0   
1.1108786730710898e-12   5.500678675849618e-14   2.323086093789603   0.047474539883128726   1.0003026333606626   0.001560652186191897   0.0   0.0   
1.0206240625113274e-12   4.8153518378179375e-14   2.22986877270058   0.04187938488049901   0.9989906144413702   0.0015596404428045484   0.0   0.0   
8.920290755947933e-13   4.6098128905023605e-14   2.2511807058562536   0.043887349393539846   1.0019831908286811   0.0015619060657941265   0.0   0.0   
9.969886990819677e-13   5.184185716275501e-14   2.2817126906173204   0.04631792360354417   1.0040625548038686   0.0015634794891413886   0.0   0.0   
9.31065207491358e-13   5.079092808580824e-14   2.3020390587027744   0.050126846309531875   1.001723609975295   0.001561662219098168   0.0   0.0   
9.790230432040973e-13   4.796901820482048e-14   2.2886227094124694   0.04525512187294439   0.9999936159760574   0.0015602935598550826   0.0   0.0   
8.292934807243718e-13   4.321322950557347e-14   2.3252060461096935   0.047888358630235515   0.9995343905284219   0.0015601083051765953   0.0   0.0   
9.98480808720851e-13   5.051574158058704e-14   2.332771404373128   0.046453201751143716   1.0010282154966135   0.0015612014317147101   0.0   0.0   
1.0963957039244065e-12   5.0728498982595615e-14   2.3292925178603983   0.043954630666861845   1.0004503555734567   0.0015607436087758549   0.0   0.0   
1.023573195920251e-12   5.152584777225547e-14   2.323465405570921   0.04763799168713368   0.9983616627344225   0.0015591215971196444   0.0   0.0   
1.065076299596323e-12   5.2502215176045616e-14   2.248360221297136   0.041863608272325194   0.9987354897190687   0.0015594285849299266   0.0   0.0   
9.004081599317237e-13   4.847220893570068e-14   2.310128226843545   0.049233917081898414   1.0007043043989734   0.0015607727342360474   0.0   0.0   
9.901160986519323e-13   4.735213184721718e-14   2.3049092351299687   0.046051106905559164   0.9977295054610996   0.0015587538127507254   0.0   0.0   
7.713571506795375e-13   4.3474384683990244e-14   2.2083071875582867   0.045650741983118935   1.0005040356657635   0.0015605258056103197   0.0   0.0   
9.79417767412523e-13   4.9983964722991094e-14   2.2605009283841975   0.04570311999945868   1.0011677476646532   0.0015612139393761685   0.0   0.0   
1.0848777489991256e-12   5.433396295786258e-14   2.3303217808721928   0.046412957592839185   1.0023180791207018   0.0015622305436012339   0.0   0.0   
7.904228275318748e-13   4.1425012539234393e-14   2.238574896730723   0.046502300333993336   1.0012963270821025   0.0015613862215861024   0.0   0.0   
1.0371708783271125e-12   5.2955329973368975e-14   2.2871300636426497   0.04708485824889257   0.9993423485532844   0.0015598677676398926   0.0   0.0   
8.973244247412669e-13   4.6644631232056666e-14   2.2637726900486705   0.04574488800932521   1.0025996241797672   0.0015624179544733035   0.0   0.0   
1.1533370751610348e-12   5.3956240306050004e-14   2.309448021283256   0.0454080558845615   1.0005917712886923   0.001560908290971517   0.0   0.0   
8.83855577001874e-13   4.981254324886269e-14   2.3131834832554405   0.05321762355168011   1.0004280440179838   0.0015606628496053225   0.0   0.0   
1.0424778006215702e-12   5.3197400057987964e-14   2.2100996950645833   0.04277187245427313   0.9988149388378122   0.0015595267978459665   0.0   0.0   
1.07525745383482e-12   5.615215395966001e-14   2.2617813167192446   0.04640343944449752   1.0022007786269767   0.0015620717413223641   0.0   0.0   
1.1959943539558616e-12   5.605129001949168e-14   2.3760916352515205   0.04519992658014355   1.0013664082481535   0.001561571441189161   0.0   0.0   
1.2067092952878318e-12   6.011990733187388e-14   2.274029513391121   0.04391827738960298   1.0013699319581142   0.0015613132270757253   0.0   0.0   
9.399399663946128e-13   4.7016528786075764e-14   2.33194233440091   0.048374077459449986   0.9994205133577223   0.001559928796059313   0.0   0.0   
9.916460979113614e-13   4.8045370276537685e-14   2.3030577855256626   0.0445592327095391   0.9995772551368324   0.0015600527593851697   0.0   0.0   
1.0581190068262369e-12   5.0819983830810213e-14   2.34799219896169   0.046433089742801824   0.9974505185862239   0.0015585476046599638   0.0   0.0   
9.58099126556068e-13   5.040044032623392e-14   2.239480312437173   0.04443919015893953   0.9997861465057843   0.0015601328481608797   0.0   0.0   
8.615216300151695e-13   4.26975654382025e-14   2.2924392681466768   0.04424116605134522   1.000436717864574   0.0015607130559378447   0.0   0.0   
9.655535155091398e-13   4.5625518304599626e-14   2.37119020028454   0.04749195026290313   0.9993132675313489   0.001559945593083976   0.0   0.0   
9.218363529186318e-13   4.5986180390935863e-14   2.3032105032717003   0.04420141377727223   1.002072650950724   0.0015621243598016304   0.0   0.0   
9.074043632542864e-13   4.776212884999392e-14   2.3194877016710294   0.0487435431477909   0.9987766320650512   0.0015593184780481448   0.0   0.0   
9.820745792304742e-13   5.1846310440966155e-14   2.1892964082552693   0.041973723670696336   0.9996095832026701   0.0015600610868378424   0.0   0.0   
9.145170176055085e-13   4.879047087428942e-14   2.2873619876008324   0.04891816181215195   0.9988574015858153   0.0015594617712577172   0.0   0.0   
9.535798394660134e-13   5.1106789078150645e-14   2.2951670714864005   0.0494320674120042   0.9998305436783387   0.0015601953281230703   0.0   0.0   
1.0071378269302181e-12   4.896650156440312e-14   2.277892525085544   0.04461668330559606   0.99982815111703   0.0015603197996212014   0.0   0.0   
7.765391628917982e-13   4.0004485368069744e-14   2.220996233859898   0.04353190884037067   0.9977917919661701   0.0015584861398846117   0.0   0.0   
9.950301218787518e-13   5.1717451820856836e-14   2.2263166623859143   0.04452416969361341   1.001008593498296   0.0015611064491159428   0.0   0.0   
9.461256819850092e-13   4.819744590162151e-14   2.2465368054952304   0.0432349284393779   1.0014643201663378   0.001561612125502664   0.0   0.0   
1.2126834433963145e-12   6.112310203103781e-14   2.4337219204485825   0.05345497639421292   0.9982654245420889   0.001559190216722402   0.0   0.0   
1.0605378295607532e-12   5.589531277487582e-14   2.289381707194677   0.04693838992384911   1.0011044678411176   0.0015612237196229813   0.0   0.0   
1.148446336446479e-12   5.675613608953693e-14   2.3323731018376077   0.04599382246910527   1.0005947868179532   0.0015608524331798565   0.0   0.0   
1.0487506264411941e-12   5.235651070491052e-14   2.3451427657031543   0.046170460393991225   0.9998775415946366   0.0015602985977588605   0.0   0.0   
9.957167949599418e-13   4.810412086212935e-14   2.276452674035257   0.043239111943872664   0.9992228287091708   0.001559840791147047   0.0   0.0   
9.68887850861273e-13   4.858297035372383e-14   2.281119973698474   0.04685601236718079   1.0012052422573015   0.0015613306960815718   0.0   0.0   
9.26684575519142e-13   4.900128227207311e-14   2.268704233768688   0.046361900834576766   0.9986630551766195   0.0015591971895813094   0.0   0.0   
8.389704987831129e-13   4.411215108484963e-14   2.2090132749114493   0.04533290861820243   1.0015291493377096   0.0015615399394497426   0.0   0.0   
1.0729554675754887e-12   5.6820118054769554e-14   2.2588662970213496   0.04770750475971045   0.997740186543098   0.0015585652369860506   0.0   0.0   
1.0982033200857947e-12   5.4727757620119724e-14   2.287437619099718   0.045957621836501074   0.9993396629074616   0.0015600942114141916   0.0   0.0   
1.0960046218442991e-12   5.6812910839120016e-14   2.2621020947556034   0.04663913651178071   0.9991828933892287   0.0015596813730283019   0.0   0.0   
1.098295246374155e-12   5.1428243349705525e-14   2.365705735848743   0.045365073216203845   0.9994379682536388   0.0015600392655911457   0.0   0.0   
8.341242032942948e-13   4.272943174693664e-14   2.3548222095375486   0.04778318669910765   0.9979698553924979   0.0015588046937934825   0.0   0.0   
1.1230237683910765e-12   5.457482807699483e-14   2.2634933241063386   0.0448331361836739   1.0010173076847155   0.0015613544533387034   0.0   0.0   
8.711245183981556e-13   4.393219579871239e-14   2.2975128242126077   0.04655664151050584   0.9993985928138682   0.0015600464215093212   0.0   0.0   
8.37536937309409e-13   4.109717522852983e-14   2.3237152463770876   0.048500704078372155   1.002095573540144   0.0015620368130977852   0.0   0.0   
1.1234745781244573e-12   5.818766818824641e-14   2.2642775169753135   0.045963229722180456   1.0017172533679097   0.0015618074634663084   0.0   0.0   
9.595404244746991e-13   4.635729206826141e-14   2.3178044412895713   0.0448818165879826   1.0016151698381928   0.0015617352958495277   0.0   0.0   
1.0390518422918467e-12   5.166838480984066e-14   2.341824654326489   0.04682087689165092   1.0003104506390725   0.0015606357789352049   0.0   0.0   
1.090888063683492e-12   5.556223891485365e-14   2.256806278970126   0.04458655434003297   1.0034088236870289   0.0015629658315627455   0.0   0.0   
1.0167454695606476e-12   5.108471170567841e-14   2.310655803629566   0.047733170013374446   0.9988225389337451   0.0015594780047694227   0.0   0.0   
9.27331245086166e-13   4.580577413318599e-14   2.2664773433540706   0.04439127235962865   1.0027845396592008   0.0015626365332839537   0.0   0.0   
1.14638269143878e-12   5.776811662921582e-14   2.4154861044516944   0.049938600094744046   0.997319227153386   0.0015583308578799465   0.0   0.0   
9.020322480240346e-13   4.3678973896534946e-14   2.2820049564604328   0.044304031846467994   0.9982090659362923   0.0015589876861559291   0.0   0.0   
8.485366263396462e-13   4.200702980533809e-14   2.3913101481988868   0.050196603598329496   0.9987560865664545   0.001559400892431955   0.0   0.0   
9.461286520317579e-13   4.951870691004096e-14   2.215939843161052   0.0433601682773538   1.0009610757541318   0.001561171349004976   0.0   0.0   
1.132291336458726e-12   5.5393533163824776e-14   2.315114299927052   0.04546628193973889   1.001762813015315   0.0015618499191407398   0.0   0.0   
1.4416480273342814e-12   6.693440037432149e-14   2.436973583703897   0.046588937124432954   0.9982480781810668   0.0015591549448602242   0.0   0.0   
1.0702381807555048e-12   5.313174597722989e-14   2.2925416368200167   0.043363058505082715   0.9996293707373857   0.0015600440641416109   0.0   0.0   
9.39620061415927e-13   5.26828914952977e-14   2.2621419817597763   0.04980070001506225   1.0028056775584584   0.0015624609117494005   0.0   0.0   
1.0243632182559397e-12   5.1024822878645617e-14   2.356868488037901   0.04890443737382117   1.0000702144878524   0.0015604787135822832   0.0   0.0   
1.0253311798818882e-12   4.873456430119362e-14   2.328947074775605   0.045266265453549503   1.001639543554653   0.0015618148145225452   0.0   0.0   
7.941776164275264e-13   4.074032632581453e-14   2.3016172864078235   0.049022873952546536   0.9990110988871825   0.0015597008962502537   0.0   0.0   
1.1946933698393734e-12   5.955868696847201e-14   2.257706858153862   0.044830188148441336   0.9993217928288362   0.0015599250429223063   0.0   0.0   
8.17952097345767e-13   4.4231756946197576e-14   2.291121539537341   0.04876729141026108   1.0005650556983081   0.0015607945600597916   0.0   0.0   
1.12344391762729e-12   5.5905449265496525e-14   2.3118987944058995   0.04729088018730364   0.9995176782154437   0.0015599802997721247   0.0   0.0   
1.4332274237493547e-12   6.637865232809973e-14   2.3889026744168205   0.04693565068065192   1.00145073760407   0.0015615424163347887   0.0   0.0   
1.1304755962385918e-12   5.457995706663371e-14   2.3214396390145757   0.045315176640826335   0.99801335669752   0.0015589446535351319   0.0   0.0   
8.555350733419235e-13   4.5026175394907176e-14   2.2883111214036918   0.047534001648796904   1.000320141459679   0.001560529285352984   0.0   0.0   
1.043831112574731e-12   5.19099175426316e-14   2.2943115509012433   0.04546640108141478   0.9976601678216279   0.0015586590864483689   0.0   0.0   
1.0278566193136427e-12   4.842221990999373e-14   2.3494150083190846   0.045201081536943945   1.002708178176737   0.001562568923948909   0.0   0.0   
1.2461886588176908e-12   6.408679988402936e-14   2.27716727945057   0.04689507465272061   1.001016080754103   0.00156116539587986   0.0   0.0   
9.62115724488511e-13   4.7215488064331586e-14   2.263551982154714   0.044328737812213366   1.0005451203228048   0.0015607931232091974   0.0   0.0   
9.188880501578041e-13   4.520683153432903e-14   2.282603251998302   0.04399453041259255   0.9977216575921941   0.0015587463730570568   0.0   0.0   
1.0231160102221876e-12   5.115612633601915e-14   2.272966471950014   0.043850447220241714   1.0012040884169169   0.0015614297971670993   0.0   0.0   
1.076294367715097e-12   5.4592670204393567e-14   2.3050953041899582   0.045094138955565785   1.0017333578383125   0.0015618939386930813   0.0   0.0   
9.969149878871436e-13   5.234600400359601e-14   2.30557382409571   0.048491813274150745   0.9989427795945305   0.0015595391349814568   0.0   0.0   
1.176842710742132e-12   6.031945749307879e-14   2.324081151706676   0.04721314080054518   1.0005164525522912   0.0015606004296604252   0.0   0.0   
8.818772799678588e-13   4.644056738697266e-14   2.289321793957078   0.04964720292859205   0.9989861718111148   0.0015596256962247452   0.0   0.0   
1.0708925158412175e-12   5.51982498857587e-14   2.2790453941914164   0.044112429888162566   0.9993581571118636   0.0015598649265776872   0.0   0.0   
1.071072134821748e-12   5.246350547622028e-14   2.3172948423969184   0.04581428523932471   1.000915237606742   0.0015612061807818553   0.0   0.0   
1.091758900111254e-12   5.2600581336891065e-14   2.3322155937743245   0.04596549355712999   0.9991448974322986   0.0015597820912819477   0.0   0.0   
1.014842377585286e-12   4.966148569358454e-14   2.335998993749759   0.04633084348509727   0.9980595010159945   0.0015588583295325063   0.0   0.0   
1.0541910695617966e-12   5.263218360175292e-14   2.3839462189502982   0.04957452854711195   1.0018587669982089   0.0015619220106071426   0.0   0.0   
9.942457518121343e-13   4.850060605992238e-14   2.287977965571255   0.04290997925782484   0.9982551204793914   0.0015590109949283654   0.0   0.0   
1.0310457265753575e-12   5.1826208822861024e-14   2.222885951255159   0.043744465835319955   0.9994591937120477   0.0015598993663429397   0.0   0.0   
1.0166944127155588e-12   4.942050557071603e-14   2.3059383995568425   0.04626513869647491   0.9991902561402122   0.0015598930613818375   0.0   0.0   
8.465552800011964e-13   4.5996754129616237e-14   2.2483185281778733   0.04844288893787444   1.0004114017182337   0.001560602573298087   0.0   0.0   
1.0511258126905656e-12   4.9467572027296586e-14   2.283273414389596   0.04281116898453951   1.001949096094504   0.001561998516407802   0.0   0.0   
8.329129892544681e-13   4.375042711510533e-14   2.2787661474569867   0.04727113308291017   0.999214557404513   0.0015596504614716902   0.0   0.0   
1.0871439893455613e-12   5.301184744012644e-14   2.3769146859428973   0.046441200567605354   0.997907138411072   0.0015587342353146326   0.0   0.0   
9.10331559223143e-13   4.59850301218614e-14   2.2889980216327195   0.04595793005760698   0.998983313617001   0.0015597993220575685   0.0   0.0   
9.564826297784603e-13   5.1455929309041337e-14   2.2390114212799683   0.045442956504247484   1.000488933041029   0.0015607738248083608   0.0   0.0   
1.287583013386298e-12   5.843751773399732e-14   2.3944441664455542   0.04495902374963468   0.997342178658693   0.0015585189965549831   0.0   0.0   
1.1757420547312614e-12   5.892103037579387e-14   2.3169687317026106   0.046194122875335454   0.9979698297276074   0.0015588774524842037   0.0   0.0   
1.1163003901965024e-12   5.760623918499737e-14   2.3245588519371045   0.04810177346798096   0.9984827492720071   0.001559276178664296   0.0   0.0   
8.475667442741415e-13   4.3970969709655904e-14   2.2550447830242137   0.044923628501805334   1.004714206038575   0.001563919813640354   0.0   0.0   
1.0251796523103834e-12   5.264379923570063e-14   2.2425252647955656   0.04614515310344506   1.00022687376371   0.001560523305620633   0.0   0.0   
9.054700499255528e-13   4.8011868072052283e-14   2.205821985493035   0.04513945664030034   1.0000429849880401   0.001560464104773249   0.0   0.0   
7.900032195708034e-13   4.1114816639863955e-14   2.246268582908383   0.04468317604328259   1.0021023465180812   0.0015620576770340121   0.0   0.0   
9.43760739716833e-13   4.860616693012231e-14   2.334809871284351   0.04721647314211617   1.0010078452663629   0.0015611707041056952   0.0   0.0   
1.0061396915590003e-12   5.215364447178893e-14   2.3036443060016487   0.04511426686100138   1.002924456559222   0.0015627803976348148   0.0   0.0   
9.119214354388164e-13   4.801030712663991e-14   2.2798362144491175   0.04771707543816342   1.0008008545875906   0.0015609623921877588   0.0   0.0   
9.024809143791298e-13   4.6469955876918846e-14   2.2816350089678767   0.04638255763739979   1.0020841314370468   0.0015620248604628231   0.0   0.0   
1.0623770994134448e-12   5.284210555833404e-14   2.3709952687137323   0.04876481858558822   1.0004718002509625   0.0015607721066582918   0.0   0.0   
9.514812151284175e-13   4.795492230310475e-14   2.2377010339543095   0.04466274014760765   0.9993984573513722   0.0015599417381541001   0.0   0.0   
1.0621633447715809e-12   5.903410886254052e-14   2.188971902508136   0.04676294126912239   1.0020219145043325   0.001561810338555043   0.0   0.0   
1.3242356053098871e-12   6.103029117324947e-14   2.406179578380216   0.047781982126128   1.0019542944500301   0.001562063826778723   0.0   0.0   
1.0112924221299519e-12   5.1811230747695507e-14   2.2854332587075983   0.04620489318567072   1.0018196762755152   0.0015618721340033188   0.0   0.0   
1.2291878513218856e-12   5.858193919854286e-14   2.382522936120548   0.04685159267213332   0.9983854864354337   0.0015592597865396922   0.0   0.0   
9.980036337771311e-13   4.926669145794218e-14   2.406829335681381   0.050926903583898696   0.9970385233623256   0.001558162674315006   0.0   0.0   
1.0497579963892773e-12   5.0494757516518103e-14   2.2886799762359082   0.04381774464285838   1.0018066526321094   0.0015619123680443818   0.0   0.0   
1.0199777204480398e-12   5.442780450304254e-14   2.1896164684182184   0.045150491096995295   1.0015093346621946   0.0015613927481623058   0.0   0.0   
9.863588708008556e-13   4.976352508641822e-14   2.301952282919694   0.047803976325884213   0.999662988852926   0.0015601424392010857   0.0   0.0   
1.1817388194188396e-12   6.039878465413567e-14   2.3087127662001166   0.04804019915583797   1.0013502140361161   0.001561432622613686   0.0   0.0   
9.940534426745456e-13   4.8804404143666465e-14   2.333401936324936   0.04516387716071148   0.9974615181852959   0.0015583486812303952   0.0   0.0   
9.92964537129435e-13   5.091879348594223e-14   2.2809280725097176   0.04575513713295396   0.9999744644793618   0.0015602608516567225   0.0   0.0   
1.0066152165932486e-12   5.0784195003742313e-14   2.2913822151348344   0.048038942249632524   0.996574886954171   0.001557721017486772   0.0   0.0   
1.1842732618982502e-12   6.440807432372739e-14   2.2896094871882804   0.048968122478667164   0.9990896609609206   0.0015596680235305626   0.0   0.0   
1.2172252217757697e-12   5.5528291319557086e-14   2.3500999335389072   0.04444494844044781   0.9997190466791821   0.001560322766132727   0.0   0.0   
1.0383611824101217e-12   5.0930277039646986e-14   2.2765252942070724   0.04533236100452302   1.0007979800219693   0.0015609925068504407   0.0   0.0   
8.389475254298077e-13   4.680033503305102e-14   2.1506506068461717   0.04480698209141243   0.9990507782005956   0.0015593431629148623   0.0   0.0   
1.1221385708528037e-12   5.3863273537253197e-14   2.314798658813422   0.04616315101330085   1.0026452016328682   0.0015625559995448783   0.0   0.0   
1.0058162414123826e-12   4.978267412116029e-14   2.2459899590374075   0.04303268671780017   1.0014659578759189   0.001561482387795326   0.0   0.0   
1.0847418548102238e-12   5.2681889983774276e-14   2.2740071560977047   0.04447332317351595   1.0004989145200585   0.0015608950309843343   0.0   0.0   
9.81159387970291e-13   4.9469628782220975e-14   2.2791921061877987   0.0473469798581062   0.998117378402637   0.0015589331949665889   0.0   0.0   
1.1066130207322224e-12   5.200655588200969e-14   2.3297321706072784   0.04448673917793549   1.0008711328322735   0.0015612314139302574   0.0   0.0   
1.06862419378648e-12   5.359710078770767e-14   2.2931538653835886   0.046054828034926734   1.001609370213   0.0015616160765144654   0.0   0.0   
8.76404235664694e-13   4.518530946545911e-14   2.311923155695542   0.048961796842205266   0.9981790407502785   0.0015590464615660858   0.0   0.0   
9.591826759497507e-13   4.730220918623948e-14   2.2575078210282715   0.044672842400513654   0.9983479295556934   0.001559221081146188   0.0   0.0   
1.0088738312520697e-12   4.969758530118988e-14   2.256707612114045   0.04550671291979119   0.9995510456105249   0.0015602820953545989   0.0   0.0   
9.721864194575434e-13   5.164335251616547e-14   2.3106518678487475   0.04821553349810054   1.0014172952674854   0.0015614379223643682   0.0   0.0   
1.059864284328741e-12   5.281397819306441e-14   2.26080341197673   0.04509999330962503   1.0010329077267774   0.0015612841308590207   0.0   0.0   
9.975205765398348e-13   5.0274935344766595e-14   2.3267398213815365   0.04649452784578365   0.9968440851745934   0.0015579697753303737   0.0   0.0   
9.712471683096092e-13   5.092699157401292e-14   2.2403153676855783   0.04548445460326249   1.0006429805350372   0.0015607966861102731   0.0   0.0   
9.715742654305405e-13   4.7311978918209203e-14   2.2787090775003063   0.04518658048007484   1.0013038394569869   0.0015613724901006188   0.0   0.0   
9.533044819040393e-13   5.072907400453579e-14   2.3203760062393535   0.05109092691421046   0.9984053813793445   0.0015591838334841216   0.0   0.0   
9.088742121088653e-13   4.714539252275303e-14   2.2712160084404696   0.0451314377088285   0.9987917661249809   0.0015594634474876573   0.0   0.0   
9.9873896097661e-13   4.9196198598288864e-14   2.3086970121216805   0.045375294319247916   1.0007324427434665   0.0015610174989851495   0.0   0.0   
1.0229792290554096e-12   5.038393342651792e-14   2.276449053413374   0.04275427241304191   0.9945129813018525   0.0015560425674456776   0.0   0.0   
9.664832055821375e-13   4.796058002830934e-14   2.3539515675608347   0.04799986848464885   0.9994204208887061   0.0015600102932784052   0.0   0.0   
9.32793228364802e-13   4.27623864231315e-14   2.3629515356514132   0.046036044603724284   1.0007828948548554   0.0015611548051172469   0.0   0.0   
1.3182428837875364e-12   6.623196872802029e-14   2.293612555291363   0.044939689442089426   1.000492700469668   0.0015608762335971933   0.0   0.0   
9.180212747748105e-13   4.718031572026281e-14   2.2599225159529306   0.04424350923879713   1.0027426720634156   0.001562507298175527   0.0   0.0   
8.71806284733946e-13   4.432588679260502e-14   2.2813589800152743   0.04646326676566242   0.9982930617168768   0.0015589255820734874   0.0   0.0   
1.0253205473071772e-12   5.169981001494815e-14   2.2808463479346535   0.04479693664663614   1.000570653916372   0.001560841553462027   0.0   0.0   
9.198363034042098e-13   4.98129460957904e-14   2.221721103750939   0.04650911917134082   1.001099638754496   0.0015611125566610663   0.0   0.0   
1.01090887819685e-12   5.177964419966294e-14   2.327367830683441   0.04747813448933077   0.9998579394002924   0.0015603773855158206   0.0   0.0   
1.2104659170635611e-12   5.981307569444715e-14   2.3073888392561903   0.045609762349170385   1.0019752004567333   0.0015620500731187163   0.0   0.0   
1.0747184116382757e-12   5.5787451004411045e-14   2.2874052341851194   0.04652585592688931   0.9987641776568057   0.0015594613039728864   0.0   0.0   
9.40139970730017e-13   4.5474463463834074e-14   2.2599754489986377   0.04437937626651875   1.0005270596397315   0.0015609104521091047   0.0   0.0   
9.109605858383467e-13   4.9717026134169785e-14   2.1951485118046365   0.04392327609653613   1.0023466076743655   0.0015621812301965818   0.0   0.0   
9.631826612526178e-13   4.9851925232370324e-14   2.272156641840235   0.046143503878816085   0.9990723640227134   0.0015595741606914616   0.0   0.0   
1.0413441924703676e-12   5.4525329258009427e-14   2.269447174330324   0.047715212509850585   1.0019711060641627   0.00156186841599283   0.0   0.0   
7.928717952753306e-13   4.1520031734486254e-14   2.2144399873153455   0.044410547999571136   0.9999546873484694   0.0015602793122541018   0.0   0.0   
8.431433423320257e-13   4.176125835522387e-14   2.2872379732510293   0.045273666501093976   0.9995521315623841   0.0015601130048379175   0.0   0.0   
1.038768667905936e-12   5.0720424194322716e-14   2.376230215694914   0.04592877643065533   0.9996504572418168   0.0015602763236510656   0.0   0.0   
1.1181728343912916e-12   5.2787916228532794e-14   2.373865320045624   0.047082925603943976   1.0013995840866454   0.0015616366288494386   0.0   0.0   
9.204525652932939e-13   4.58797629392137e-14   2.3922389059414555   0.050052367209075736   0.9987418416158806   0.0015594509828685975   0.0   0.0   
9.497704866995204e-13   4.747163392729162e-14   2.2767922357363517   0.04575744187073196   1.0010291058534762   0.0015611855435078976   0.0   0.0   
9.948825365864856e-13   4.919439344567013e-14   2.2930804626724712   0.046495815211546124   0.9973240124202664   0.0015584906884950442   0.0   0.0   
1.4345710723650459e-12   7.177213308536333e-14   2.3955791807318962   0.051850524806096004   0.9979991055713675   0.0015589394061038054   0.0   0.0   
9.485274937415496e-13   4.6359570711146096e-14   2.4017320162823355   0.047558720842498986   0.9994155809094623   0.0015599822528881886   0.0   0.0   
1.0113249406933198e-12   5.0935495188438176e-14   2.2501887276870685   0.04393417851456209   1.0012434815453435   0.0015613686218757198   0.0   0.0   
9.126360279614334e-13   4.7159073899667243e-14   2.3558453784556317   0.050227605107168886   0.9995090077975577   0.001559972671871933   0.0   0.0   
9.227529716013974e-13   4.546531856981692e-14   2.2827389877959177   0.0445918976354681   1.0005759029410493   0.0015608812238100589   0.0   0.0   
9.14568891837623e-13   4.888834209542474e-14   2.2140071976539977   0.04544369667387011   0.99634560775717   0.0015573577121954477   0.0   0.0   
9.160977895677563e-13   4.4306352689857634e-14   2.286121519213036   0.04533842405694639   1.000115286841929   0.001560544663847966   0.0   0.0   
9.21597636279083e-13   4.7678393949979066e-14   2.251613557997288   0.04561622022607845   1.0003145407250906   0.0015606190455452408   0.0   0.0   
1.0156650896754287e-12   5.1052895834223497e-14   2.321026285562419   0.046231225883625805   0.9979052762767818   0.0015586876126630728   0.0   0.0   
1.022786771451532e-12   5.608569215189528e-14   2.314109383684996   0.050095214961893404   1.0014359623051259   0.001561420307679735   0.0   0.0   
1.1857631805103382e-12   5.709790846573239e-14   2.362268489368131   0.044786462500628586   0.9971773576459722   0.0015582190827984814   0.0   0.0   
1.0248782324872558e-12   5.3393355872559586e-14   2.255744302555793   0.04699677859765318   1.0004015891992664   0.0015606779532899324   0.0   0.0   
1.1483250615612764e-12   5.670545239558587e-14   2.2639304214743663   0.04607500873560357   0.9996417961963626   0.0015602760005846076   0.0   0.0   
1.0732193087874833e-12   5.2738886740931834e-14   2.299513109099179   0.04787587491262581   0.9998169541108901   0.0015601994388762701   0.0   0.0   
1.0258886611650307e-12   5.4279256537187744e-14   2.2870156905281194   0.04834331890687227   0.9980201220472656   0.001558917981094256   0.0   0.0   
1.0038238344559158e-12   5.3679657832151676e-14   2.2993467088240656   0.05052701463744671   0.9986995111626464   0.0015593601897039824   0.0   0.0   
1.1817480508485918e-12   5.994279578138347e-14   2.2728435086839145   0.04610612415131131   0.9985291770917698   0.0015591908171339371   0.0   0.0   
1.0301086941541498e-12   5.1537066459786965e-14   2.3312056713889553   0.046763725218665446   0.9998665808980138   0.0015604069718039863   0.0   0.0   
9.092423337959668e-13   4.739567117075112e-14   2.241458711562931   0.04457364953038768   0.9992659544495085   0.0015596870743850634   0.0   0.0   
1.0386684299879409e-12   4.963773486634975e-14   2.356415627534847   0.046086792192643646   0.999940402320479   0.0015603728970066382   0.0   0.0   
1.0028269183356937e-12   4.764100639866629e-14   2.336592092389884   0.04477478102858974   0.9997107378884538   0.001560251161015357   0.0   0.0   
1.0340072565245212e-12   5.45843121853371e-14   2.2123676164226627   0.04366472138189677   0.9993368802348571   0.0015597531471064432   0.0   0.0   
9.548374325086332e-13   5.226336130985491e-14   2.325056562505396   0.049327062260001074   1.0003260370471814   0.0015606151715478406   0.0   0.0   
9.953280089963849e-13   5.2183902980849994e-14   2.293552541901543   0.045955312664073295   1.0011887585273935   0.0015612680433951588   0.0   0.0   
1.0211635536533957e-12   4.928213417055111e-14   2.3156919714913062   0.04470115414951062   0.9986694270676696   0.001559474607215963   0.0   0.0   
1.1351819056623075e-12   5.3335749668132047e-14   2.359532619618025   0.046045456827811915   0.9998359605936483   0.0015603417582939643   0.0   0.0   
9.746969142256156e-13   4.9682229061682346e-14   2.295200412170353   0.046031542941513834   1.0006885153849356   0.0015610069658602392   0.0   0.0   
1.0891783201974587e-12   5.043285701346585e-14   2.364866600087094   0.04406086411926667   0.9992946838430729   0.0015600180565699037   0.0   0.0   
1.1471139812450236e-12   5.76046409576319e-14   2.3212409711132116   0.04562595229242205   0.9976272298719739   0.0015587531545792177   0.0   0.0   
9.010021999649447e-13   4.716695607632031e-14   2.2888740765714477   0.047893308691669745   0.9988090818002657   0.0015594773529895997   0.0   0.0   
9.295675055189842e-13   4.931798886206011e-14   2.2902416169847615   0.049104249161611505   1.001793112557363   0.001561803079999377   0.0   0.0   
1.0457631103525109e-12   5.519394652297566e-14   2.2469539116626556   0.04557541056093963   0.999331928645448   0.0015597516969708544   0.0   0.0   
9.1969427675107e-13   5.012648412208877e-14   2.3205682347734355   0.049303191925867594   0.9980463336501691   0.001558821803707145   0.0   0.0   
1.0090751382957534e-12   5.299852135344931e-14   2.3494104202791357   0.05139799109621062   0.9993363642407156   0.0015598231615015085   0.0   0.0   
9.987670577193465e-13   4.868243442859767e-14   2.339920172855078   0.04734769815083392   1.0012395842971968   0.0015614727683237494   0.0   0.0   
9.91305069860431e-13   4.989494251987542e-14   2.346928525676051   0.047763810191867234   0.9994803433747022   0.0015599345347125859   0.0   0.0   
9.816021939832195e-13   4.8508840644882387e-14   2.390909070411175   0.04826555279993794   0.998326495774184   0.0015591064016750992   0.0   0.0   
1.008813307793199e-12   4.833883792785414e-14   2.2498990360457713   0.043244103796004685   0.9978253358771739   0.001558789177335674   0.0   0.0   
9.864664503934245e-13   5.1707138318456015e-14   2.3705959155419483   0.05097481679714204   0.9977588492431086   0.0015586134593310677   0.0   0.0   
1.2311534112311193e-12   5.994297825070513e-14   2.321637366937513   0.04368797102092982   0.9994116448104513   0.0015599286709377517   0.0   0.0   
1.2052895093650066e-12   6.024886855896918e-14   2.2548734638049823   0.0443293746570362   0.9971206523569041   0.001558102925051101   0.0   0.0   
1.1376183565453025e-12   5.764632457176547e-14   2.2408095883476253   0.04398718184814395   0.998229216174241   0.001559042633633235   0.0   0.0   
9.070081953419939e-13   4.5973770335518965e-14   2.2628587329263814   0.04690053743365028   0.9975152265754214   0.0015585714630220147   0.0   0.0   
1.025393911257255e-12   4.925214838110803e-14   2.309467338187212   0.045113259916425626   0.9986219061431901   0.0015595028686340318   0.0   0.0   
1.102678315202971e-12   6.143884419075546e-14   2.2930998856337355   0.05192417716698493   1.0004442208978281   0.0015608427863512513   0.0   0.0   
8.696009994708422e-13   4.601427834572259e-14   2.126466153078737   0.04189373755334796   0.9997026400517183   0.0015600419165709043   0.0   0.0   
9.69238521952843e-13   5.0625632701177986e-14   2.354493900533381   0.048194290442030094   0.9998347025159942   0.0015602737215254909   0.0   0.0   
9.659500984840625e-13   4.6970745927920705e-14   2.3176726460061614   0.0461636352569759   1.0014804186035222   0.0015616707607544363   0.0   0.0   
1.0153673761988253e-12   5.141143290167721e-14   2.4057123505811457   0.052408036324498995   0.9994602300029425   0.0015600673006074045   0.0   0.0   
8.628960050714061e-13   4.3481178972613006e-14   2.2748223043017353   0.045824998874772524   1.0010645867391246   0.0015612673038385733   0.0   0.0   
1.062109288859576e-12   5.451805320151771e-14   2.271251898500428   0.04744555936816969   0.9980004208949701   0.001558840417029409   0.0   0.0   
1.1209620830170083e-12   5.3576157141661295e-14   2.287142152657357   0.045061349647393   1.002686665931474   0.0015626442154169106   0.0   0.0   
1.1482367882870595e-12   5.5976278657313584e-14   2.363054456520008   0.04707922648351598   0.9981774308303261   0.0015589164669591463   0.0   0.0   
9.459994242897036e-13   4.746789942169641e-14   2.2744227885061306   0.0433094976309077   1.0012354556721867   0.0015614218795325361   0.0   0.0   
8.75754823155022e-13   4.6709937918747783e-14   2.2541667768161444   0.04850858375722205   1.000221002772911   0.0015605125864535355   0.0   0.0   
1.1816394217708144e-12   6.010268855993358e-14   2.2323357610579206   0.04777679217695459   0.9976303131961466   0.0015585118100565223   0.0   0.0   
1.074850108135723e-12   5.7480393294483e-14   2.283983738851377   0.0468811377414224   1.0006457527093913   0.0015607274035799481   0.0   0.0   
1.0135990576455297e-12   5.1520227435823424e-14   2.3514673880404833   0.048163733289318056   0.9982117537330298   0.0015590242764684547   0.0   0.0   
9.441314353298474e-13   5.13108759900081e-14   2.2593374215008257   0.04711776233553914   0.9985175862764449   0.0015591187154416748   0.0   0.0   
1.3019268361264097e-12   6.392980281258895e-14   2.2461372621467364   0.04208245057261558   0.9985667910263472   0.001559253807894999   0.0   0.0   
1.2342325626548554e-12   6.164399373603741e-14   2.331875155889451   0.04829377786671448   0.9987930287419516   0.001559436278054724   0.0   0.0   
8.850857516970927e-13   4.3010211432591426e-14   2.320348626821629   0.045368745937811025   0.9979837120590335   0.0015587840743241017   0.0   0.0   
1.1211205473618414e-12   5.597759014800779e-14   2.337761107964928   0.04701994243113861   0.9992284476806181   0.001559877986970795   0.0   0.0   
1.2036866537447803e-12   5.957570181812548e-14   2.26111508195339   0.04400658577628347   1.00271175067654   0.0015625162392922593   0.0   0.0   
8.868177539072472e-13   4.9534049436974556e-14   2.187033295576718   0.046022459541046716   0.9985905355330642   0.001559148528592655   0.0   0.0   
9.033850282577059e-13   4.837206766140433e-14   2.346849400652706   0.05190418063559976   0.9994300438213093   0.0015600717962079265   0.0   0.0   
1.0516666504564874e-12   5.2673782067176396e-14   2.295935084030542   0.04737355507607418   1.0026052677458692   0.0015624488601683416   0.0   0.0   
1.1443057218447864e-12   5.572615876935445e-14   2.2980605839513317   0.044581409436244016   1.0009585337008775   0.0015611957270209443   0.0   0.0   
9.538768946958891e-13   4.99979399603179e-14   2.287407245134218   0.04613424961149483   1.0005364406367456   0.0015607663699862889   0.0   0.0   
1.0515693319837946e-12   5.415575073787724e-14   2.378168855242928   0.050761594904464434   1.000846653476759   0.001561021875022799   0.0   0.0   
1.0666586099599747e-12   5.171729732886193e-14   2.453949513241543   0.05125039751068794   0.9964627773890302   0.001557817809324814   0.0   0.0   
1.0433588761744624e-12   4.793220732466505e-14   2.3518512259010165   0.04597211441857012   0.9979829470777691   0.0015589619692055548   0.0   0.0   
9.743343559213525e-13   4.962477852695914e-14   2.229777860464686   0.04350649670362164   0.9996995800904355   0.0015601206466653958   0.0   0.0   
1.0198557656573432e-12   5.107723329136834e-14   2.343979462447474   0.04963407924841613   0.9984349293315932   0.0015593242619918776   0.0   0.0   
1.1229607408339954e-12   5.4643878457536356e-14   2.2836102553994384   0.04409093352082984   0.999478239723486   0.0015599892845900233   0.0   0.0   
1.0440922856352206e-12   5.4026556174727824e-14   2.2992389739584076   0.04532845382744472   1.0017706361382688   0.0015616747350865252   0.0   0.0   
8.44500822233173e-13   4.4734221823560813e-14   2.248161250117539   0.04729389670860123   1.0013726295949004   0.0015613017849705508   0.0   0.0   
9.235767480081213e-13   4.5435869200205046e-14   2.2851494283131437   0.04418653350046993   0.9977367261209301   0.0015587261946184527   0.0   0.0   
1.0306492795858425e-12   5.257616847628412e-14   2.201843786831373   0.04227680146927902   0.999264078710837   0.001559846260420262   0.0   0.0   
8.509185304599525e-13   4.5249241139285214e-14   2.342544425714519   0.04907709518353317   0.9972728087781023   0.0015582213417065407   0.0   0.0   
9.155576652080714e-13   4.810018774225367e-14   2.270497468303154   0.04658376300242626   1.0021486642231092   0.0015620565056865615   0.0   0.0   
9.25660474438704e-13   4.7754412997811674e-14   2.255219093297882   0.04520745793152697   0.9991580053475045   0.0015596544743729716   0.0   0.0   
1.020787059082423e-12   5.2799105514171343e-14   2.2204217972505793   0.044154636182015636   1.0010758144685445   0.0015611575033134587   0.0   0.0   
1.0982593009264712e-12   5.341025806540813e-14   2.3968149051276124   0.049333481831427384   1.0001774634684468   0.0015606072827095338   0.0   0.0   
1.0610684530488138e-12   5.543554092911739e-14   2.277086803500241   0.047139302454285936   0.9964895430441326   0.0015576081021239734   0.0   0.0   
8.838688681511604e-13   4.773883503447476e-14   2.270273024547282   0.047717490211158176   1.0021121297006965   0.0015619392628316226   0.0   0.0   
1.13538491547632e-12   5.355341556376489e-14   2.4197459940915658   0.04860006950878938   0.9993902083887243   0.001559977739575429   0.0   0.0   
1.0222239148077173e-12   5.161085364020441e-14   2.2997094201392994   0.048032806339995966   0.9996600140710519   0.0015601217159282388   0.0   0.0   
1.08840357736377e-12   5.3651841643301755e-14   2.3209061217360496   0.04527690641403822   0.9964619758005484   0.0015575803820254538   0.0   0.0   
9.368052950206383e-13   4.955994303841589e-14   2.240371244914392   0.045144259538042214   0.9982545065966143   0.001558959731047712   0.0   0.0   
8.415262765311534e-13   3.9057786817644945e-14   2.390808512957325   0.04596265568367882   1.0025066597719448   0.0015624957615618165   0.0   0.0   
1.0293160543101519e-12   5.039120156003736e-14   2.312411584452477   0.04611258532348103   1.000503337171827   0.0015609560696651155   0.0   0.0   
8.964900821570184e-13   4.408658237879302e-14   2.3510677190985096   0.04705021526805046   0.9998197780864827   0.001560184439270305   0.0   0.0   
9.518171738395424e-13   4.541610699991612e-14   2.3533338872815253   0.046542761222469226   0.9964971458070959   0.0015578331524230354   0.0   0.0   
1.0340324401878099e-12   5.2956165654048115e-14   2.3072552831043573   0.04947707947162266   1.001090538214254   0.001561200717769828   0.0   0.0   
8.759001681132498e-13   4.7841451894104074e-14   2.2205692230921166   0.047173020852997724   1.000851301732821   0.0015609143779682507   0.0   0.0   
9.336595735921223e-13   4.397960282280848e-14   2.33933325438685   0.04507459703885929   1.0001477875388838   0.0015605844750305325   0.0   0.0   
1.2673433682526195e-12   6.105108976461718e-14   2.321735328242114   0.04582833612071252   1.0012789189978857   0.0015614224466465759   0.0   0.0   
9.506392530495318e-13   4.86671166657874e-14   2.262521573789252   0.0455295471102717   1.0011457382173807   0.0015612474693547753   0.0   0.0   
1.1218184970954434e-12   5.460147061018408e-14   2.2889224702362334   0.04492365187616153   1.0008507171470227   0.0015611225842734702   0.0   0.0   
1.0078516108061127e-12   5.395354304127513e-14   2.1874877852024643   0.04405801186410294   0.9979207159825358   0.0015586242254215705   0.0   0.0   
9.081150336230454e-13   4.488456422106885e-14   2.276129152631316   0.04600186511562778   1.0000313550488988   0.0015604241263079775   0.0   0.0   
9.994007690402368e-13   5.21703808361302e-14   2.3437598008038782   0.04971867083521937   0.9990541518995286   0.001559663489328798   0.0   0.0   
1.0902142093704184e-12   5.4032370432453896e-14   2.311000501374433   0.04662783513228271   1.000614061727653   0.0015608462887461577   0.0   0.0   
1.1242138343272693e-12   5.761023152553165e-14   2.3070064778165325   0.04467982277079767   1.000661284501363   0.001560979620206882   0.0   0.0   
1.2555670462082707e-12   5.858138422957966e-14   2.3595515913729543   0.0440596766433987   0.9993315809926796   0.001559889414954279   0.0   0.0   
1.3868894841120208e-12   6.258617019568303e-14   2.4164984374013097   0.04696712106981583   0.9988212444928011   0.0015595785978227803   0.0   0.0   
9.364200894084996e-13   4.8773896587486807e-14   2.2455584229793657   0.044678863850703555   0.9997725630683121   0.0015600364874183159   0.0   0.0   
9.53144104100789e-13   4.910489320395501e-14   2.2955450140030624   0.047195152556951815   0.9988711682474756   0.0015595475745313354   0.0   0.0   
9.788887768907679e-13   4.860303057778693e-14   2.2894655893892404   0.04615709141237326   1.0003335126392974   0.001560825444473697   0.0   0.0   
9.197004763883442e-13   4.768095918910281e-14   2.24926746735306   0.04429308474383968   1.0012507906327968   0.0015613053460962235   0.0   0.0   
9.254067040199872e-13   4.766344978470573e-14   2.3456452189017383   0.048539292849892834   0.999307566775934   0.0015597246364600463   0.0   0.0   
8.583147991693542e-13   4.4863476569812353e-14   2.243544614540887   0.04487444659177671   1.0028181997197396   0.0015624496372351904   0.0   0.0   
1.2470238191653538e-12   6.259343242804115e-14   2.287569927121694   0.04506331943329283   0.9995328419015529   0.0015599658903477417   0.0   0.0   
8.974733005950909e-13   4.734348666622205e-14   2.273491031582858   0.04916574303927367   0.9996587144945009   0.0015599720573321707   0.0   0.0   
9.94318968029013e-13   5.203173791690009e-14   2.2859244954466247   0.04578612847729301   0.9994720134696239   0.0015598787769417466   0.0   0.0   
