1.0066958515254812e-11  5.159214865682923e-12  2.6440456658234204e-12  1.3550467784276362e-12  6.944478287425088e-13  3.558975192020937e-13  1.8239389473441563e-13  9.347503436094025e-14  4.7905013824622705e-14  2.4550837185851225e-14  1.2582056832981668e-14  6.448177426699501e-15  3.304625998605006e-15  1.6935875469924568e-15  8.679465635562703e-16  4.448138736771756e-16  2.279626310230408e-16  1.1682855283570174e-16  5.987345687506458e-17  3.068454372803582e-17  
7.825239121140048e-12  4.139239530415154e-12  2.18949269471721e-12  1.158154348158542e-12  6.12617478649217e-13  3.240502233085329e-13  1.7140964939140699e-13  9.066887103024998e-14  4.796021812709119e-14  2.536904338458955e-14  1.3419212576217301e-14  7.098228476170897e-15  3.754679882575213e-15  1.9860759720459025e-15  1.0505550113722797e-15  5.557017190951166e-16  2.9394405553488764e-16  1.5548468686581106e-16  8.224520072626502e-17  4.350443235829045e-17  
1.0849220340591007e-11  5.690001130354821e-12  2.984187973610226e-12  1.56509245917928e-12  8.208311364570176e-13  4.3049453763941493e-13  2.2577792033730695e-13  1.184118841353032e-13  6.210250445891638e-14  3.2570388422017265e-14  1.7081923043262513e-14  8.958815322530632e-15  4.698555998638928e-15  2.4642129207447314e-15  1.2923854308694633e-15  6.778067300364889e-16  3.5548370657016584e-16  1.8643760829884487e-16  9.777939507709221e-17  5.1281553056167155e-17  
1.0412040234115471e-11  5.3862504207105215e-12  2.786360112165747e-12  1.441411384219333e-12  7.456562306808903e-13  3.85735273385789e-13  1.9954463600222504e-13  1.0322639515893296e-13  5.3400025533081037e-14  2.7624356372643703e-14  1.4290350189628304e-14  7.392538156814472e-15  3.8242324138159795e-15  1.9783128939821086e-15  1.0234006417488065e-15  5.294151783157426e-16  2.7387165846617125e-16  1.416764920673994e-16  7.32906373625482e-17  3.79139647419643e-17  
1.1285032600924212e-11  5.754757241442524e-12  2.934615439677415e-12  1.4964954067522641e-12  7.631318475843634e-13  3.891560336034709e-13  1.9844856294409073e-13  1.0119805099746372e-13  5.1605541374318206e-14  2.6316039432451262e-14  1.3419759060118557e-14  6.843352461676226e-15  3.4897402185040655e-15  1.7795790675469362e-15  9.07489228240824e-16  4.627705025258213e-16  2.359879669570795e-16  1.2034111993866394e-16  6.136747282002631e-17  3.129409733128742e-17  
1.0972490555409689e-11  5.713160858806413e-12  2.9747309267452735e-12  1.5488841125302261e-12  8.064736116060745e-13  4.1991500910579147e-13  2.1864151825273284e-13  1.1384235492238995e-13  5.927548380493105e-14  3.0863583090001676e-14  1.60700630346301e-14  8.367366976929008e-15  4.3567240511582486e-15  2.2684608563573693e-15  1.1811431241456632e-15  6.149980837477579e-16  3.2021745314479806e-16  1.6673095414163522e-16  8.681354122321846e-17  4.520211006117837e-17  
1.034427162911597e-11  5.37602975282897e-12  2.793980759549357e-12  1.452061994378689e-12  7.54652310440067e-13  3.9220096101765275e-13  2.03831077829035e-13  1.0593321388387958e-13  5.505463604122328e-14  2.8612489308160293e-14  1.4870219899312166e-14  7.728213979300112e-15  4.016436321335927e-15  2.0873853605186297e-15  1.0848367295558722e-15  5.638013718277103e-16  2.930136657568218e-16  1.5228236859715758e-16  7.914279262594626e-17  4.1131364598110606e-17  
8.809271970675907e-12  4.652175527849508e-12  2.4568133682290277e-12  1.2974428609100662e-12  6.851794275850633e-13  3.61843177938868e-13  1.910893411998197e-13  1.0091425939872277e-13  5.329280893455878e-14  2.8143926349533662e-14  1.486280431081453e-14  7.849045269592497e-15  4.1450799159944025e-15  2.1890162331643934e-15  1.156019224277773e-15  6.104936211313265e-16  3.2240161202759117e-16  1.702602547187463e-16  8.991442119219745e-17  4.7483795626189495e-17  
1.2088029279641528e-11  6.186272110332895e-12  3.1659389415556988e-12  1.6202276917171456e-12  8.291814281538584e-13  4.2434890127485953e-13  2.1716838305713627e-13  1.1113992862468425e-13  5.687790994626561e-14  2.910832029396305e-14  1.4896720205373356e-14  7.62367153570185e-15  3.9015546296765485e-15  1.99669259845009e-15  1.0218442931390878e-15  5.229476786919758e-16  2.6762812738251713e-16  1.3696363419266833e-16  7.009366793667005e-17  3.5871728388170834e-17  
9.076849359764878e-12  4.714381804955158e-12  2.4485804404126373e-12  1.2717565995332812e-12  6.605316377451316e-13  3.430703993377216e-13  1.781857100797308e-13  9.254703214824066e-14  4.8067564764958004e-14  2.4965584836178404e-14  1.2966756881904745e-14  6.7347424519681865e-15  3.497925989314901e-15  1.8167712149332288e-15  9.436041978853927e-16  4.9009411584037095e-16  2.545476619536276e-16  1.3220830471501226e-16  6.866704530486602e-17  3.566465148361541e-17  
1.1713244347836707e-11  6.049662163641713e-12  3.124532470028887e-12  1.6137600567083514e-12  8.334755825415586e-13  4.3047387609156665e-13  2.2233135784521645e-13  1.148298083268196e-13  5.930735550832165e-14  3.0631091949397056e-14  1.582036133580034e-14  8.170907952245326e-15  4.220114531327698e-15  2.179606815008762e-15  1.1257243927306429e-15  5.814146843653005e-16  3.002893402492763e-16  1.5509358516767336e-16  8.010281064321004e-17  4.137153877773271e-17  
9.974171407150861e-12  5.1721950196986985e-12  2.6820875870066536e-12  1.3908202991143657e-12  7.21222197887818e-13  3.739961654696577e-13  1.9393902766115918e-13  1.0056880236438511e-13  5.215084416468038e-14  2.7043282639825106e-14  1.4023533993583408e-14  7.272027892781772e-15  3.770974541623595e-15  1.955472284105006e-15  1.0140274912215333e-15  5.258329465015435e-16  2.7267533673412845e-16  1.4139821355384036e-16  7.332329735311538e-17  3.802244596736899e-17  
8.101967706727389e-12  4.267894797674849e-12  2.2482101463938757e-12  1.1842955606829952e-12  6.238544814430032e-13  3.2862946289528104e-13  1.7311300486779912e-13  9.119119202013879e-14  4.803702361012311e-14  2.5304589031031873e-14  1.3329764791973501e-14  7.021755191970831e-15  3.698868415567113e-15  1.9484626253168874e-15  1.0263967721259666e-15  5.406777220883421e-16  2.8481422301936207e-16  1.5003233593720878e-16  7.903292745757692e-17  4.163238266935195e-17  
1.0932129361605432e-11  5.62427313613043e-12  2.89353036938021e-12  1.4886400066064312e-12  7.658634216249371e-13  3.9401519372045745e-13  2.02709737139788e-13  1.0428845939488063e-13  5.365347968192349e-14  2.7603206516634837e-14  1.4201073528073485e-14  7.306052984395646e-15  3.758758808288336e-15  1.933775707493564e-15  9.948732221515214e-16  5.118342961485604e-16  2.6332435216956e-16  1.3547297429516633e-16  6.969703566406534e-17  3.585716491153569e-17  
1.0397126863793007e-11  5.407969337526375e-12  2.812905213023061e-12  1.4631066198077763e-12  7.610213707218106e-13  3.958382245385459e-13  2.0589158995261008e-13  1.0709260547697752e-13  5.570322785154715e-14  2.897351856612005e-14  1.5070307601177688e-14  7.838681058906248e-15  4.077217424444202e-15  2.1207269183766187e-15  1.1030764843109324e-15  5.737550269655615e-16  2.9843336853825956e-16  1.5522735535428862e-16  8.074007262762715e-17  4.199620171995946e-17  
1.2647003319671214e-11  6.448656899106111e-12  3.288144610328917e-12  1.6766119127742422e-12  8.548977734210151e-13  4.3590898849745863e-13  2.2226826664022585e-13  1.1333370877608907e-13  5.778840920073463e-14  2.946608095698456e-14  1.5024637967582793e-14  7.661003388488332e-15  3.9063152832741475e-15  1.991814690392945e-15  1.0156184212401446e-15  5.17859810221018e-16  2.640546660375486e-16  1.3464042831677428e-16  6.865262110061164e-17  3.500569957260726e-17  
9.79774534506456e-12  5.079450096585218e-12  2.6333418939793393e-12  1.3652047758572475e-12  7.077638054840668e-13  3.669263492275298e-13  1.902258136319378e-13  9.861886519764218e-14  5.112702838369059e-14  2.6505811297950314e-14  1.3741421216388654e-14  7.123971981978834e-15  3.69328441365959e-15  1.9147113147954824e-15  9.926447596201146e-16  5.14617327002387e-16  2.667933222681119e-16  1.3831379759688203e-16  7.170609235281354e-17  3.7174625885813674e-17  
