1.2845434936021945e-12  1.1761152554210008e-12  1.0768394382311036e-12  9.859434867331904e-13  9.027200569737856e-13  8.265215118595114e-13  7.567548813046594e-13  6.928772477923968e-13  6.343915214404714e-13  5.808425716933646e-13  5.31813685538071e-13  4.869233246816732e-13  4.4582215645535753e-13  4.0819033533964147e-13  3.73735013955892e-13  3.421880641548986e-13  3.133039904682203e-13  2.8685801968497876e-13  2.6264435168735734e-13  2.4047455793296907e-13  
1.0136161339153135e-12  9.56368600950312e-13  9.023543235748007e-13  8.513906923178461e-13  8.033054112200674e-13  7.57935915341831e-13  7.151288211697141e-13  6.747394080631973e-13  6.366311289884773e-13  6.006751488853046e-13  5.667499091061775e-13  5.347407164553647e-13  5.045393554383896e-13  4.760437224110912e-13  4.491574803913998e-13  4.237897333668325e-13  3.998547189966154e-13  3.772715186695351e-13  3.55963783937291e-13  3.3585947839848497e-13  
1.3996279143506142e-12  1.3099077978939509e-12  1.2259389952075134e-12  1.1473528307769363e-12  1.0738042622333095e-12  1.0049703654015692e-12  9.405489164615782e-13  8.802570649967022e-13  8.238300921037331e-13  7.710202481114856e-13  7.215956648049262e-13  6.753393373788191e-13  6.320481716510289e-13  5.915320923521519e-13  5.536132085763073e-13  5.181250327289008e-13  4.849117495420491e-13  4.5382753194818753e-13  4.2473590080811903e-13  3.9750912568230924e-13  
1.3344964466800379e-12  1.2327658354553628e-12  1.1387902971541806e-12  1.0519786512525105e-12  9.717847837802757e-13  8.977042118321443e-13  8.292709099707229e-13  7.66054378557664e-13  7.076569355701708e-13  6.537112148662816e-13  6.038778551610409e-13  5.578433651753903e-13  5.153181515278723e-13  4.76034696963029e-13  4.3974587745610594e-13  4.0622340760732216e-13  3.752564045460008e-13  3.466500613103851e-13  3.2022442135764593e-13  2.958132464947787e-13  
1.4365700513355863e-12  1.3091059261359312e-12  1.1929514500534962e-12  1.0871031394574624e-12  9.90646547908781e-13  9.027483660596916e-13  8.226492225141071e-13  7.496571234539531e-13  6.831414743549684e-13  6.225276321442777e-13  5.672919407346515e-13  5.169572070463565e-13  4.710885784329731e-13  4.292897858953712e-13  3.911997206281548e-13  3.564893143226226e-13  3.248586962745068e-13  2.9603460273612796e-13  2.6976801613180134e-13  2.45832013741164e-13  
1.4106736460734629e-12  1.311200866762628e-12  1.2187423489369805e-12  1.1328034862879053e-12  1.052924549364607e-12  9.786782262540585e-13  9.096673366783845e-13  8.45522707281252e-13  7.859011967371274e-13  7.304838601187311e-13  6.789742427029868e-13  6.310967940881862e-13  5.865953941387038e-13  5.452319828718056e-13  5.067852869571419e-13  4.710496360163427e-13  4.3783386239051103e-13  4.0696027848993405e-13  3.7826372625534516e-13  3.515906936458364e-13  
1.3287300170439236e-12  1.2328504734002206e-12  1.1438894811337015e-12  1.0613478059829203e-12  9.84762237824175e-13  9.137029912134977e-13  8.477712935023739e-13  7.865971469921032e-13  7.298372525683826e-13  6.771730831638938e-13  6.283090962374908e-13  5.829710752387172e-13  5.409045907502289e-13  5.018735726723093e-13  4.656589854368158e-13  4.3205759881607867e-13  4.0088084742873465e-13  3.7195377254223623e-13  3.451140402336039e-13  3.202110303985075e-13  
1.1401976812915426e-12  1.0741388482098237e-12  1.0119072193925225e-12  9.53281060791394e-13  8.980514848081738e-13  8.460217060188201e-13  7.97006340018336e-13  7.508307428879285e-13  7.073303889309952e-13  6.663502844607841e-13  6.277444155510263e-13  5.913752277818547e-13  5.571131361273144e-13  5.248360632381817e-13  4.944290044749631e-13  4.657836181412746e-13  4.3879783945758156e-13  4.133755168998709e-13  3.8942606960751537e-13  3.6686416463965653e-13  
1.5414002435211214e-12  1.40940323249839e-12  1.2887097171070948e-12  1.1783517283568774e-12  1.0774441887802194e-12  9.851778140598425e-13  9.008126225215647e-13  8.236720004383783e-13  7.531372755491317e-13  6.886427552711309e-13  6.296711898128295e-13  5.757496238005158e-13  5.264456031487967e-13  4.813637067537624e-13  4.401423751928084e-13  4.0245101099710774e-13  3.679873272407436e-13  3.364749231820399e-13  3.076610675135892e-13  2.813146714425157e-13  
1.165581643830859e-12  1.080831123649821e-12  1.0022428922359166e-12  9.293688838690962e-13  8.617936121025423e-13  7.991318008935586e-13  7.410261879771225e-13  6.87145487958183e-13  6.371825035093989e-13  5.908523739054411e-13  5.478909509079854e-13  5.080532927416101e-13  4.711122675741024e-13  4.368572585390017e-13  4.050929629171538e-13  3.756382786308862e-13  3.4832527170222087e-13  3.2299821878815786e-13  2.995127193341037e-13  2.77734872283446e-13  
1.5001262647260426e-12  1.3836588922010669e-12  1.2762338577657775e-12  1.177149128942275e-12  1.0857571779167331e-12  1.001460749885598e-12  9.23708959940524e-13  8.519936929848465e-13  7.858462831547029e-13  7.248344510445165e-13  6.685594787213333e-13  6.166536040664679e-13  5.687776174162413e-13  5.246186447956378e-13  4.838881032581092e-13  4.463198149694842e-13  4.116682677113457e-13  3.79707010436109e-13  3.5022717338860324e-13  3.230361031230153e-13  
1.279840673371554e-12  1.184988318531766e-12  1.097165720915549e-12  1.0158518867457228e-12  9.405644344627462e-13  8.708567330718212e-13  8.06315252574611e-13  7.465571107674261e-13  6.912278018526431e-13  6.399990933886957e-13  5.925670791026302e-13  5.486503760138375e-13  5.079884551736803e-13  4.703400961183958e-13  4.3548195586655013e-13  4.032072439718557e-13  3.733244957713004e-13  3.456564365510851e-13  3.2003892989220605e-13  2.963200039569082e-13  
1.0473974851123526e-12  9.84359109552723e-13  9.251147442420016e-13  8.694360439279344e-13  8.171084064825107e-13  7.679301457620836e-13  7.217117142495059e-13  6.782749724821107e-13  6.374525024496968e-13  5.990869623161539e-13  5.630304799776344e-13  5.291440831198632e-13  4.972971635778635e-13  4.673669739335786e-13  4.3923815441112933e-13  4.1280228824622513e-13  3.8795748381598666e-13  3.6460798191858826e-13  3.4266378668905987e-13  3.220403187286869e-13  
1.3974991158247074e-12  1.2842367721367999e-12  1.180153939442792e-12  1.0845066509542218e-12  9.966112357505342e-13  9.15839432012974e-13  8.416138963135277e-13  7.734040768600617e-13  7.107224212002948e-13  6.531208912779054e-13  6.001877609309739e-13  5.515446729418103e-13  5.068439346024483e-13  4.657660324649601e-13  4.2801734851243544e-13  3.9332806142620076e-13  3.6145021794787933e-13  3.321559605507126e-13  3.052358987518322e-13  2.804976124238902e-13  
1.3360439966664271e-12  1.2406109024944952e-12  1.151994556488008e-12  1.0697080410220641e-12  9.932992188050967e-13  9.22348248533419e-13  8.564652780015864e-13  7.95288301992972e-13  7.384811731803717e-13  6.857317551071905e-13  6.367502071004541e-13  5.912673916918036e-13  5.490333957957801e-13  5.098161575197595e-13  4.734001910603082e-13  4.3958540267969135e-13  4.081859912567069e-13  3.7902942737074187e-13  3.5195550530944877e-13  3.268154627911389e-13  
1.6098722367687628e-12  1.4668947937882262e-12  1.3366155940187678e-12  1.2179068694902358e-12  1.1097410125911478e-12  1.0111816805354673e-12  9.213756898675943e-13  8.395456308399854e-13  7.649831377294066e-13  6.970427568360073e-13  6.351363590832574e-13  5.787280488511604e-13  5.273295249708213e-13  4.804958537225987e-13  4.378216172466048e-13  3.989374040240904e-13  3.6350661104939884e-13  3.312225300103462e-13  3.018056922534096e-13  2.7500144955029033e-13  
1.257054650081328e-12  1.1636173332592673e-12  1.0771252452499246e-12  9.970621447387848e-13  9.229501628108599e-13  8.54346950716659e-13  7.90843039645721e-13  7.320593967491149e-13  6.776451628236541e-13  6.272755581548402e-13  5.806499440192442e-13  5.374900282760998e-13  4.975382043379097e-13  4.605560136059533e-13  4.26322722193507e-13  3.9463400344173207e-13  3.653007183646213e-13  3.381477867439052e-13  3.1301314213587264e-13  2.8974676455290436e-13  
1.2628023758542645e-12  1.1666519851103477e-12  1.077822532160798e-12  9.957565972200653e-13  9.199392027177988e-13  8.498945817278145e-13  7.85183192450465e-13  7.25398960013781e-13  6.701667282852233e-13  6.191399057037357e-13  5.719982903592962e-13  5.28446060671976e-13  4.882099190616771e-13  4.5103737695976587e-13  4.1669517040075813e-13  3.849677962516303e-13  3.5565615989334505e-13  3.285763258685693e-13  3.035583636556842e-13  2.8044528132612857e-13  
1.2617573294154505e-12  1.1650559192147622e-12  1.0757657302662095e-12  9.933187646436597e-13  9.17190555929906e-13  8.468968329504917e-13  7.819904391998404e-13  7.220584883633722e-13  6.667197378411432e-13  6.156221635653189e-13  5.684407206842657e-13  5.24875275868399e-13  4.846486980846473e-13  4.475050956944592e-13  4.1320818866107853e-13  3.8153980551127737e-13  3.522984954903323e-13  3.252982470818059e-13  3.0036730474030513e-13  2.77347076310149e-13  
1.2456635745608442e-12  1.1725953710030643e-12  1.1038132062122471e-12  1.0390656694869184e-12  9.781160973885791e-13  9.20741708695929e-13  8.667327901009941e-13  8.158919296707378e-13  7.680332952723219e-13  7.229819553245394e-13  6.805732393926481e-13  6.406521362894677e-13  6.030727274826967e-13  5.676976537374551e-13  5.343976130445366e-13  5.030508879992161e-13  4.735429009030956e-13  4.457657949628119e-13  4.196180400548134e-13  3.950040616152085e-13  
1.2850405133806017e-12  1.1613216560724473e-12  1.0495139840493144e-12  9.484707332852409e-13  8.571555458725287e-13  7.746318405367983e-13  7.000532065187902e-13  6.326547222970229e-13  5.717451101111128e-13  5.166996458180182e-13  4.669537513606035e-13  4.2199720412917835e-13  3.81368903823883e-13  3.446521431438408e-13  3.1147033379653234e-13  2.814831439908805e-13  2.5438300779794163e-13  2.2989197057719413e-13  2.0775883811329467e-13  1.8775660022320117e-13  
1.211473693890969e-12  1.1186222851876235e-12  1.0328873199874845e-12  9.53723370182981e-13  8.806268111067576e-13  8.131326175757537e-13  7.50811405497217e-13  6.932667002159569e-13  6.401324142246306e-13  5.910705181907743e-13  5.457688904841401e-13  5.03939331523469e-13  4.653157303103934e-13  4.296523714863311e-13  3.967223721422188e-13  3.663162384363944e-13  3.3824053283812587e-13  3.1231664351806874e-13  2.883796480567682e-13  2.662772642423527e-13  
1.1079620299452743e-12  1.0044086664008103e-12  9.105337023064626e-13  8.254325662151066e-13  7.482852305659465e-13  6.783483099662615e-13  6.14947897990791e-13  5.574730734747473e-13  5.053700137276262e-13  4.581366579432294e-13  4.153178693829534e-13  3.765010497155417e-13  3.413121632534383e-13  3.094121327756101e-13  2.804935722072815e-13  2.5427782467295433e-13  2.3051227738163206e-13  2.0896792747070456e-13  1.8943717535316508e-13  1.7173182430503248e-13  
1.5152033321148167e-12  1.3723523903788047e-12  1.242969206482517e-12  1.1257840618015938e-12  1.019646944748604e-12  9.235162649854551e-13  8.364486316417741e-13  7.575895952264743e-13  6.861652623770627e-13  6.214747011569441e-13  5.628830623691218e-13  5.098153493814193e-13  4.617507753225952e-13  4.182176522729634e-13  3.7878876229393195e-13  3.430771648694575e-13  3.107323996151996e-13  2.814370469901709e-13  2.5490361325898e-13  2.308717091348421e-13  
1.4597211516977476e-12  1.3244176851738585e-12  1.201655674278045e-12  1.0902726350524908e-12  9.892138357008712e-13  8.975223088992956e-13  8.143297898792351e-13  7.388484944714218e-13  6.703636592536339e-13  6.082267731619558e-13  5.518494364728646e-13  5.006977890043115e-13  4.5428745477414886e-13  4.1217895524479206e-13  3.7397354772024373e-13  3.393094494875537e-13  3.0785841194755337e-13  2.7932261229390234e-13  2.534318333064791e-13  2.2994090455341586e-13  
1.2081212980085524e-12  1.1316541748386064e-12  1.060026980354237e-12  9.929333749324747e-13  9.300864084849268e-13  8.712172932118624e-13  8.160742540338983e-13  7.644214517847403e-13  7.160379745596259e-13  6.707168929056031e-13  6.282643748128271e-13  5.884988567218105e-13  5.512502670011444e-13  5.163592985746085e-13  4.83676727586797e-13  4.530627751932898e-13  4.2438650974583013e-13  3.9752528681573976e-13  3.7236422466062816e-13  3.4879571289103917e-13  
1.7865170042682023e-12  1.6388122503433473e-12  1.5033193557402222e-12  1.3790286744986868e-12  1.265014035659252e-12  1.1604258417589788e-12  1.064484737926462e-12  9.764758044001914e-13  8.957432291949612e-13  8.216854212188807e-13  7.537505274256417e-13  6.914323205974125e-13  6.342664271155498e-13  5.818268666097854e-13  5.337228777005556e-13  4.895960061810103e-13  4.491174339408427e-13  4.119855287280134e-13  3.77923596490039e-13  3.4667781954607803e-13  
1.003469170566464e-12  9.3940125610028e-13  8.794238486316645e-13  8.232757839314309e-13  7.707125721715475e-13  7.215053333243141e-13  6.754398005324865e-13  6.323153871106538e-13  5.91944313115238e-13  5.541507876798702e-13  5.187702435557288e-13  4.856486205237352e-13  4.5464169455831594e-13  4.2561444982165896e-13  3.984404907538852e-13  3.730014916991619e-13  3.4918668167121593e-13  3.268923620147255e-13  3.060214548623059e-13  2.8648308042089913e-13  
1.1676248416148449e-12  1.069838740811105e-12  9.802420182816185e-13  8.981488309876756e-13  8.229307737885357e-13  7.540120691394531e-13  6.908651596422772e-13  6.330066697105803e-13  5.799937054367552e-13  5.314204643373839e-13  4.86915129025233e-13  4.4613702102962273e-13  4.0877399297829463e-13  3.7454003917851063e-13  3.4317310630690963e-13  3.1443308744944057e-13  2.880999841361895e-13  2.6397222230188775e-13  2.4186510928115066e-13  2.2160942002708818e-13  
1.220299069568732e-12  1.1161834450395325e-12  1.0209509406744223e-12  9.338436507872327e-13  8.541683340235298e-13  7.812908962153085e-13  7.146313439572026e-13  6.536591687423671e-13  5.978891249227806e-13  5.468773678929635e-13  5.002179217629394e-13  4.575394484084917e-13  4.185022921852789e-13  3.827957767872373e-13  3.501357327363732e-13  3.202622358265378e-13  2.9293753852263677e-13  2.67944177852363e-13  2.4508324473215597e-13  2.2417280095385407e-13  
1.6127834138967678e-12  1.4571786665885448e-12  1.316586993680903e-12  1.189559902072852e-12  1.07478865233461e-12  9.71090774978477e-13  8.773978876683498e-13  7.927446878505711e-13  7.162590073989862e-13  6.471528268088305e-13  5.84714156360155e-13  5.282997006037378e-13  4.773282305928759e-13  4.312745955762402e-13  3.8966431245524045e-13  3.5206867726196383e-13  3.1810034829203635e-13  2.87409355386148e-13  2.5967949424451837e-13  2.346250686255109e-13  
1.241559245664107e-12  1.149376155567908e-12  1.0640374606379974e-12  9.850349793288934e-13  9.118982614763254e-13  8.441917868237405e-13  7.815123715521651e-13  7.234867673696178e-13  6.697694388629405e-13  6.20040505876454e-13  5.740038386645491e-13  5.313852944750812e-13  4.919310850626338e-13  4.554062654103963e-13  4.2159333466117145e-13  3.9029094092623565e-13  3.6131268225933744e-13  3.344859966557873e-13  3.096511344667144e-13  2.866602071093437e-13  
1.3000563785579257e-12  1.1733377695183678e-12  1.058970629339516e-12  9.557510402686953e-13  8.625924323740889e-13  7.785141454618394e-13  7.026311058816843e-13  6.341445095511344e-13  5.723334131204329e-13  5.165471447603393e-13  4.661984546827662e-13  4.2075733329130696e-13  3.7974543188668457e-13  3.4273102719510943e-13  3.0932447671224655e-13  2.7917411702219677e-13  2.5196256191399407e-13  2.2740336132670796e-13  2.052379859525996e-13  1.8523310575590974e-13  
1.1428683288267451e-12  1.0644620130697786e-12  9.914347512208789e-13  9.234175140677107e-13  8.60066589593469e-13  8.010618460943553e-13  7.461051144556277e-13  6.949186814113676e-13  6.472438861739415e-13  6.028398133414942e-13  5.614820754783345e-13  5.229616792162162e-13  4.87083969146576e-13  4.5366764416689204e-13  4.225438413104557e-13  3.9355528242987136e-13  3.6655547942220885e-13  3.4140799397956964e-13  3.1798574812435823e-13  2.9617038204518033e-13  
1.0929664249262122e-12  1.0119768399739804e-12  9.369886405365665e-13  8.675571197035859e-13  8.032705236611768e-13  7.437476098442472e-13  6.88635386031364e-13  6.376070169743131e-13  5.903598861478866e-13  5.466138011253828e-13  5.061093319370493e-13  4.686062725573431e-13  4.33882216397069e-13  4.0173123735256137e-13  3.719626685900515e-13  3.4439997182297866e-13  3.18879690376651e-13  2.95250479831556e-13  2.733722104966866e-13  2.5311513639022847e-13  
1.259899870757971e-12  1.148665415886756e-12  1.0472516652140842e-12  9.547915651721826e-13  8.704946129043271e-13  7.936400977304439e-13  7.235709393124237e-13  6.596880698375271e-13  6.014453121894332e-13  5.483447103170079e-13  4.99932271877014e-13  4.557940867517848e-13  4.155527882564875e-13  3.7886432678048545e-13  3.454150282785151e-13  3.1491891246276325e-13  2.871152477672848e-13  2.617663221805285e-13  2.3865541088733465e-13  2.1758492334442565e-13  
1.1778163983428913e-12  1.0868339615068703e-12  1.0028796182041598e-12  9.254104713610968e-13  8.539255609145604e-13  7.879626243160544e-13  7.270951072761788e-13  6.709294054192446e-13  6.19102319010982e-13  5.712787043001495e-13  5.271493062862659e-13  4.864287588988964e-13  4.4885373965650104e-13  4.141812668718078e-13  3.8218712839246133e-13  3.5266443171628184e-13  3.254222661053419e-13  3.002844680473252e-13  2.7708848208092823e-13  2.5568430961874645e-13  
1.3828099143324086e-12  1.2855014967443451e-12  1.1950406784071623e-12  1.1109455933460258e-12  1.032768284523992e-12  9.600923176679934e-13  8.925305630100278e-13  8.297231331273609e-13  7.713354658970368e-13  7.170565423529946e-13  6.665972299526894e-13  6.196887424281419e-13  5.760812080173608e-13  5.35542338449411e-13  4.978561915930787e-13  4.628220211780287e-13  4.302532074611516e-13  3.999762631419852e-13  3.718299092319298e-13  3.4566421595459994e-13  
1.2088043982118532e-12  1.11273171587619e-12  1.0242946446491751e-12  9.428863256861806e-13  8.679481317316501e-13  7.989658337957412e-13  7.354660724937033e-13  6.770131098341796e-13  6.232058391670693e-13  5.736750327730849e-13  5.280808082078542e-13  4.861102960145143e-13  4.4747549280054327e-13  4.1191128494655554e-13  3.7917362938566825e-13  3.490378789698716e-13  3.2129724093199677e-13  2.957613578651857e-13  2.7225500148248293e-13  2.506168701930748e-13  
1.1430391333401586e-12  1.0552466758650381e-12  9.741972207637718e-13  8.993728638527717e-13  8.302954791849847e-13  7.665236638359121e-13  7.076499173489128e-13  6.532980378165095e-13  6.031207179587148e-13  5.567973258373732e-13  5.140318560253337e-13  4.745510381384699e-13  4.381025906441113e-13  4.044536087877593e-13  3.733890763369779e-13  3.447104916325351e-13  3.1823459916729325e-13  2.9379221858766674e-13  2.712271636349914e-13  2.5039524411886717e-13  
1.527093856452713e-12  1.4186859445399165e-12  1.3179738761508388e-12  1.2244113257775298e-12  1.1374907513877842e-12  1.0567406411984135e-12  9.817229558992143e-13  9.120307524526555e-13  8.472859765792737e-13  7.871374119538367e-13  7.312587749874251e-13  6.79346944860335e-13  6.311203192043843e-13  5.863172865148192e-13  5.44694807005213e-13  5.060270942070329e-13  4.701043901620355e-13  4.367318275633703e-13  4.057283726729272e-13  3.7692584328064747e-13  
1.2578585676315614e-12  1.1905563472784611e-12  1.126855158854559e-12  1.066562327721678e-12  1.0094954883743898e-12  9.554820328457916e-13  9.043585886265432e-13  8.559705245180585e-13  8.101714829252144e-13  7.668229371739228e-13  7.257937725146032e-13  6.869598895442296e-13  6.502038288474361e-13  6.154144157213515e-13  5.824864239095685e-13  5.513202573281648e-13  5.21821648821094e-13  4.939013750337931e-13  4.674749865425871e-13  4.4246255242362846e-13  
1.4218855870726425e-12  1.2959839534102172e-12  1.1812303484661234e-12  1.0766376639663097e-12  9.813061956764277e-13  8.944159041635355e-13  8.15219360832872e-13  7.430353185616471e-13  6.772428516245639e-13  6.172760145028258e-13  5.626189736318106e-13  5.128015702107975e-13  4.673952759061222e-13  4.2600950665880063e-13  3.88288262888062e-13  3.5390706718989165e-13  3.2257017318872286e-13  2.9400802153287594e-13  2.6797492115026723e-13  2.442469358185933e-13  
9.851316482453526e-13  9.140721795786687e-13  8.481383690879098e-13  7.86960493044073e-13  7.301954966123921e-13  6.77525070172941e-13  6.28653864399988e-13  5.833078340911587e-13  5.412327014594348e-13  5.021925302709006e-13  4.659684028327167e-13  4.3235719241253375e-13  4.0117042420568986e-13  3.722332184630674e-13  3.453833098532005e-13  3.2047013755970763e-13  2.9735400101177253e-13  2.759052765134335e-13  2.5600369037893127e-13  2.3753764449822224e-13  
1.350327014431382e-12  1.214183407743257e-12  1.0917661661829568e-12  9.816913606464585e-13  8.827145934896064e-13  7.937169305905028e-13  7.136922517792575e-13  6.417358766314838e-13  5.770343370399307e-13  5.18856180942988e-13  4.665437032460572e-13  4.195055104536992e-13  3.772098349555979e-13  3.3917852338422074e-13  3.0498163108245085e-13  2.7423256157155423e-13  2.4658369607107663e-13  2.217224636623172e-13  1.9936780766850533e-13  1.792670083040458e-13  
1.8285198170999823e-12  1.6522819160690212e-12  1.4930303213768448e-12  1.3491278448740986e-12  1.2190950952262806e-12  1.1015952690113422e-12  9.954204076942227e-13  8.994789791929743e-13  8.127846563685949e-13  7.344461770756796e-13  6.636581815300159e-13  5.996929327965488e-13  5.418928352800852e-13  4.896636743049836e-13  4.424685072832307e-13  3.998221436689855e-13  3.612861569506811e-13  3.264643774014093e-13  2.9499881925074374e-13  2.665660004072386e-13  
1.50385776544879e-12  1.3691627181018123e-12  1.2465318141842435e-12  1.1348845124323023e-12  1.0332370517166258e-12  9.406937827991096e-13  8.564392764726281e-13  7.797311385458566e-13  7.098934683636606e-13  6.463109032239193e-13  5.884231962141847e-13  5.357202796917055e-13  4.87737770909516e-13  4.4405288018718016e-13  4.0428068557173745e-13  3.680707411636617e-13  3.3510398922267515e-13  3.0508994884496737e-13  2.777641564403271e-13  2.5288583545638877e-13  
1.428642586897959e-12  1.2879696095310305e-12  1.1611481628007772e-12  1.046814339405527e-12  9.437385307847607e-13  8.508122032351639e-13  7.670359761320056e-13  6.915088740425139e-13  6.234186371425825e-13  5.620329857297256e-13  5.066917448860687e-13  4.567997445956849e-13  4.1182041896025407e-13  3.7127003567549994e-13  3.347124937090369e-13  3.017546332310035e-13  2.7204200735790773e-13  2.452550702367016e-13  2.2110574047365414e-13  1.9933430294925252e-13  
1.3948068209940804e-12  1.2641690335708455e-12  1.1457667982297804e-12  1.038454131578878e-12  9.411923831789847e-13  8.530401827255387e-13  7.731443287785717e-13  7.007315308554369e-13  6.351009249602001e-13  5.756172901095196e-13  5.217049001995874e-13  4.728419517080107e-13  4.285555132978556e-13  3.8841694844243035e-13  3.520377667676232e-13  3.1906586395805543e-13  2.8918211383410904e-13  2.620972796154625e-13  2.375492144760834e-13  2.1530032429560248e-13  
1.508259317090453e-12  1.382502798477424e-12  1.2672316796855454e-12  1.1615717029775493e-12  1.0647215049839746e-12  9.75946538874364e-13  8.945735032891875e-13  8.199852357795078e-13  7.516160320243882e-13  6.889473553253022e-13  6.315039038368021e-13  5.788500057059075e-13  5.305863147796466e-13  4.863467818198091e-13  4.457958782535082e-13  4.0862605140347674e-13  3.745553918976432e-13  3.433254955667846e-13  3.1469950361411403e-13  2.8846030619274247e-13  
9.95895092962555e-13  9.360938417134766e-13  8.798835205495312e-13  8.270485022286961e-13  7.773861074378705e-13  7.307058272989834e-13  6.868285925618551e-13  6.45586086680378e-13  6.068201001369196e-13  5.703819235380886e-13  5.361317771537279e-13  5.03938274710805e-13  4.736779193852656e-13  4.4523463005844094e-13  4.1849929602068553e-13  3.93369358414058e-13  3.697484168084222e-13  3.4754585940176483e-13  3.266765154261507e-13  3.0706032842591284e-13  
1.4951522211493137e-12  1.383747436010802e-12  1.2806434954125321e-12  1.1852218979140536e-12  1.0969102270280774e-12  1.015178717400005e-12  9.395370768437e-13  8.695315451694871e-13  8.0474217216083e-13  7.447802983707744e-13  6.892862236259215e-13  6.379270492517201e-13  5.903946810749849e-13  5.464039812240226e-13  5.056910576393607e-13  4.68011681034165e-13  4.331398198079909e-13  4.008662841250819e-13  3.709974710232964e-13  3.4335420302580053e-13  
1.2536140546589604e-12  1.1629898000707051e-12  1.0789168085997984e-12  1.0009214868508765e-12  9.285644776819695e-13  8.614381852522363e-13  7.991644789849745e-13  7.413925635120522e-13  6.877970026008962e-13  6.380758859325773e-13  5.919491284042315e-13  5.491568923755801e-13  5.094581239718718e-13  4.726291951980621e-13  4.384626442150934e-13  4.0676600668210247e-13  3.7736073158135767e-13  3.500811754186416e-13  3.247736691332838e-13  3.0129565246163483e-13  
1.6369184142755048e-12  1.4729650084806966e-12  1.3254331414976528e-12  1.192678035435734e-12  1.0732196530136037e-12  9.657261971742781e-13  8.689992633752778e-13  7.819604790222924e-13  7.036394810943731e-13  6.331630979276691e-13  5.697456145494405e-13  5.126800130341807e-13  4.613300902238349e-13  4.1512336493551293e-13  3.7354469558179185e-13  3.361305370488353e-13  3.0246377280439615e-13  2.721690646208021e-13  2.4490866806871266e-13  2.203786671301456e-13  
1.566255448108493e-12  1.4244819183933924e-12  1.295541374352597e-12  1.1782722061873813e-12  1.071617950115601e-12  9.746177708169905e-13  8.863978053837297e-13  8.061632907949796e-13  7.33191403992752e-13  6.668247500562208e-13  6.064654398102259e-13  5.51569703513856e-13  5.01642992104483e-13  4.562355218649475e-13  4.1493822237633676e-13  3.773790512519547e-13  3.432196424523632e-13  3.121522579865721e-13  2.838970155376217e-13  2.581993670365686e-13  
1.1580582235278948e-12  1.0793624358901193e-12  1.0060144164958642e-12  9.376507580263277e-13  8.739327484885612e-13  8.145446930458579e-13  7.591923498880704e-13  7.076014723922843e-13  6.595164503508867e-13  6.146990435349136e-13  5.729272013180338e-13  5.339939625129274e-13  4.977064299692241e-13  4.638848148525901e-13  4.3236154586977716e-13  4.029804390262415e-13  3.7559592380283853e-13  3.500723219176434e-13  3.2628317509947373e-13  3.0411061854252893e-13  
1.6913825956418514e-12  1.5355988739509227e-12  1.3941635131846059e-12  1.2657549666563265e-12  1.1491734078992598e-12  1.043329519702658e-12  9.47234315726877e-13  8.599898995921021e-13  7.807810750953444e-13  7.088677291630837e-13  6.435779163672295e-13  5.843015803873539e-13  5.304848537536668e-13  4.816248826085498e-13  4.372651281301465e-13  3.969911007153586e-13  3.6042648706320744e-13  3.2722963397073103e-13  2.9709035598662956e-13  2.697270370939476e-13  
1.2435588662774919e-12  1.1424728309847629e-12  1.049603846616041e-12  9.64283968032394e-13  8.858995458164017e-13  8.138868126980435e-13  7.47727828749854e-13  6.869467561878276e-13  6.311064369851713e-13  5.798052486839528e-13  5.326742157905754e-13  4.893743559792607e-13  4.495942420165353e-13  4.130477618712602e-13  3.794720609001539e-13  3.486256513083156e-13  3.2028667528734524e-13  2.942513093389649e-13  2.703322983074976e-13  2.483576085774671e-13  
1.1265614634335293e-12  1.0392509502672789e-12  9.587071568555994e-13  8.844056504059619e-13  8.15862642598175e-13  7.526318395656313e-13  6.943015360085973e-13  6.404919345188837e-13  5.908526726616121e-13  5.450605417125315e-13  5.028173821972464e-13  4.638481425298871e-13  4.278990881107305e-13  3.947361492219348e-13  3.641433969642855e-13  3.359216373115515e-13  3.0988711412812187e-13  2.8587031270507975e-13  2.637148560243537e-13  2.4327648656435593e-13  
1.795747400160424e-12  1.6402607205851787e-12  1.498237018889325e-12  1.3685105889565828e-12  1.250016658562245e-12  1.141782649905892e-12  1.0429201968600839e-12  9.526178534139796e-13  8.701344334640439e-13  7.947929272859895e-13  7.259749447554021e-13  6.631156397079576e-13  6.056990737792562e-13  5.532539816714662e-13  5.053499030888131e-13  4.615936495935097e-13  4.2162607738268406e-13  3.851191394978165e-13  3.517731932717261e-13  3.2131454091309515e-13  
1.1801566184149282e-12  1.0941262629286482e-12  1.0143672971457421e-12  9.40422553028378e-13  8.718681889025302e-13  8.083112600525221e-13  7.493874664129289e-13  6.94759064447894e-13  6.441129312490265e-13  5.971587697555381e-13  5.536274448091774e-13  5.132694405064394e-13  4.758534300057992e-13  4.4116494959228583e-13  4.090051693993087e-13  3.7918975374167494e-13  3.5154780452737e-13  3.259208816918811e-13  3.021620950403147e-13  2.8013526229186855e-13  
1.2127793456687515e-12  1.1160743224732195e-12  1.0270803982048314e-12  9.451827025631683e-13  8.698153939906554e-13  8.004577502015341e-13  7.366305704456006e-13  6.778928646494989e-13  6.238388065604186e-13  5.740949298410868e-13  5.283175477435165e-13  4.861903785337121e-13  4.4742236026108807e-13  4.117456397745685e-13  3.789137220912224e-13  3.486997673311903e-13  3.20895023452208e-13  2.953073839552929e-13  2.7176006059659807e-13  2.500903619350318e-13  
1.6818412702370964e-12  1.5790664459984094e-12  1.4825720387552005e-12  1.3919742615447643e-12  1.3069127800561626e-12  1.2270492794734767e-12  1.1520661188971424e-12  1.0816650679916024e-12  1.0155661208345425e-12  9.53506382250044e-13  8.952390221962625e-13  8.405322940489243e-13  7.891686128760628e-13  7.409436900380166e-13  6.956657206707374e-13  6.531546208207882e-13  6.132413111978894e-13  5.757670446962831e-13  5.405827750102702e-13  5.075485638327137e-13  
1.0992763118603832e-12  1.0347422223276264e-12  9.73996669550268e-13  9.16817243777881e-13  8.629945920416615e-13  8.123316516433105e-13  7.646429286427008e-13  7.19753818702629e-13  6.774999678040402e-13  6.377266704910905e-13  6.002883034428192e-13  5.650477922975506e-13  5.318761097778893e-13  5.006518032787786e-13  4.712605501889617e-13  4.435947393177334e-13  4.1755307689444053e-13  3.9304021569816795e-13  3.699664059597288e-13  3.48247166757793e-13  
1.1331448488073751e-12  1.060492459922262e-12  9.924982306857312e-13  9.288634998748743e-13  8.693087551437633e-13  8.135724052795682e-13  7.614096311763469e-13  7.125913104794681e-13  6.669030111772247e-13  6.241440497190351e-13  5.841266095230685e-13  5.466749160013811e-13  5.116244644789027e-13  4.788212976149481e-13  4.4812132915336147e-13  4.193897110309036e-13  3.925002410639338e-13  3.6733480861168325e-13  3.4378287578122197e-13  3.217409918953378e-13  
1.2741512662998944e-12  1.1822552374073185e-12  1.096987055890156e-12  1.0178686993424205e-12  9.444566219246017e-13  8.763392677989732e-13  8.131347639042225e-13  7.544887791348502e-13  7.00072537923674e-13  6.495809770913742e-13  6.027310356301799e-13  5.592600678340483e-13  5.189243708791742e-13  4.81497818600294e-13  4.4677059380358727e-13  4.145480120093905e-13  3.8464943003049986e-13  3.5690723326743834e-13  3.311658960433586e-13  3.0728110971071806e-13  
1.4271953754959414e-12  1.3292836823021867e-12  1.2380891490913368e-12  1.153150950023656e-12  1.0740398738785495e-12  1.0003561551567784e-12  9.317274539783161e-13  8.678069745678344e-13  8.082717128201145e-13  7.52820824089948e-13  7.011741029586167e-13  6.530705672948793e-13  6.082671394554164e-13  5.665374179605538e-13  5.276705334382718e-13  4.914700830553383e-13  4.577531380510135e-13  4.263493193581771e-13  3.970999366407913e-13  3.698571863970681e-13  
1.4052595230566225e-12  1.3246201875101216e-12  1.248608255180385e-12  1.1769581874145284e-12  1.1094196832151884e-12  1.0457568048437337e-12  9.8574715359981e-13  9.291810928979104e-13  8.758610159268752e-13  8.256006553339795e-13  7.782244325220701e-13  7.335668442866024e-13  6.914718846498608e-13  6.517924998726158e-13  6.143900747393596e-13  5.791339483225235e-13  5.45900957534054e-13  5.145750068697999e-13  4.850466628436659e-13  4.572127716947319e-13  
1.6434258826054663e-12  1.4982511887367765e-12  1.365900737179796e-12  1.2452416776664325e-12  1.1352412320965012e-12  1.0349578545002818e-12  9.435331719001327e-13  8.60184637089184e-13  7.841988304387532e-13  7.149253534014796e-13  6.517712614417747e-13  5.941959887424004e-13  5.417067212453334e-13  4.938541784225778e-13  4.5022876767110126e-13  4.1045707841554086e-13  3.7419868591003705e-13  3.411432373814238e-13  3.110077955726912e-13  2.835344169488492e-13  
1.2127133110349483e-12  1.1112851890296442e-12  1.0183402458926771e-12  9.331689710633725e-13  8.55121195560847e-13  7.836011288118085e-13  7.180628105848985e-13  6.580059433131764e-13  6.029720729900851e-13  5.525410894851411e-13  5.063280195639292e-13  4.639800881313911e-13  4.2517402526492493e-13  3.8961359848008673e-13  3.5702735139103757e-13  3.271665315034284e-13  2.9980319132118676e-13  2.7472844827169077e-13  2.5175089016618246e-13  2.3069511402323914e-13  
1.3595589330262741e-12  1.2572338129298004e-12  1.162610036223753e-12  1.0751079730971797e-12  9.941916186887902e-13  9.193653097219598e-13  8.501706882571662e-13  7.861838939629497e-13  7.27012967706296e-13  6.722954505578113e-13  6.216961635040946e-13  5.749051542666567e-13  5.316357986503666e-13  4.916230447909999e-13  4.546217895468028e-13  4.2040537708846073e-13  3.887642104903896e-13  3.595044678184834e-13  3.324469148495498e-13  3.074258071495976e-13  
1.1097360054661173e-12  1.0214164547679616e-12  9.401259118672484e-13  8.6530496550989e-13  7.964387257967638e-13  7.330532809031046e-13  6.747124357937514e-13  6.210147104912972e-13  5.715905772403451e-13  5.2609991755506e-13  4.842296816503655e-13  4.456917341498623e-13  4.102208712454329e-13  3.7757299566336154e-13  3.4752343687776715e-13  3.198654050116825e-13  2.9440856778610334e-13  2.709777407240989e-13  2.494116815964585e-13  2.295619808126955e-13  
1.5765119816551487e-12  1.4628355956232979e-12  1.3573559888685034e-12  1.2594821222764683e-12  1.1686655743541367e-12  1.0843974682323304e-12  1.0062056202507368e-12  9.336518941477776e-13  8.663297460299542e-13  8.038619463642752e-13  7.458984662292989e-13  6.921145159807084e-13  6.422087253413825e-13  5.95901454718368e-13  5.529332282844731e-13  5.130632800444905e-13  4.760682047391491e-13  4.417407060273407e-13  4.09888434932245e-13  3.803329120427644e-13  
1.2506652391036488e-12  1.1517816804647806e-12  1.0607163275802304e-12  9.768510358154592e-13  8.996165339988686e-13  8.284885602527298e-13  7.629843033437448e-13  7.026591253974063e-13  6.471035437301906e-13  5.959404513124914e-13  5.488225569950108e-13  5.054300281230602e-13  4.65468319537019e-13  4.2866617422236863e-13  3.9477378203787283e-13  3.635610840234886e-13  3.348162107777808e-13  3.08344044304667e-13  2.8396489356741723e-13  2.6151327475967105e-13  
1.1820624784394836e-12  1.106362044801928e-12  1.035509540742917e-12  9.691945001254784e-13  9.071263393667585e-13  8.490330841398715e-13  7.946601776190004e-13  7.43769365045649e-13  6.961376497283547e-13  6.515563159011996e-13  6.098300141594139e-13  5.707759054645768e-13  5.342228599685568e-13  5.000107071455492e-13  4.679895339463894e-13  4.380190278997475e-13  4.099678622817629e-13  3.837131206600155e-13  3.591397582902617e-13  3.361400980058485e-13  
1.4136858892097e-12  1.2888110603623394e-12  1.1749667744373354e-12  1.0711786727245696e-12  9.765584643441902e-13  8.902963236344213e-13  8.116539590993732e-13  7.39958294596081e-13  6.745957086799644e-13  6.150067828050179e-13  5.606815134301672e-13  5.111549470536633e-13  4.66003200817099e-13  4.2483983462060336e-13  3.8731254369924683e-13  3.5310014335342653e-13  3.21909820026448e-13  2.934746252021156e-13  2.675511906733571e-13  2.439176456275614e-13  
1.6253822235869537e-12  1.491050829990973e-12  1.367821393241559e-12  1.2547763806419707e-12  1.1510740899334006e-12  1.0559423822100655e-12  9.686729327840065e-13  8.88615957193108e-13  8.151753730836372e-13  7.478043619439981e-13  6.860012976435867e-13  6.293060114617614e-13  5.772963657973525e-13  5.295851110474913e-13  4.85817002252935e-13  4.456661540412209e-13  4.0883361417327435e-13  3.750451376267673e-13  3.4404914464265636e-13  3.1561484753107567e-13  
1.1239180836840604e-12  1.0311683300015185e-12  9.460726188449003e-13  8.679993111568211e-13  7.963688930016828e-13  7.306496740135595e-13  6.703538408236054e-13  6.150338361727922e-13  5.642790368332607e-13  5.177127056795224e-13  4.749891952856849e-13  4.357913822918687e-13  3.99828313495916e-13  3.6683304619805764e-13  3.365606667680897e-13  3.0878647272749684e-13  2.833043048526831e-13  2.5992501691902924e-13  2.3847507172716297e-13  2.1879525299017885e-13  
1.2838459583831497e-12  1.16930012334384e-12  1.0649741657276574e-12  9.699562593253999e-13  8.834159318425329e-13  8.045968064333043e-13  7.328099908413986e-13  6.674280563671182e-13  6.078795540362653e-13  5.536440200411294e-13  5.04247426800303e-13  4.592580398788339e-13  4.1828264455750677e-13  3.8096310907084265e-13  3.469732544759442e-13  3.160160037943226e-13  2.8782078550972896e-13  2.6214116872813146e-13  2.3875270933074404e-13  2.1745098829512273e-13  
1.2895736324346182e-12  1.1964575823008449e-12  1.1100651488528016e-12  1.0299108409074793e-12  9.55544223071006e-13  8.865473844705329e-13  8.225325902610139e-13  7.631401027092877e-13  7.080361596108126e-13  6.56911098678561e-13  6.094776173638859e-13  5.654691583302402e-13  5.246384115067541e-13  4.86755924303804e-13  4.5160881218054006e-13  4.1899956231826895e-13  3.8874492367681453e-13  3.606748771964128e-13  3.3463168035808374e-13  3.1046898073328965e-13  
1.3451194341190837e-12  1.2310735928133007e-12  1.1266971188434092e-12  1.0311701956899648e-12  9.437425149101333e-13  8.637273829010948e-13  7.904963273210318e-13  7.234741608042723e-13  6.621344631989412e-13  6.059954468427245e-13  5.546161724008879e-13  5.075930855441615e-13  4.64556847264106e-13  4.251694329299328e-13  3.891214773015524e-13  3.5612984464547716e-13  3.259354048682465e-13  2.9830099820019935e-13  2.7300957244336595e-13  2.498624781526449e-13  
1.2006360967762457e-12  1.1060867659483142e-12  1.0189831349323514e-12  9.387388595923966e-13  8.64813770021166e-13  7.967102343488412e-13  7.339698088996088e-13  6.761701521462472e-13  6.229221816888317e-13  5.738674551195619e-13  5.286757571428231e-13  4.870428767080119e-13  4.486885591917401e-13  4.133546198443928e-13  3.808032058015707e-13  3.5081519496103085e-13  3.231887209470505e-13  2.977378142329127e-13  2.7429115027413363e-13  2.526908962254032e-13  
1.335664911025703e-12  1.2115130175965187e-12  1.0989012136874034e-12  9.967568320803806e-13  9.041069114530404e-13  8.200689285781973e-13  7.438423919783553e-13  6.747012169615705e-13  6.119868094082363e-13  5.551017924294114e-13  5.035043161409e-13  4.567028963516693e-13  4.1425173300328884e-13  3.757464637668722e-13  3.408203123490336e-13  3.0914059481811153e-13  2.8040555067218186e-13  2.543414684636656e-13  2.3070007860108835e-13  2.092561884935076e-13  
1.1611254577037402e-12  1.0731867792371571e-12  9.91908200348222e-13  9.167853135662103e-13  8.473519130859364e-13  7.831771015369157e-13  7.238626158734568e-13  6.690403557904148e-13  6.183700993261616e-13  5.715373914760276e-13  5.282515927131311e-13  4.88244075305901e-13  4.512665562387969e-13  4.170895563904902e-13  3.855009764072997e-13  3.563047804338883e-13  3.2931977953256734e-13  3.043785072412232e-13  2.813261802916801e-13  2.6001973803880996e-13  
1.0698146323860786e-12  9.879736543465334e-13  9.12393523264681e-13  8.42595283419724e-13  7.781366192745397e-13  7.186090524961943e-13  6.636353534048033e-13  6.1286715044694e-13  5.659827225446812e-13  5.226849603302785e-13  4.826994833466796e-13  4.4577290128248996e-13  4.116712082227163e-13  3.8017829973956754e-13  3.510946034260281e-13  3.242358141938177e-13  2.9943172632124317e-13  2.7652515484956395e-13  2.5537093949269474e-13  2.3583502474796426e-13  
1.1903420107088647e-12  1.1181651091128578e-12  1.0503646850981951e-12  9.86675369057752e-13  9.268478821850708e-13  8.706480608017179e-13  8.178559398449706e-13  7.682648919286269e-13  7.21680818607231e-13  6.77921390678345e-13  6.368153345494173e-13  5.982017618761066e-13  5.619295398482729e-13  5.278566996589518e-13  4.958498808410653e-13  4.657838092970185e-13  4.3754080697819433e-13  4.110103312952465e-13  3.8608854245644633e-13  3.6267789704065536e-13  
1.4255484238214884e-12  1.2837193246993739e-12  1.1560009306376085e-12  1.0409893548560278e-12  9.374203845371143e-13  8.441555845374098e-13  7.601697836532195e-13  6.84539805889034e-13  6.164343228622249e-13  5.551047158011547e-13  4.998768466913403e-13  4.5014364811771263e-13  4.0535845035015364e-13  3.6502897232331823e-13  3.2871191045929374e-13  2.960080658531783e-13  2.665579562593614e-13  2.400378646452505e-13  2.1615628087795288e-13  1.9465069743076034e-13  
1.1957269607404364e-12  1.1215268438535213e-12  1.0519311705618418e-12  9.866542148893318e-13  9.254279814134038e-13  8.680011050061214e-13  8.141378188512759e-13  7.636169865005397e-13  7.162311939947925e-13  6.717858983233129e-13  6.300986287248217e-13  5.909982375513088e-13  5.543241976190543e-13  5.199259431621091e-13  4.8766225168251e-13  4.574006641594088e-13  4.29016941236774e-13  4.0239455315703777e-13  3.7742420134660336e-13  3.540033696890759e-13  
1.0435847305139724e-12  9.751965502343233e-13  9.112899832489377e-13  8.51571340536742e-13  7.957661791015732e-13  7.436180407419374e-13  6.948872734716911e-13  6.493499301753677e-13  6.067967394368068e-13  5.670321438114284e-13  5.298734011224344e-13  4.951497446508559e-13  4.627015983600151e-13  4.323798435478861e-13  4.040451335571831e-13  3.7756725339385925e-13  3.5282452131107557e-13  3.2970322960856175e-13  3.080971220775059e-13  2.879069056895176e-13  
1.2740631378985055e-12  1.1767324033787537e-12  1.0868371495666377e-12  1.0038093506106483e-12  9.271243744061854e-13  8.562976675751872e-13  7.908816936933003e-13  7.304631054180256e-13  6.746601326491995e-13  6.231201702182553e-13  5.755175498634648e-13  5.315514824128253e-13  4.90944157171755e-13  4.534389865060969e-13  4.1879898452838784e-13  3.868052696427121e-13  3.572556814860889e-13  3.299635035271928e-13  3.0475628325082154e-13  2.8147474247315007e-13  
1.8063966265108805e-12  1.6232793651465607e-12  1.4587249879890927e-12  1.310851746329972e-12  1.177968647280886e-12  1.0585561165568042e-12  9.51248621503107e-13  8.548190556537245e-13  7.681647062511289e-13  6.902946442608494e-13  6.203183926800105e-13  5.574357435572178e-13  5.009276072771226e-13  4.501477894673734e-13  4.0451560149341554e-13  3.635092200390332e-13  3.2665971983663303e-13  2.9354571130902687e-13  2.637885218018827e-13  2.370478653022056e-13  
1.4089890230103225e-12  1.2957159282393479e-12  1.1915492166902818e-12  1.0957567973440522e-12  1.0076654342997118e-12  9.266560152248904e-13  8.521592001905169e-13  7.836514203095154e-13  7.206511980576218e-13  6.627157634152759e-13  6.094379420485956e-13  5.604432936593494e-13  5.153874803920464e-13  4.739538468031251e-13  4.358511943840897e-13  4.0081173499779064e-13  3.685892088444475e-13  3.389571537303532e-13  3.1170731347555316e-13  2.866481742746769e-13  
1.2727068414758969e-12  1.1907790964477064e-12  1.1141252724723959e-12  1.0424058723105083e-12  9.753032531217032e-13  9.12520219635171e-13  8.537787078816535e-13  7.988185536573621e-13  7.473963402653649e-13  6.992843204311231e-13  6.542694076173794e-13  6.121522322709649e-13  5.727462588216713e-13  5.358769595224104e-13  5.01381041471619e-13  4.69105723394425e-13  4.389080589794568e-13  4.106543037743797e-13  3.842193228361605e-13  3.5948603651256274e-13  
1.3505997046115262e-12  1.2305853559181877e-12  1.121235487487289e-12  1.0216024531373002e-12  9.308228145677392e-13  8.481098586431865e-13  7.727467795917677e-13  7.040804670337801e-13  6.415158460063637e-13  5.845107199338278e-13  5.325710718518598e-13  4.852467831651551e-13  4.4212773283643135e-13  4.0284024320167777e-13  3.6704384161041477e-13  3.344283098267431e-13  3.0471099562074377e-13  2.7763436325198366e-13  2.529637616171637e-13  2.3048539072026413e-13  
1.4812561070369445e-12  1.3395222691374936e-12  1.21135021890614e-12  1.095442298087944e-12  9.906250147243143e-13  8.958371623137416e-13  8.10119075789415e-13  7.326029155375091e-13  6.625038810881824e-13  5.991122655236447e-13  5.417862701593715e-13  4.899455067518043e-13  4.4306512144663647e-13  4.006704809765049e-13  3.623323673093032e-13  3.2766263209607974e-13  2.963102669226379e-13  2.67957849578708e-13  2.423183303654874e-13  2.1913212590501123e-13  
1.9108254768514346e-12  1.7090256963296934e-12  1.528537726808988e-12  1.3671108557911711e-12  1.2227320655825879e-12  1.0936009306565248e-12  9.781071660723834e-13  8.748105469769621e-13  7.82422948780949e-13  6.997922840488997e-13  6.25888135793263e-13  5.597889080174431e-13  5.006703332732106e-13  4.477951939199496e-13  4.005041289082796e-13  3.5820741144723967e-13  3.2037759502129175e-13  2.8654293605185473e-13  2.562815111829548e-13  2.292159558326471e-13  
1.6428117933580801e-12  1.4651259421839055e-12  1.3066585199467144e-12  1.165330869238699e-12  1.039289159386494e-12  9.268800692836024e-13  8.266291003577073e-13  7.372212351985689e-13  6.574836881408083e-13  5.863705215365977e-13  5.229489259260012e-13  4.663869841384746e-13  4.159427588241399e-13  3.709545602732105e-13  3.3083226686408335e-13  2.950495842882144e-13  2.6313714201406126e-13  2.346763364346622e-13  2.0929383993785205e-13  1.866567038731958e-13  
1.4313200053759375e-12  1.3386835946151232e-12  1.2520427016745132e-12  1.1710092908601816e-12  1.095220440522439e-12  1.0243367176506773e-12  9.580406576659995e-13  8.960353426031405e-13  8.380430713138211e-13  7.838041157358258e-13  7.330755576575434e-13  6.856302007682286e-13  6.412555531214202e-13  5.997528754543066e-13  5.609362911007803e-13  5.246319535117788e-13  4.906772676545092e-13  4.589201618034675e-13  4.292184064618454e-13  4.014389773629987e-13  
1.1539413535569287e-12  1.0635669838823288e-12  9.802705533672066e-13  9.034977320292269e-13  8.327376038971658e-13  7.675192669127376e-13  7.074086991212803e-13  6.520058702960974e-13  6.009420797745786e-13  5.538775027896519e-13  5.104989289676271e-13  4.7051767794235e-13  4.3366767821426723e-13  3.9970369646939425e-13  3.6839970557446426e-13  3.395473803874219e-13  3.1295471137301603e-13  2.8844472679723803e-13  2.6585431499692424e-13  2.450331388868384e-13  
1.4094571841622801e-12  1.2982718751658715e-12  1.195857441280489e-12  1.101521990286671e-12  1.0146282100196558e-12  9.34589062810967e-13  8.608638195748182e-13  7.929544067464008e-13  7.304020413926678e-13  6.727841317630686e-13  6.197114223409534e-13  5.708253641081624e-13  5.257956922568135e-13  4.843181949837757e-13  4.4611265829423105e-13  4.1092097292981597e-13  3.7850539063210917e-13  3.486469179611209e-13  3.211438368177283e-13  2.9581034167499085e-13  
1.4028244081601351e-12  1.291982328772745e-12  1.1898982710532513e-12  1.095880232975354e-12  1.0092908900212788e-12  9.295432749199468e-13  8.560967987441986e-13  7.884535863950853e-13  7.261551016324076e-13  6.687790387734345e-13  6.159364599894149e-13  5.67269158794338e-13  5.224472318536979e-13  4.811668426531706e-13  4.431481618676745e-13  4.0813347046910167e-13  3.758854127141619e-13  3.4618538716978946e-13  3.1883206486927817e-13  2.936400245541e-13  
1.2070302929606923e-12  1.1096143340546559e-12  1.0200605382649281e-12  9.377343729177907e-13  8.620525166547911e-13  7.92478726314118e-13  7.285200373841474e-13  6.69723271107504e-13  6.156718234867528e-13  5.659827134402469e-13  5.20303869192866e-13  4.783116336743872e-13  4.3970847125001146e-13  4.0422085953410394e-13  3.7159735134960857e-13  3.4160679310117174e-13  3.140366869382684e-13  2.8869168510345326e-13  2.6539220579745355e-13  2.439731607538268e-13  
1.4445598470707074e-12  1.3183019944907286e-12  1.2030793685719599e-12  1.097927465127327e-12  1.0019660798537056e-12  9.143919403282034e-13  8.344719819849143e-13  7.615372117867663e-13  6.949771082265603e-13  6.342345107807973e-13  5.788009560369922e-13  5.282124214541862e-13  4.820454411285786e-13  4.3991356105017304e-13  4.0146410417814666e-13  3.6637521825606924e-13  3.343531816548622e-13  3.0512994469127777e-13  2.784608858407983e-13  2.5412276406268626e-13  
1.1433044122340765e-12  1.0604300657040023e-12  9.835630058066857e-13  9.122677842496328e-13  8.46140516943462e-13  7.848065960174649e-13  7.279185676835699e-13  6.751541639269152e-13  6.262144768726453e-13  5.808222654868053e-13  5.387203850188751e-13  4.996703302888069e-13  4.634508845663554e-13  4.2985686638866835e-13  3.986979672169114e-13  3.6979767334731547e-13  3.429922659693143e-13  3.181298937061548e-13  2.950697123839632e-13  2.7368108715609923e-13  
1.5050290267405354e-12  1.3927850915024991e-12  1.288912224711565e-12  1.1927861183657243e-12  1.1038290248851927e-12  1.021506284671068e-12  9.453231126360525e-13  8.748216243933061e-13  8.095780842299017e-13  7.492003583243531e-13  6.933255579012715e-13  6.416178581577755e-13  5.937664798527345e-13  5.494838214275714e-13  5.085037304320919e-13  4.705799038660815e-13  4.3548440782222235e-13  4.03006307532932e-13  3.729503995872809e-13  3.451360386982192e-13  
1.5553804511464724e-12  1.4133196944273518e-12  1.2842340645234956e-12  1.1669384775330562e-12  1.060356089255763e-12  9.635084091139894e-13  8.755063170193656e-13  7.955419007143613e-13  7.228810386507124e-13  6.568566603110406e-13  5.96862622099361e-13  5.423481425774572e-13  4.928127459592392e-13  4.4780166744131563e-13  4.069016781879425e-13  3.6973729164119673e-13  3.3596731632801203e-13  3.0528172351676795e-13  2.7739880096663403e-13  2.520625666393673e-13  
1.282378204627093e-12  1.167228230307547e-12  1.0624180422834547e-12  9.670191889310327e-13  8.801865880882123e-13  8.01151040970317e-13  7.292124182918099e-13  6.637334582339901e-13  6.041341213184874e-13  5.498864521797135e-13  5.00509902719741e-13  4.555670752161995e-13  4.14659847673892e-13  3.7742584709690904e-13  3.43535239440036e-13  3.126878078035302e-13  2.846102929887163e-13  2.590539728559522e-13  2.3579245904192597e-13  2.1461969151870064e-13  
1.4755235574974013e-12  1.3316709925653306e-12  1.2018429820582897e-12  1.0846722363008144e-12  9.789247661844302e-13  8.834868873544912e-13  7.973534913920762e-13  7.196174604683585e-13  6.494601139913886e-13  5.861425866337132e-13  5.289980469381303e-13  4.774246745514682e-13  4.30879322125803e-13  3.888717951371343e-13  3.509596893791657e-13  3.167437317630199e-13  2.85863575354303e-13  2.5799400436275935e-13  2.328415091171902e-13  2.1014119495482487e-13  
1.62072656671302e-12  1.4979321377934357e-12  1.3844412348870443e-12  1.279548975882827e-12  1.182603884097957e-12  1.093003842012879e-12  1.0101923515718464e-12  9.336550778219794e-13  8.629166544236788e-13  7.975377311917034e-13  7.371122453294438e-13  6.812648994082682e-13  6.296488304278866e-13  5.819434554804747e-13  5.378524806381603e-13  4.971020606972505e-13  4.594390983495272e-13  4.246296722169152e-13  3.9245758398618093e-13  3.6272301562004385e-13  
1.3833330136515593e-12  1.2405166994539184e-12  1.1124448462065435e-12  9.975952249544634e-13  8.946027627756855e-13  8.022433178771692e-13  7.19419129761781e-13  6.451457715306791e-13  5.785404492395615e-13  5.188115092379508e-13  4.652490287784605e-13  4.1721637805845936e-13  3.741426534027364e-13  3.3551589164993456e-13  3.0087698509070137e-13  2.698142246320863e-13  2.419584063296432e-13  2.1697844312474648e-13  1.9457742962936256e-13  1.7448911318532513e-13  
1.361173936736564e-12  1.2520148768474429e-12  1.151609804993418e-12  1.059256696930268e-12  9.743098271015798e-13  8.961752537772277e-13  8.243066662602237e-13  7.582015651259548e-13  6.973977487863334e-13  6.414700818132044e-13  5.900275224253819e-13  5.427103883557432e-13  4.991878419815407e-13  4.591555771341646e-13  4.2233369141471105e-13  3.884647291387648e-13  3.573118812268111e-13  3.286573294540638e-13  3.02300723482833e-13  2.780577800289623e-13  
1.4928953985095478e-12  1.3695299806769859e-12  1.2563588646904854e-12  1.1525396443720877e-12  1.0572995257820604e-12  9.699295748112865e-13  8.897794401238774e-13  8.162525121694517e-13  7.488014822304518e-13  6.869242684476065e-13  6.301602784982972e-13  5.780869811085144e-13  5.303167608779373e-13  4.864940330065586e-13  4.462925964458855e-13  4.0941320577250505e-13  3.7558134370988605e-13  3.4454517771785263e-13  3.160736854392961e-13  2.8995493505060493e-13  
1.1886741487562974e-12  1.1122373817430168e-12  1.0407158216075466e-12  9.737933997928861e-13  9.111743722848688e-13  8.52582012658236e-13  7.97757389165366e-13  7.464582204633654e-13  6.984578049227358e-13  6.535440187860169e-13  6.115183787490587e-13  5.721951648222754e-13  5.354005995956254e-13  5.00972080280319e-13  4.68757460133485e-13  4.38614376090268e-13  4.104096196320195e-13  3.840185481103206e-13  3.593245339253576e-13  3.362184491244511e-13  
1.3268754803175541e-12  1.2510144145408364e-12  1.1794905314057048e-12  1.1120558624309119e-12  1.0484766161650404e-12  9.885323676473042e-13  9.320152942090647e-13  8.787294549666517e-13  8.284901115075272e-13  7.811230874146628e-13  7.364641644086435e-13  6.943585130139636e-13  6.546601557756718e-13  6.172314611653767e-13  5.819426664220146e-13  5.486714276731055e-13  5.17302395776794e-13  4.877268164141509e-13  4.598421530452807e-13  4.335517314220498e-13  
1.3896778865347525e-12  1.2525308110843276e-12  1.1289187573010508e-12  1.0175059561870887e-12  9.170884655609558e-13  8.26581160091317e-13  7.450060052821533e-13  6.714814886963479e-13  6.052130942100269e-13  5.454847163611275e-13  4.916509220144528e-13  4.4312997572169407e-13  3.9939755340749005e-13  3.599810764507473e-13  3.244546049345141e-13  2.9243423488016276e-13  2.6357394972774874e-13  2.3756188123307306e-13  2.141169393761801e-13  1.9298577486361537e-13  
1.4135662894154307e-12  1.2967127471665308e-12  1.189518992674569e-12  1.0911864921705787e-12  1.000982723292492e-12  9.182357182015252e-13  8.423290577960315e-13  7.726972797325145e-13  7.088216660461034e-13  6.502263789906185e-13  5.964749163123801e-13  5.471668595515319e-13  5.019348911475286e-13  4.604420581278901e-13  4.22379261996222e-13  3.8746295612057353e-13  3.5543303346894987e-13  3.260508889567922e-13  2.9909764197199043e-13  2.743725058362285e-13  
1.3465658296781006e-12  1.2155143810611135e-12  1.0972172158264073e-12  9.904330524291217e-13  8.940414142200865e-13  8.070308723848382e-13  7.284884331117827e-13  6.575899576300154e-13  5.935915145951156e-13  5.358215740842701e-13  4.83673961293023e-13  4.366014959974201e-13  3.941102510409938e-13  3.55754369601411e-13  3.2113138685482443e-13  2.8987800694857264e-13  2.616662909703818e-13  2.362002159147715e-13  2.1321256854020864e-13  1.9246214152452937e-13  
1.1235479685511528e-12  1.0409210130243402e-12  9.643705348449376e-13  8.934496631737845e-13  8.277443905455911e-13  7.668711560602179e-13  7.104746063087258e-13  6.582255209633963e-13  6.098188909221445e-13  5.649721377883105e-13  5.234234642918681e-13  4.849303260224757e-13  4.492680155529627e-13  4.1622835068793396e-13  3.856184591800176e-13  3.572596528194197e-13  3.309863843241719e-13  3.06645280941821e-13  2.840942491211149e-13  2.6320164502711806e-13  
1.5956032380143036e-12  1.4358491684188623e-12  1.2920899038879092e-12  1.16272402174909e-12  1.046310436049704e-12  9.41552344415885e-13  8.472827821751131e-13  7.624516228205662e-13  6.861138800074985e-13  6.174191807704106e-13  5.556022926967148e-13  4.999745995332706e-13  4.4991643026733733e-13  4.048701562308739e-13  3.643339793325888e-13  3.278563422210497e-13  2.950308981102256e-13  2.654919842332634e-13  2.389105485005212e-13  2.1499048398640336e-13  
1.3325732808893835e-12  1.2404461849751984e-12  1.1546882710964786e-12  1.0748592075636342e-12  1.0005491049001845e-12  9.313764112285315e-13  8.669859531576685e-13  8.070471121135955e-13  7.512521267486391e-13  6.993145127132482e-13  6.509675916764434e-13  6.059631220420416e-13  5.640700243299463e-13  5.250731946778627e-13  4.887724003712489e-13  4.549812517305115e-13  4.235262450765005e-13  3.942458718603304e-13  3.6698978938327004e-13  3.4161804884869025e-13  
1.191951448474657e-12  1.1043315798059106e-12  1.0231526122286919e-12  9.479410777099947e-13  8.782583126603362e-13  8.136978994731966e-13  7.538832961358594e-13  6.984656400865996e-13  6.471217135094417e-13  5.995520581992766e-13  5.554792290024806e-13  5.14646175646408e-13  4.768147435199428e-13  4.4176428466106624e-13  4.092903708501646e-13  3.7920360130332903e-13  3.5132849801163675e-13  3.255024822835959e-13  3.015749265215409e-13  2.794062757015607e-13  
1.072999929628361e-12  9.91915743716013e-13  9.169589069520895e-13  8.476663893737903e-13  7.836101511488358e-13  7.243944984501797e-13  6.696536391413067e-13  6.190494231728856e-13  5.722692537325505e-13  5.290241562443872e-13  4.890469932897725e-13  4.5209081442262453e-13  4.17927330685393e-13  3.8634550440243803e-13  3.571502455395438e-13  3.3016120657660615e-13  3.052116684490734e-13  2.8214751067628187e-13  2.6082625931487155e-13  2.4111620685621526e-13  
1.4267828649532054e-12  1.3230371563672268e-12  1.226835112843668e-12  1.1376282116209651e-12  1.0549078146908492e-12  9.78202268656991e-13  9.070742154717155e-13  8.411180987172082e-13  7.799578512125749e-13  7.23244750762003e-13  6.706554318179782e-13  6.218900417224968e-13  5.766705310135701e-13  5.34739068048729e-13  4.958565689060575e-13  4.598013341805843e-13  4.2636778490333835e-13  3.9536529037556604e-13  3.6661708123467513e-13  3.399592415544501e-13  
1.1480128781239666e-12  1.0749919070783133e-12  1.0066155374252533e-12  9.425883427716957e-13  8.826336877350905e-13  8.264925327148219e-13  7.739223146877895e-13  7.246958991925622e-13  6.786005989740488e-13  6.354372550486539e-13  5.950193762195745e-13  5.571723333244332e-13  5.217326047339241e-13  4.885470698415748e-13  4.574723474920853e-13  4.2837417648986124e-13  4.0112683551117056e-13  3.7561259991360354e-13  3.5172123309592916e-13  3.293495102107212e-13  
1.1028831513682533e-12  1.034045498478111e-12  9.695044226546727e-13  9.089917483615132e-13  8.522560385303448e-13  7.99061549811303e-13  7.491872530324202e-13  7.024259147981894e-13  6.585832364111539e-13  6.17477046538642e-13  5.789365442700885e-13  5.428015894197572e-13  5.089220371259904e-13  4.771571139821736e-13  4.4737483310716204e-13  4.194514457247272e-13  3.93270926973266e-13  3.687244938092588e-13  3.457101530013085e-13  3.2413227733662166e-13  
1.1586654786282343e-12  1.0783847675852815e-12  1.003666483907639e-12  9.341252224613414e-13  8.694022817631012e-13  8.091638137585651e-13  7.530991017972899e-13  7.009189579220494e-13  6.523542312055107e-13  6.071544194401159e-13  5.650863770201145e-13  5.25933112350859e-13  4.894926685822676e-13  4.55577081893156e-13  4.2401141195315156e-13  3.946328395612081e-13  3.6728982680623974e-13  3.418413354178907e-13  3.1815609927560794e-13  2.9611194732353844e-13  
1.3694003073141838e-12  1.2531194073303248e-12  1.146712353313081e-12  1.0493407200852655e-12  9.602372762861758e-13  8.786999390384569e-13  8.040862419468063e-13  7.358082728395874e-13  6.733280413657339e-13  6.16153239946317e-13  5.638333646795661e-13  5.159561656343455e-13  4.721443985624853e-13  4.320528524353618e-13  3.9536562938346055e-13  3.617936556064414e-13  3.3107240364113485e-13  3.029598080402794e-13  2.7723435803877127e-13  2.5369335217875165e-13  
1.2597111169322604e-12  1.1532927433689924e-12  1.0558644232232337e-12  9.666666912095877e-13  8.850042404511713e-13  8.102405024802272e-13  7.417926851115825e-13  6.791272295085985e-13  6.217556510288956e-13  5.692307314287586e-13  5.21143032744001e-13  4.77117705672582e-13  4.3681156757993493e-13  3.9991042734972003e-13  3.6612663622688816e-13  3.351968455615964e-13  3.06879953975316e-13  2.8095522794705486e-13  2.572205811694393e-13  2.354909992620326e-13  
1.2543609082707243e-12  1.1488370852035718e-12  1.0521905136206503e-12  9.636743897043598e-13  8.826047349319539e-13  8.083551108619654e-13  7.403517785422242e-13  6.780692651354208e-13  6.210263035048106e-13  5.687821133845731e-13  5.20932995398826e-13  4.771092116107208e-13  4.3697212849711634e-13  4.00211600272129e-13  3.6654357234007277e-13  3.357078863592817e-13  3.074662699561828e-13  2.8160049555581284e-13  2.5791069410176386e-13  2.362138106353929e-13  
1.5431098561074531e-12  1.4100209752582573e-12  1.288410635703829e-12  1.1772888455724573e-12  1.0757509970042928e-12  9.829705020207018e-13  8.981920635291538e-13  8.207255266849999e-13  7.499402605559841e-13  6.852600243523732e-13  6.261582764302867e-13  5.721538878802824e-13  5.228072258068592e-13  4.77716574414077e-13  4.365148647624643e-13  3.988666865751889e-13  3.6446555776753106e-13  3.330314294717547e-13  3.0430840624655843e-13  2.7806266291204323e-13  
1.3643842204180379e-12  1.234855860667628e-12  1.117624327374571e-12  1.0115222164181508e-12  9.154929516531282e-13  8.28580263411719e-13  7.499186658681773e-13  6.787248384385702e-13  6.142898253907985e-13  5.559719759877492e-13  5.031905548607716e-13  4.554199589848939e-13  4.12184483667803e-13  3.730535854317461e-13  3.376375946156266e-13  3.055838350029302e-13  2.765731118343187e-13  2.5031653323214917e-13  2.2655263338432253e-13  2.0504476883982034e-13  
1.2553939418137885e-12  1.1535886688259417e-12  1.0600392215697021e-12  9.74076099767625e-13  8.950840957879773e-13  8.224978918215004e-13  7.55798014101972e-13  6.94507115216356e-13  6.381865578983483e-13  5.864332758567398e-13  5.38876889172656e-13  4.951770536215924e-13  4.55021024950282e-13  4.1812142067678587e-13  3.8421416339580365e-13  3.530565908701678e-13  3.244257193831144e-13  2.981166479227586e-13  2.7394109177808833e-13  2.517260350519393e-13  
1.7369839212987319e-12  1.5644068752177351e-12  1.4089761230481836e-12  1.2689881045451086e-12  1.1429085157193382e-12  1.0293554924788094e-12  9.270844650495977e-13  8.349745171773027e-13  7.520161006021943e-13  6.772999701556672e-13  6.100072182038719e-13  5.494002992135118e-13  4.948149460667814e-13  4.4565288952622094e-13  4.013753010529832e-13  3.614968871101511e-13  3.255805702231763e-13  2.9323269850052314e-13  2.640987311096549e-13  2.3785935242008943e-13  
1.3909717968268876e-12  1.2618183861312369e-12  1.144657025549306e-12  1.0383742387496895e-12  9.41959937022684e-13  8.54497819614792e-13  7.751566654037534e-13  7.031824331520683e-13  6.378910952615138e-13  5.786621369222081e-13  5.249326588735326e-13  4.761920277308217e-13  4.319770230356777e-13  3.9186743490852545e-13  3.55482070464439e-13  3.224751310380835e-13  2.925329257876928e-13  2.6537089044488684e-13  2.4073088287716724e-13  2.1837872976070053e-13  
1.5648953994501126e-12  1.3969828799827729e-12  1.2470872926399553e-12  1.1132754293189562e-12  9.938215142114564e-13  8.871849464186634e-13  7.919904307730804e-13  7.070102406134946e-13  6.311483837556256e-13  5.634264674464678e-13  5.029710800021931e-13  4.4900252639020495e-13  4.0082477247778857e-13  3.5781646825801875e-13  3.1942293427918447e-13  2.851490079264614e-13  2.5455265729410023e-13  2.2723928028604074e-13  2.0285661542027287e-13  1.810901987014274e-13  
1.111793029842367e-12  1.0425266044625201e-12  9.775755845188647e-13  9.166711135780488e-13  8.595610853783597e-13  8.060091002681257e-13  7.557934866596148e-13  7.08706383447873e-13  6.645528795962853e-13  6.231502073272884e-13  5.843269855785501e-13  5.47922510592998e-13  5.137860907061874e-13  4.817764225774448e-13  4.5176100628277553e-13  4.236155968483891e-13  3.9722368995453266e-13  3.724760396807724e-13  3.492702062964894e-13  3.275101322247265e-13  
1.1888756925221413e-12  1.1089085551362582e-12  1.0343202333001543e-12  9.647489326860054e-13  8.998571942744647e-13  8.393302574930724e-13  7.828745334546005e-13  7.302161808896982e-13  6.810997778663317e-13  6.352870828531252e-13  5.925558791170822e-13  5.526988968503799e-13  5.155228077979599e-13  4.808472875093088e-13  4.4850414066582995e-13  4.183364852411701e-13  3.9019799153722456e-13  3.6395217240473196e-13  3.394717212056359e-13  3.1663789430596796e-13  
1.6617739314283266e-12  1.488096599595486e-12  1.33257084363112e-12  1.1932995840313467e-12  1.068584011165386e-12  9.56902863454204e-13  8.568938712532699e-13  7.673371400947389e-13  6.871402706003729e-13  6.153250335601618e-13  5.510154376412831e-13  4.934270441791302e-13  4.4185739871385427e-13  3.9567746255776015e-13  3.5432393987711826e-13  3.1729240669530653e-13  2.841311580059038e-13  2.544356979437605e-13  2.278438058059912e-13  2.040311177389614e-13  
1.285116485688904e-12  1.177508625529782e-12  1.078911194928583e-12  9.88569715163229e-13  9.057928829838471e-13  8.299472806818863e-13  7.604525291059739e-13  6.967768465348178e-13  6.384329794231612e-13  5.84974473882388e-13  5.359922593647305e-13  4.911115184090394e-13  4.4998881849505884e-13  4.1230948405882883e-13  3.777851885595782e-13  3.461517481723325e-13  3.1716710022332084e-13  2.906094508989409e-13  2.662755780543414e-13  2.439792761345189e-13  
1.6051445199274316e-12  1.4626475545426956e-12  1.3328007803972987e-12  1.2144811747099496e-12  1.106665411229113e-12  1.008421009657391e-12  9.18898270787195e-13  8.373229275960558e-13  7.629894487421424e-13  6.952549365430521e-13  6.33533566662525e-13  5.772915214148737e-13  5.260423728661338e-13  4.793428758011602e-13  4.367891341707518e-13  3.9801310786305694e-13  3.62679429586912e-13  3.3048250433688e-13  3.011438663537517e-13  2.7440977072130595e-13  
