1.0085957533501983e-11  5.166504913457455e-12  2.646528396745284e-12  1.3556771303043186e-12  6.944420033015189e-13  3.5572606867032777e-13  1.8221973228872224e-13  9.334157308034046e-14  4.7813972480804554e-14  2.4492580197115275e-14  1.2546259044946635e-14  6.426787817211868e-15  3.2921049612871728e-15  1.6863720079735647e-15  8.638395745939032e-16  4.424995238928769e-16  2.2666920387095293e-16  1.1611069664321213e-16  5.947739545001165e-17  3.0467137583261473e-17  
7.839561378944348e-12  4.145426496255655e-12  2.1920309064755935e-12  1.1591085981826756e-12  6.129168792337764e-13  3.241000036050692e-13  1.71378560283933e-13  9.06220629382748e-14  4.7919402973059977e-14  2.5338963899536938e-14  1.3398812415567879e-14  7.085063732651541e-15  3.746460995111008e-15  1.981064746560198e-15  1.047553287004748e-15  5.539283312268608e-16  2.929078643942854e-16  1.5488468848307356e-16  8.190038453254542e-17  4.33075280214795e-17  
1.0874003736903803e-11  5.700700103902506e-12  2.9885939402745978e-12  1.566771374928443e-12  8.21380418468497e-13  4.306089596986008e-13  2.257468914567543e-13  1.1834788351375126e-13  6.20439176008214e-14  3.252654459857945e-14  1.7052051908298126e-14  8.939543928560817e-15  4.686558900971846e-15  2.4569300747106926e-15  1.288046415199455e-15  6.752587649054388e-16  3.5400463384000847e-16  1.8558704794857103e-16  9.729407209350623e-17  5.1006449906782464e-17  
1.036275668741097e-11  5.366046209676087e-12  2.778647882311043e-12  1.4388403961093927e-12  7.450608256827296e-13  3.8580765140321114e-13  1.997790499116184e-13  1.0344965590606414e-13  5.3568336178480804e-14  2.77387741486197e-14  1.4363701510244556e-14  7.437816825285626e-15  3.851452850579324e-15  1.994360631443215e-15  1.0327205038099568e-15  5.347636842478756e-16  2.769115137496938e-16  1.4339041469316355e-16  7.425047354463812e-17  3.8448405588340055e-17  
1.1271485580859811e-11  5.749687224835121e-12  2.9329677038818868e-12  1.496133479201709e-12  7.631912839086458e-13  3.893108094505783e-13  1.9859098177699655e-13  1.0130306450727502e-13  5.16756138004744e-14  2.636020020365731e-14  1.3446577673171558e-14  6.859221467352489e-15  3.498951203923109e-15  1.784846805968547e-15  9.104665755853525e-16  4.644372741044804e-16  2.369136741114545e-16  1.2085181812595395e-16  6.164761067137766e-17  3.144700642839231e-17  
1.0949424585456771e-11  5.7039482970767526e-12  2.97139141164901e-12  1.5479044446714934e-12  8.063589873890325e-13  4.20061340854318e-13  2.1882503058801708e-13  1.139938131760939e-13  5.938346910089628e-14  3.0934980629252597e-14  1.6115141823497644e-14  8.394955830225037e-15  4.373233829606679e-15  2.278174479436615e-15  1.1867828616022282e-15  6.182377922787908e-16  3.2206225769534295e-16  1.677737904852114e-16  8.739938971800396e-17  4.552947931252041e-17  
1.0377705234247857e-11  5.3897187837533645e-12  2.7991803498212607e-12  1.4537698431399324e-12  7.550234328267044e-13  3.921256083330035e-13  2.03652610005576e-13  1.0576811276977885e-13  5.493125611586495e-14  2.8528852595060435e-14  1.481661785912851e-14  7.695092680364446e-15  3.9964890720939024e-15  2.0755987701254753e-15  1.0779737356542323e-15  5.598516396741241e-16  2.907620548431817e-16  1.5100888618606094e-16  7.842730276291883e-17  4.0731654765587685e-17  
8.778100078728422e-12  4.639356281409707e-12  2.451968707672055e-12  1.2959018835208166e-12  6.849033947530338e-13  3.6198161767444863e-13  1.9131266181190192e-13  1.0111158352375829e-13  5.343897380265253e-14  2.824329143662923e-14  1.4926999049797993e-14  7.889140723297458e-15  4.169528057471981e-15  2.2036575124977124e-15  1.1646657284594206e-15  6.15543137422687e-16  3.253236913988633e-16  1.7193840325882267e-16  9.087200009343279e-17  4.802720186106621e-17  
1.2110829277263884e-11  6.195906645403236e-12  3.1698291074601783e-12  1.621686243119286e-12  8.296555372442526e-13  4.24452210407891e-13  2.1714997469739674e-13  1.1109404157835767e-13  5.683577026160169e-14  2.90772100405686e-14  1.4875915991844206e-14  7.610526466867266e-15  3.8935493541804166e-15  1.9919419030256612e-15  1.0190785281222429e-15  5.213611124412499e-16  2.6672862008664754e-16  1.3645850270688168e-16  6.98122419519694e-17  3.5715979801048695e-17  
9.10328199703396e-12  4.7254011568111505e-12  2.4528973286851428e-12  1.273268682469061e-12  6.609380338905329e-13  3.430847633792311e-13  1.7809105971722327e-13  9.244486767296517e-14  4.798698807588457e-14  2.490945233153826e-14  1.2930188793594949e-14  6.711901169594426e-15  3.4840649297184756e-15  1.808535037655763e-15  9.387881823123254e-16  4.873133408527488e-16  2.5295833143973473e-16  1.3130754297184303e-16  6.816012243269411e-17  3.538107701121247e-17  
1.1715019494431906e-11  6.050516521249279e-12  3.124941464357821e-12  1.6139546303803045e-12  8.335674695466093e-13  4.305168888933452e-13  2.2235127736356708e-13  1.1483891066921206e-13  5.931144430588351e-14  3.063288745208418e-14  1.5821125326381113e-14  8.171218171469742e-15  4.22023118004273e-15  2.1796445571837366e-15  1.125732262755468e-15  5.814127460515671e-16  3.0028523873322927e-16  1.5508986552743198e-16  8.010006249652915e-17  4.136969227568934e-17  
9.942804269061755e-12  5.160052966809492e-12  2.6779312857570703e-12  1.3897756510182897e-12  7.212568785599995e-13  3.743132817796559e-13  1.9425871292401222e-13  1.0081514438247431e-13  5.232039883243154e-14  2.7152905952298342e-14  1.4091641465036871e-14  7.313189959409781e-15  3.795352551021783e-15  1.9696877923994347e-15  1.0222159726592123e-15  5.305031075441219e-16  2.7531710973156043e-16  1.4288231271979092e-16  7.415214880056462e-17  3.848300791802262e-17  
8.083734128918371e-12  4.260864072281694e-12  2.2458634033390864e-12  1.183774544527259e-12  6.239569914124221e-13  3.2888215828962387e-13  1.7335084874423257e-13  9.137168436447194e-14  4.81611988869968e-14  2.538533785784903e-14  1.338038489592358e-14  7.052681392920794e-15  3.71740538235226e-15  1.9594111809180308e-15  1.032788136083561e-15  5.443734038177768e-16  2.8693435994328244e-16  1.512405388262148e-16  7.971753744990695e-17  4.201840211888902e-17  
1.0928396687933495e-11  5.623077872440524e-12  2.893288527350231e-12  1.4887075534778686e-12  7.659969473600255e-13  3.941347123510787e-13  2.0279737669379418e-13  1.0434700295377853e-13  5.369052205185187e-14  2.7625826105204938e-14  1.4214543625744077e-14  7.313926096498266e-15  3.7632945772635145e-15  1.936358925207297e-15  9.963306911669927e-16  5.126502288593158e-16  2.637781406108063e-16  1.357239371938104e-16  6.983515421229965e-17  3.593285653724833e-17  
1.0375780383570861e-11  5.399447312429001e-12  2.8098157634349708e-12  1.4621986599024649e-12  7.609128501745075e-13  3.9597106839047016e-13  2.0605919188555098e-13  1.0723104274541546e-13  5.580191023293729e-14  2.903872895312231e-14  1.5111450050596547e-14  7.86384014948839e-15  4.0922599545147125e-15  2.1295691693852996e-15  1.1082054653427287e-15  5.766985036555505e-16  3.001078541114174e-16  1.561729803848312e-16  8.12707813812357e-17  4.2292462435186756e-17  
1.262800098875999e-11  6.441851859177373e-12  3.286146034714701e-12  1.6763433865817213e-12  8.551437215663013e-13  4.362297071039955e-13  2.225314325076098e-13  1.1351872109453444e-13  5.790867336684234e-14  2.9540629235199264e-14  1.5069396773837608e-14  7.687267502642122e-15  3.921462985152298e-15  2.0004340864467363e-15  1.0204703064569584e-15  5.205668376757526e-16  2.6555386352063656e-16  1.3546551437197243e-16  6.910426886949401e-17  3.525177605626367e-17  
9.814887104003858e-12  5.086840903757098e-12  2.6363981680013986e-12  1.3663873967647548e-12  7.081686448951334e-13  3.6702828992717306e-13  1.9022271965572975e-13  9.858826707990887e-14  5.109613837616411e-14  2.6482008805773656e-14  1.3725044840496641e-14  7.113389971857914e-15  3.686714140447045e-15  1.9107431487862324e-15  9.902963022217976e-16  5.132488722082467e-16  2.6600564319186735e-16  1.378648956508747e-16  7.145235426121063e-17  3.703218941534209e-17  
9.868956588341271e-12  5.104571385749604e-12  2.6402638211009813e-12  1.3656372921878669e-12  7.063556296569351e-13  3.6535197039669575e-13  1.8897288655797646e-13  9.774342209042817e-14  5.0556335016963e-14  2.614951426585767e-14  1.3525448316434761e-14  6.995837486717754e-15  3.618493154204456e-15  1.8716119023467497e-15  9.680634904437597e-16  5.007164788571289e-16  2.5898817037728903e-16  1.339577889436996e-16  6.928767901847881e-17  3.583802406432268e-17  
9.907646501859201e-12  5.115865142861509e-12  2.6416037507024623e-12  1.3640059268298465e-12  7.043116015913425e-13  3.6367498291526306e-13  1.8778548145392728e-13  9.69640165023386e-14  5.006787757749289e-14  2.585281071823542e-14  1.3349234167125172e-14  6.89294695230357e-15  3.5592092469453766e-15  1.8378163289517177e-15  9.489660833681805e-16  4.900036054728103e-16  2.530159271068469e-16  1.3064609863016508e-16  6.745979702722384e-17  3.4833219381749744e-17  
9.653206032747229e-12  5.091033879551295e-12  2.684975942170257e-12  1.4160376812633677e-12  7.468084474295021e-13  3.9386159318477423e-13  2.077198713003208e-13  1.0955001878738613e-13  5.777591975764967e-14  3.047061918191772e-14  1.6069993125579316e-14  8.475202867207151e-15  4.469763184029171e-15  2.357322088254183e-15  1.2432353122479855e-15  6.556736770599876e-16  3.4579774766211923e-16  1.8237133267934237e-16  9.618137540831263e-17  5.072539000249717e-17  
1.0100957197454269e-11  5.109749463369754e-12  2.5848579563318846e-12  1.3075965274442186e-12  6.614710392096479e-13  3.3461693001609557e-13  1.6927194573352906e-13  8.562923463267852e-14  4.331707650670626e-14  2.1912716201853904e-14  1.1084938552320172e-14  5.60751399218679e-15  2.8366610265051115e-15  1.43497560425258e-15  7.259080184624746e-16  3.6721352593487483e-16  1.8576151550872248e-16  9.397077778179992e-17  4.753679497463912e-17  2.4047336095355248e-17  
9.433477046110614e-12  4.88036378323345e-12  2.5248326296099654e-12  1.306209965216898e-12  6.757614161123623e-13  3.4960190449194543e-13  1.8086485660506092e-13  9.356955993219688e-14  4.840775986140359e-14  2.504352074004992e-14  1.295614448701997e-14  6.702798768229551e-15  3.4676605661807736e-15  1.793977444055256e-15  9.281055652236661e-16  4.801509311354594e-16  2.484037649474595e-16  1.285104879296064e-16  6.6484280185522e-17  3.4395321214625073e-17  
8.723354290280417e-12  4.424674985178931e-12  2.2442913669437616e-12  1.1383533833806808e-12  5.773975895201644e-13  2.92868612902613e-13  1.485493288858026e-13  7.534744981279443e-14  3.821786497370148e-14  1.938493216130135e-14  9.832459117138926e-15  4.987237070821825e-15  2.529635089682114e-15  1.2830859243465976e-15  6.50809081504022e-16  3.3010451796811717e-16  1.6743618962896961e-16  8.492727627610356e-17  4.307696126900913e-17  2.1849571463224324e-17  
1.1919909483498148e-11  6.0425512497819986e-12  3.0631462140538537e-12  1.5527985350576832e-12  7.871590586876554e-13  3.990339826351125e-13  2.022820134511353e-13  1.0254267743221716e-13  5.1981886652061706e-14  2.6351140886622026e-14  1.3358165136914334e-14  6.771645166819487e-15  3.4327452756660566e-15  1.7401591248973012e-15  8.821376294446384e-16  4.471814020617988e-16  2.2668935059016884e-16  1.1491547151572026e-16  5.8254018370517e-17  2.953066816462842e-17  
1.1511407843796826e-11  5.841459349005329e-12  2.9642462320079713e-12  1.5042055758668677e-12  7.633085234408051e-13  3.8734060776340967e-13  1.9655583792804677e-13  9.97421820724633e-14  5.061413077040361e-14  2.5684120603882133e-14  1.3033396823254436e-14  6.6137920535516815e-15  3.3561661568976102e-15  1.703085186456091e-15  8.642299030293997e-16  4.3855312184612417e-16  2.2254360790665524e-16  1.1292966565060335e-16  5.730611408666581e-17  2.9079964886059374e-17  
9.342212776496333e-12  4.906511193039164e-12  2.576889722313428e-12  1.3533772531458227e-12  7.107909870850695e-13  3.7330598408316156e-13  1.9605954532963006e-13  1.0297007536396234e-13  5.4079674634733025e-14  2.8402535379925994e-14  1.491695394723838e-14  7.834353943672839e-15  4.114586793780714e-15  2.160972634792367e-15  1.1349384427568684e-15  5.960673671238559e-16  3.130533716761929e-16  1.64414995557824e-16  8.635042203678948e-17  4.535106643182864e-17  
1.4010581844925087e-11  7.193055622988488e-12  3.692926515692678e-12  1.895954510169633e-12  9.733861449334393e-13  4.997380380521948e-13  2.5656632568294275e-13  1.3172157102752036e-13  6.762606989741682e-14  3.471933483707704e-14  1.782496326280106e-14  9.151365278487469e-15  4.6983258941733005e-15  2.412128194658597e-15  1.2383905583651969e-15  6.3579173712412435e-16  3.264165172003074e-16  1.6758277354016238e-16  8.603726989152125e-17  4.4171675011766395e-17  
7.770013346873418e-12  4.077706960279387e-12  2.1399826887815817e-12  1.1230640045725793e-12  5.893845613698471e-13  3.093093178721655e-13  1.6232568749371878e-13  8.518860343935225e-14  4.470702245587614e-14  2.346226814591634e-14  1.2313010267999358e-14  6.4618740573999266e-15  3.3911947951687e-15  1.7797007550169802e-15  9.33987862307521e-16  4.901573056474044e-16  2.5723480355081737e-16  1.349969558658929e-16  7.084647116756707e-17  3.7180264137830395e-17  
9.14846881930061e-12  4.6931289848262655e-12  2.4075569478631313e-12  1.2350673667705754e-12  6.335847639307098e-13  3.250265239658806e-13  1.6673734485966328e-13  8.553561054533727e-14  4.387943611265675e-14  2.2509980361269353e-14  1.1547532528992045e-14  5.9238393533902604e-15  3.03890658863017e-15  1.5589472812314907e-15  7.997339025661048e-16  4.1026038700191417e-16  2.1046198567160004e-16  1.0796618151833931e-16  5.538623193377915e-17  2.84129219416852e-17  
9.591578163192515e-12  4.9081598724262904e-12  2.5115818193236087e-12  1.2852155184665128e-12  6.57664789655145e-13  3.3653731170957365e-13  1.7221138177717357e-13  8.812324512533322e-14  4.509403647586842e-14  2.3075320510437934e-14  1.1808000752924024e-14  6.042337817929103e-15  3.091958331467354e-15  1.5822032153122759e-15  8.096380177790027e-16  4.143043785331562e-16  2.1200600058605142e-16  1.084867711116788e-16  5.55143697522875e-17  2.840756727676208e-17  
1.2722025944682055e-11  6.4305104906444165e-12  3.25038365352283e-12  1.6429479293221213e-12  8.304490134690145e-13  4.197610597775955e-13  2.1217358856214037e-13  1.072458500728686e-13  5.420878458905669e-14  2.7400522487593808e-14  1.3849944031851587e-14  7.000631092792938e-15  3.5385583930642986e-15  1.7886095317915573e-15  9.040755307263006e-16  4.569765232321802e-16  2.309846198553865e-16  1.167541260815042e-16  5.901486413073768e-17  2.9829816771856e-17  
9.659606447892681e-12  5.010767420538283e-12  2.5992560129823243e-12  1.3483227725422926e-12  6.994210227372847e-13  3.628135465846144e-13  1.8820376469403058e-13  9.762771367949826e-14  5.064282584241206e-14  2.6270161541675677e-14  1.3627229048655833e-14  7.068908626615318e-15  3.6668840740124915e-15  1.9021378719793386e-15  9.867038092804888e-16  5.118369291682997e-16  2.6550727745894733e-16  1.3772768310838885e-16  7.144404807260954e-17  3.706046518610509e-17  
1.0240169394755824e-11  5.171748963333069e-12  2.611967274040826e-12  1.3191616779990436e-12  6.662363460661231e-13  3.364795052967426e-13  1.699373775586597e-13  8.582606618505995e-14  4.3346047483047835e-14  2.1891715604806566e-14  1.105630709026376e-14  5.583935433885183e-15  2.820140095173013e-15  1.4242983735341647e-15  7.193351352736998e-16  3.6329679683287314e-16  1.8348132340123647e-16  9.266637176698305e-17  4.680071136002505e-17  2.3636477203532757e-17  
8.879838643015634e-12  4.6334315855279635e-12  2.4176890054927057e-12  1.2615315494324423e-12  6.582574709144989e-13  3.4347369133153554e-13  1.7922193343740203e-13  9.351662801456455e-14  4.879625806664443e-14  2.546151258721311e-14  1.3285621662697971e-14  6.932335318247842e-15  3.617239312147265e-15  1.887447684029619e-15  9.848557014144643e-16  5.138901389509228e-16  2.681439265993167e-16  1.3991544091288046e-16  7.300680218313604e-17  3.809438851231826e-17  
8.53050925229307e-12  4.4225473160450134e-12  2.2928202976158022e-12  1.188687093993662e-12  6.162615573912995e-13  3.1949392656598894e-13  1.6563806047655096e-13  8.587320382995411e-14  4.4520004127099743e-14  2.3080899268668143e-14  1.196603462860259e-14  6.203657104785701e-15  3.2162167892917483e-15  1.6674116994220057e-15  8.644509862103004e-16  4.481649659883034e-16  2.323461248159589e-16  1.2045725528309609e-16  6.244971962338619e-17  3.237636016090471e-17  
9.902204988671906e-12  5.051469925098552e-12  2.576935988839549e-12  1.3145874743472635e-12  6.706182207067305e-13  3.42106407310146e-13  1.7452074862999754e-13  8.902929337643979e-14  4.5417035746921993e-14  2.31688588981102e-14  1.181926591668678e-14  6.029431463314238e-15  3.0758292458314167e-15  1.5690908184420302e-15  8.004495047492697e-16  4.0833800193256546e-16  2.083078605620587e-16  1.0626531100847197e-16  5.4209746541768365e-17  2.765433604093524e-17  
9.19742110364186e-12  4.7524043860810285e-12  2.45561741648419e-12  1.2688433908952456e-12  6.556247483061089e-13  3.387682149553287e-13  1.7504510584831816e-13  9.044765042520099e-14  4.6735253909516614e-14  2.4148598086506174e-14  1.2477835055152298e-14  6.4474288364833844e-15  3.3314544083793477e-15  1.7213975922165725e-15  8.894642721316788e-16  4.595955605933037e-16  2.3747786834747904e-16  1.2270731658517304e-16  6.340416329450206e-17  3.2761599185371246e-17  
1.0754687381927708e-11  5.6010131032007475e-12  2.916992997392301e-12  1.5191623354662867e-12  7.911757770973501e-13  4.1204227859787355e-13  2.145905426667748e-13  1.1175819422880592e-13  5.82033757036457e-14  3.031216607136773e-14  1.5786496931321875e-14  8.22156637621608e-15  4.281770298539995e-15  2.229934789859008e-15  1.1613442151997501e-15  6.048250344859646e-16  3.149912984911443e-16  1.640466456707814e-16  8.543506466605261e-17  4.4494358568848707e-17  
9.463627296103421e-12  4.875696722600383e-12  2.5119774677268017e-12  1.2941803310116042e-12  6.667666213952937e-13  3.4352069549642125e-13  1.7698316689488968e-13  9.118239970631026e-14  4.697751860853044e-14  2.42029959918032e-14  1.2469475449749951e-14  6.424321106551252e-15  3.3098346314886487e-15  1.7052393717727081e-15  8.785458002582837e-16  4.526301327121533e-16  2.331967633090848e-16  1.2014385805908405e-16  6.189857193767896e-17  3.1890379332082206e-17  
8.901682747301023e-12  4.604173440485695e-12  2.3813939085282734e-12  1.2317166199059019e-12  6.370747091941709e-13  3.2951100808061174e-13  1.7043135268018962e-13  8.815136752364021e-14  4.5594096826006856e-14  2.358240970931955e-14  1.2197413402451538e-14  6.30880794389341e-15  3.2630736009105866e-15  1.6877434563951092e-15  8.729432194877911e-16  4.515081137256183e-16  2.335313136170331e-16  1.2078824894127854e-16  6.247470994928741e-17  3.231348593475431e-17  
1.1907622916794705e-11  6.194702150792833e-12  3.2226696297976946e-12  1.6765292809907263e-12  8.721807547476494e-13  4.537345560124382e-13  2.3604630829004113e-13  1.227983606693376e-13  6.388338581659964e-14  3.323405101784523e-14  1.7289348911900388e-14  8.994437230565818e-15  4.679175688270393e-15  2.4342473642815534e-15  1.2663684001790497e-15  6.588027776073465e-16  3.4272894026871575e-16  1.7829786165189221e-16  9.275588879279408e-17  4.82543919822154e-17  
9.71252546973756e-12  5.153159529887368e-12  2.734103835630562e-12  1.4506292189586339e-12  7.696580881359316e-13  4.083562945590645e-13  2.1666096397412038e-13  1.1495347062271236e-13  6.09906840891985e-14  3.2359732381437514e-14  1.7169052871530383e-14  9.109357674246335e-15  4.83313773090816e-15  2.564310367565045e-15  1.3605421627341004e-15  7.218607388523275e-16  3.8299652930216955e-16  2.0320587277086358e-16  1.0781462381344441e-16  5.720303724263852e-17  
1.1156342630610775e-11  5.692153945453861e-12  2.904232830734789e-12  1.4817885137934872e-12  7.56033461358119e-13  3.8574100782427784e-13  1.9681156023173373e-13  1.0041657343959338e-13  5.123422734658752e-14  2.6140565863670707e-14  1.3337357057233338e-14  6.80494424641934e-15  3.4719971879107442e-15  1.771471453157483e-15  9.038345769053524e-16  4.61151626775357e-16  2.3528732835790542e-16  1.200475584850721e-16  6.125028661256648e-17  3.125092802772883e-17  
7.611550933763909e-12  3.962540397584387e-12  2.06288134167733e-12  1.0739270777995487e-12  5.590817780596692e-13  2.910555483886437e-13  1.515222559064926e-13  7.888182912883599e-14  4.106553805898195e-14  2.1378540973224266e-14  1.1129575691602646e-14  5.794008825497084e-15  3.016335860428833e-15  1.5702913642228332e-15  8.174868723678003e-16  4.2558011953688356e-16  2.2155516408530173e-16  1.1534065732741732e-16  6.004584586256195e-17  3.125960688012751e-17  
1.071487109038462e-11  5.383935220349246e-12  2.70528298589886e-12  1.3593321119712713e-12  6.830279125207044e-13  3.4320319896352964e-13  1.7245039861417027e-13  8.665169809604963e-14  4.354015324561828e-14  2.1877758731866668e-14  1.0992986736396857e-14  5.523680870041584e-15  2.7755014251990146e-15  1.3946149936109127e-15  7.007566138305632e-16  3.5211139567332105e-16  1.7692652843515206e-16  8.890083322709814e-17  4.46702832999352e-17  2.2445618760390238e-17  
1.4376284832795405e-11  7.272773381298922e-12  3.679200382498632e-12  1.861259074754843e-12  9.415864816269062e-13  4.763362147740305e-13  2.409722249975511e-13  1.2190467871063955e-13  6.166997334109888e-14  3.1198028263700377e-14  1.578267209812458e-14  7.98424619823635e-15  4.03912512138085e-15  2.0433402654559432e-15  1.0336989607804416e-15  5.229347062664273e-16  2.6454578885470876e-16  1.3383023456298218e-16  6.770295516977367e-17  3.425003440880364e-17  
1.1844988910663073e-11  6.032002882039334e-12  3.0717680736852643e-12  1.5642829227763876e-12  7.96603455661984e-13  4.0566642794151796e-13  2.0658365161380792e-13  1.0520171790071714e-13  5.3573462192215067e-14  2.7282024557520392e-14  1.3893238060416114e-14  7.075063780418285e-15  3.602941753341512e-15  1.8347805307281846e-15  9.343530443746535e-16  4.758147347387125e-16  2.423063350170777e-16  1.2339332034694018e-16  6.283744709014487e-17  3.199966372332637e-17  
1.129260953564732e-11  5.6930253261264335e-12  2.8700662377112045e-12  1.4469073536432766e-12  7.294399211136424e-13  3.6773784940307774e-13  1.8539035494128439e-13  9.346218715600008e-14  4.7117771745729345e-14  2.375382474815245e-14  1.1975188326198424e-14  6.037138733166448e-15  3.043546630808507e-15  1.5343652851666918e-15  7.735307238250711e-16  3.8996566625028635e-16  1.9659622581251223e-16  9.911148428876827e-17  4.996579297148204e-17  2.518961838968178e-17  
1.1010298027592753e-11  5.580182129594058e-12  2.828118959305668e-12  1.4333325798751353e-12  7.264341826115749e-13  3.681676039991487e-13  1.8659279516166615e-13  9.456799247965341e-14  4.792845936995249e-14  2.4290853145385554e-14  1.2310964180513621e-14  6.239379001913753e-15  3.1622096985012982e-15  1.6026547151933854e-15  8.122491488622361e-16  4.116599000227067e-16  2.0863533501276372e-16  1.0573947817965066e-16  5.3590333799501214e-17  2.7160374972369303e-17  
1.1806587869544651e-11  6.059705534193473e-12  3.1101306801650213e-12  1.596267804288806e-12  8.192809772462057e-13  4.204941789053691e-13  2.1581772237360884e-13  1.1076797641237784e-13  5.685142287459089e-14  2.917886908787462e-14  1.4975991069307996e-14  7.686394830195564e-15  3.9450254218392136e-15  2.0247757138129865e-15  1.0392117294229126e-15  5.333731589146822e-16  2.737526132510128e-16  1.405029330951879e-16  7.211282469201316e-17  3.701175036351713e-17  
7.693699604521427e-12  4.054152062094122e-12  2.1363127997514793e-12  1.12571810540935e-12  5.931908721390597e-13  3.1257861901505457e-13  1.6471155854612328e-13  8.679383639284154e-14  4.5735527623447704e-14  2.4100080995701532e-14  1.2699403159429223e-14  6.691879609636401e-15  3.5262486077243425e-15  1.8581370211102e-15  9.791349315692347e-16  5.159496868784654e-16  2.718768075849851e-16  1.4326396620144584e-16  7.549214732247153e-17  3.9780165651314e-17  
1.1676134020297107e-11  6.049589457495931e-12  3.134387849662131e-12  1.6239758517722867e-12  8.414075390905465e-13  4.35946535821815e-13  2.2587078587441705e-13  1.170272217333991e-13  6.063365199540552e-14  3.1415252791998076e-14  1.62767386674965e-14  8.433235390595282e-15  4.369392456684785e-15  2.26385124525574e-15  1.172937087124121e-15  6.077172310832654e-16  3.148678961640073e-16  1.6313803026125543e-16  8.452439020223126e-17  4.3793421605114425e-17  
9.752865920581031e-12  5.0694254373715e-12  2.635027947101952e-12  1.3696566539517883e-12  7.119314813255092e-13  3.700536427432089e-13  1.9234954781400787e-13  9.998104131602224e-14  5.196897386159685e-14  2.7012863725740467e-14  1.4040970072042212e-14  7.298331734303404e-15  3.793587325565235e-15  1.9718622447713105e-15  1.0249508917723958e-15  5.327574648435279e-16  2.7692108824422713e-16  1.439403371605308e-16  7.481850079837364e-17  3.8889780114056904e-17  
1.287003078141204e-11  6.485315969757308e-12  3.268004866649947e-12  1.6467749386846607e-12  8.298236414377866e-13  4.181550615769536e-13  2.107118269364647e-13  1.0617944894284578e-13  5.3504710873233646e-14  2.6961470549440216e-14  1.3586110126089531e-14  6.846154330482717e-15  3.4498343294584867e-15  1.7384003231886152e-15  8.759944377203299e-16  4.414209113292369e-16  2.224356828860854e-16  1.12087197844816e-16  5.648167487199867e-17  2.8461587564736535e-17  
1.2379386616856962e-11  6.2935265241743204e-12  3.1995507803715397e-12  1.626611909372892e-12  8.269493079920677e-13  4.204107654985772e-13  2.1373161575799398e-13  1.0865850097903213e-13  5.524063341372429e-14  2.8083652474998966e-14  1.4277380391886832e-14  7.258443004737473e-15  3.690102344191988e-15  1.8760022365297493e-15  9.537362553111649e-16  4.848676760522298e-16  2.465007091542176e-16  1.2531790138756715e-16  6.371006583335517e-17  3.2389406808987297e-17  
8.960629148044938e-12  4.683128313513755e-12  2.44756148686494e-12  1.27917853856321e-12  6.685420334900878e-13  3.4940271202883063e-13  1.8260969252116894e-13  9.543801079576144e-14  4.9879137185426175e-14  2.60685266343906e-14  1.3624295030638385e-14  7.120518074734564e-15  3.721423937062666e-15  1.944942204203204e-15  1.0164926763696244e-15  5.312535040270693e-16  2.776510761976338e-16  1.4510985721381005e-16  7.583932664328604e-17  3.963620098690084e-17  
1.3345836852142093e-11  6.776766809504367e-12  3.4411156751874127e-12  1.7473343000991593e-12  8.872637378389594e-13  4.5053596237382114e-13  2.2877375095537486e-13  1.1616703991937097e-13  5.898745423053824e-14  2.995272806309693e-14  1.5209436144090537e-14  7.723067739735278e-15  3.921629621734168e-15  1.991330311779711e-15  1.011160357580927e-15  5.134483529402014e-16  2.6071948841794494e-16  1.3238848903042755e-16  6.722440326234249e-17  3.413529701165641e-17  
9.750628820771709e-12  5.0129043637710404e-12  2.577188673901946e-12  1.3249607371108893e-12  6.811767305447281e-13  3.5020036838780053e-13  1.8004181957430835e-13  9.256145830130147e-14  4.758685278298617e-14  2.4464918761524728e-14  1.2577680914044377e-14  6.466322603298794e-15  3.324406804059058e-15  1.7091137075710004e-15  8.786739522493153e-16  4.517358388393595e-16  2.322423096411514e-16  1.193982981869115e-16  6.138396415346595e-17  3.15581638299017e-17  
8.79658312241385e-12  4.54429546172726e-12  2.347573024218553e-12  1.212751052490744e-12  6.265045219656105e-13  3.23650855826698e-13  1.671973191010805e-13  8.637376670357792e-14  4.4620497593348623e-14  2.30508507555403e-14  1.1908018718137236e-14  6.151656235830022e-15  3.1779320590240165e-15  1.6417127005488416e-15  8.481051643284986e-16  4.3812925947408923e-16  2.2633661022368502e-16  1.1692499421070497e-16  6.0403194417651e-17  3.1204157164905955e-17  
1.4112350544499646e-11  7.213045031876386e-12  3.686701125217921e-12  1.8843311148921738e-12  9.63111364320562e-13  4.922614145425779e-13  2.5160257600989693e-13  1.2859804645391426e-13  6.572849059825436e-14  3.359486862713002e-14  1.7170867424484853e-14  8.776301267364793e-15  4.485706052666681e-15  2.2927151402326785e-15  1.1718428832685578e-15  5.989473873007213e-16  3.061314600074643e-16  1.5646861943693274e-16  7.997358019950856e-17  4.087575868530733e-17  
9.202021711702013e-12  4.7771805980650585e-12  2.4800478831198235e-12  1.287503659597538e-12  6.684006727288509e-13  3.469966519893493e-13  1.8014146514879824e-13  9.351948291118307e-14  4.8550141838531663e-14  2.5204547749479468e-14  1.3084806824428501e-14  6.7929078249835465e-15  3.526501945185429e-15  1.830764716644266e-15  9.50431759235374e-16  4.934115895673409e-16  2.561520007656631e-16  1.3297994794525856e-16  6.903583225063798e-17  3.583958490117739e-17  
9.459173723270969e-12  4.876216225914552e-12  2.5136957389181063e-12  1.295813387904052e-12  6.679934688492072e-13  3.443514927307084e-13  1.7751363759611085e-13  9.15085085960288e-14  4.7172753929599717e-14  2.4317615350132982e-14  1.25357620036249e-14  6.462201443229353e-15  3.3312731592064367e-15  1.7172756000784072e-15  8.852577815405442e-16  4.563515254874094e-16  2.352497985979552e-16  1.2127157388434186e-16  6.251565238327545e-17  3.222689924543944e-17  
1.305271454774745e-11  6.864969108669316e-12  3.6105746962126715e-12  1.898952410502272e-12  9.987385833991855e-13  5.252784390243773e-13  2.762659249278298e-13  1.4529981740348435e-13  7.641925779663591e-14  4.0192087413102677e-14  2.113870164666267e-14  1.11177282909906e-14  5.847278816757747e-15  3.0753287601578416e-15  1.6174441615387382e-15  8.506816082848601e-16  4.474090765431248e-16  2.3531116674399886e-16  1.237599952648361e-16  6.509056344366168e-17  
8.489160207922314e-12  4.480221421226803e-12  2.3644722789525663e-12  1.2478689404605931e-12  6.585726998905879e-13  3.475669495236347e-13  1.834312057290477e-13  9.680726916448141e-14  5.1090801730472855e-14  2.6963574574420456e-14  1.42302396753484e-14  7.510121503324898e-15  3.963526003881037e-15  2.091782187077296e-15  1.1039545883865482e-15  5.826207626916183e-16  3.0748271413543514e-16  1.6227643356770795e-16  8.564267089126709e-17  4.51985967163224e-17  
8.784109289290415e-12  4.60717594262964e-12  2.4164169032168268e-12  1.2673860783400494e-12  6.647311022497174e-13  3.486446993933034e-13  1.828605973207245e-13  9.590852266126382e-14  5.030304425251734e-14  2.6383434869576103e-14  1.3837843133764808e-14  7.257807921571748e-15  3.806646405601962e-15  1.996547306551518e-15  1.0471687471239558e-15  5.492293527705912e-16  2.8806520703878033e-16  1.5108726998601646e-16  7.924373577248516e-17  4.1562533096009076e-17  
9.951342093659196e-12  5.169651701516552e-12  2.685597426303113e-12  1.3951488325703052e-12  7.247699323653572e-13  3.7651284407637834e-13  1.9559575449250403e-13  1.0161060844907345e-13  5.2785991067033093e-14  2.7421948312861476e-14  1.424550783404495e-14  7.400440374787493e-15  3.8444763344905e-15  1.997178213449485e-15  1.0375199296956752e-15  5.38984251513791e-16  2.799984993686743e-16  1.4545723632651172e-16  7.556400354806218e-17  3.92549643896325e-17  
1.1143598415258763e-11  5.809054958905597e-12  3.02820671188034e-12  1.5785761978063194e-12  8.228971960547994e-13  4.289687100412836e-13  2.2361742764065605e-13  1.1656970024646234e-13  6.076670838637064e-14  3.167712398939853e-14  1.6512992243377617e-14  8.608070382939669e-15  4.487307607581524e-15  2.3391920220548404e-15  1.219399202051605e-15  6.356615446464762e-16  3.313644938118009e-16  1.7273725095359952e-16  9.004633394413506e-17  4.6940322437786006e-17  
1.086413057207521e-11  5.7401638834729155e-12  3.032868685674588e-12  1.6024442248119844e-12  8.466662291585929e-13  4.473439340341089e-13  2.363583055816301e-13  1.2488209712297035e-13  6.598261120316263e-14  3.4862522983583996e-14  1.841993650476608e-14  9.732343840960106e-15  5.142173894799586e-15  2.7169151436135277e-15  1.4355072482207842e-15  7.584635333710437e-16  4.0074122381945e-16  2.1173533255388235e-16  1.1187232155557206e-16  5.910877593869902e-17  
1.2949256293568225e-11  6.6020185371290056e-12  3.365957687179617e-12  1.71609199340577e-12  8.749283275450268e-13  4.4607141183703165e-13  2.274240051372008e-13  1.1594932277691362e-13  5.91153314898057e-14  3.013922232105886e-14  1.5366110604908976e-14  7.834221885589798e-15  3.9941813599237545e-15  2.0363840811436663e-15  1.038225296313157e-15  5.293263564008869e-16  2.6987051131927623e-16  1.3759015019567535e-16  7.014864031762118e-17  3.576441868413394e-17  
9.468277047044018e-12  4.860511600759598e-12  2.4951290402401327e-12  1.2808670030695338e-12  6.575292311913593e-13  3.3754065709789357e-13  1.7327548311068148e-13  8.895044912628819e-14  4.5662446052534715e-14  2.3440679614111478e-14  1.2033202516993081e-14  6.177208391509219e-15  3.1710513853852267e-15  1.6278497100041637e-15  8.356517622431153e-16  4.289793237351373e-16  2.2021524815347428e-16  1.1304683660986455e-16  5.803225423605048e-17  2.979068351412621e-17  
1.0636546949025653e-11  5.5048999391177525e-12  2.8490377079071306e-12  1.474507429898462e-12  7.631250912515613e-13  3.9495216713679524e-13  2.044058256166425e-13  1.0578937153052711e-13  5.4750842325859375e-14  2.833606714948766e-14  1.4665211846814653e-14  7.589918437775909e-15  3.928130223676458e-15  2.0329872027823815e-15  1.0521639383962911e-15  5.44543001424933e-16  2.81825929952362e-16  1.45857819466371e-16  7.548809828492533e-17  3.906854636606169e-17  
8.680114836385595e-12  4.472890733781038e-12  2.3048947961470854e-12  1.1877196062902936e-12  6.12035684025358e-13  3.153839311370549e-13  1.6251834103081719e-13  8.374621711443875e-14  4.315469156585106e-14  2.2237749576185356e-14  1.1459182959482696e-14  5.904953360906755e-15  3.042841214576266e-15  1.5679857386210057e-15  8.07988029326476e-16  4.163587968019658e-16  2.145510098941514e-16  1.1055881657880449e-16  5.697130919745386e-17  2.935749650828075e-17  
1.2267054499085013e-11  6.376692978123837e-12  3.3147495464609525e-12  1.723081947563967e-12  8.956970523431393e-13  4.656036300017038e-13  2.4203132041536856e-13  1.2581336632146196e-13  6.540063954521678e-14  3.399673483018263e-14  1.7672273347031565e-14  9.186448251934207e-15  4.775324024718092e-15  2.4823216672720572e-15  1.2903670678498273e-15  6.707620497955709e-16  3.486773172192563e-16  1.8125037273690538e-16  9.421805203522631e-17  4.897667902839653e-17  
9.781580910596517e-12  5.042629788718597e-12  2.5995915607594213e-12  1.3401492010955014e-12  6.908777164487499e-13  3.5616334263025476e-13  1.8361038952826941e-13  9.465537608041041e-14  4.87970220200664e-14  2.5155986449243434e-14  1.2968489224081922e-14  6.68555427530002e-15  3.446556896155849e-15  1.776779298961921e-15  9.159705678269062e-16  4.722038812672636e-16  2.434319543834998e-16  1.2549476775992483e-16  6.469543727322962e-17  3.3351984936785465e-17  
9.142375555060953e-12  4.797901436079111e-12  2.5179296181490674e-12  1.3214047112925668e-12  6.934706984819374e-13  3.63932113714518e-13  1.9099088639599763e-13  1.0023165670656702e-13  5.260138426350396e-14  2.760510718222538e-14  1.448710814766283e-14  7.602807013088345e-15  3.989938771016248e-15  2.093912336463731e-15  1.098881242149553e-15  5.766908018639792e-16  3.0264624437847807e-16  1.5882817783870506e-16  8.335272795923427e-17  4.374335431400418e-17  
1.1085005434908647e-11  5.657608227008207e-12  2.887552111567794e-12  1.4737600877374314e-12  7.521834108228692e-13  3.8390229741241695e-13  1.959375490577503e-13  1.0000336905906875e-13  5.1040108806386715e-14  2.6050049428125274e-14  1.3295525638120416e-14  6.785822133721712e-15  3.4633743173329087e-15  1.7676504667508154e-15  9.021803265581089e-16  4.604583071927178e-16  2.350105033565338e-16  1.199455755823203e-16  6.121828980531846e-17  3.124482906929643e-17  
1.2714421458616697e-11  6.530878228174678e-12  3.354645004499206e-12  1.7231439192454173e-12  8.851085472382833e-13  4.5464405592849785e-13  2.3353205461190546e-13  1.199558639777644e-13  6.161642060900339e-14  3.164983488734966e-14  1.6257225565779226e-14  8.350671781932874e-15  4.289398515596443e-15  2.203288562413394e-15  1.1317392104302194e-15  5.81328139343784e-16  2.986044863325364e-16  1.5338091040727693e-16  7.878549973012115e-17  4.046888854188504e-17  
8.823480658744013e-12  4.5296520321797506e-12  2.325357568761391e-12  1.1937534680768412e-12  6.128293393194328e-13  3.146041533481166e-13  1.6150625786585403e-13  8.291140168441738e-14  4.2563679080376896e-14  2.1850635015832863e-14  1.121731628728636e-14  5.7585596298617966e-15  2.9562337515844607e-15  1.5176222103680602e-15  7.790916980661605e-16  3.999571631522225e-16  2.0532336919240179e-16  1.0540550294000923e-16  5.411132738439107e-17  2.777877501298231e-17  
1.0065681543043332e-11  5.132631584709262e-12  2.6172005215644936e-12  1.3345470948048695e-12  6.805042004146754e-13  3.469985949425987e-13  1.769394293507156e-13  9.022388596165886e-14  4.600641941648435e-14  2.3459315734027744e-14  1.1962232699022263e-14  6.099709504228974e-15  3.1103270578428345e-15  1.5859992021000537e-15  8.087231414199103e-16  4.123792235217212e-16  2.1027792489504118e-16  1.0722365040739151e-16  5.467483670682535e-17  2.787946276367361e-17  
1.0063355257473428e-11  5.227689684207886e-12  2.7156687541243455e-12  1.4107296392143702e-12  7.328427342014412e-13  3.8069553381676313e-13  1.9776287967971123e-13  1.0273342633443265e-13  5.3367734650230556e-14  2.7723353569711815e-14  1.440166681588634e-14  7.48134624313265e-15  3.886393313022243e-15  2.018895061482881e-15  1.0487711718787202e-15  5.448133446599118e-16  2.830184395589434e-16  1.4702179731001206e-16  7.637456032176452e-17  3.967488883327398e-17  
1.0595918457529735e-11  5.42197949763445e-12  2.7744514824835618e-12  1.4196993979806833e-12  7.264666163210357e-13  3.717362600699755e-13  1.9021912906421199e-13  9.73359904549968e-14  4.9807267462869126e-14  2.5486604497693588e-14  1.3041611032086868e-14  6.673451472425111e-15  3.4148353639164287e-15  1.7473867324634408e-15  8.941457105233322e-16  4.575384125299828e-16  2.341244793512813e-16  1.1980255718511185e-16  6.130351148184363e-17  3.136928466558291e-17  
9.405304131620245e-12  4.848584109939008e-12  2.4995223484711695e-12  1.2885435889830164e-12  6.642647471124955e-13  3.424390591277417e-13  1.7653279016541555e-13  9.100546556507576e-14  4.6914767250638016e-14  2.418530988787327e-14  1.2467912528426879e-14  6.4274075270148696e-15  3.3134309712341095e-15  1.7081264498926828e-15  8.805663960267327e-16  4.539460049109517e-16  2.340163970649158e-16  1.2063918065759176e-16  6.219141945723485e-17  3.2060667463281126e-17  
1.0510936479629529e-11  5.335050493583618e-12  2.707918920854329e-12  1.3744621331588053e-12  6.976376363925404e-13  3.5410089515731855e-13  1.7973147865070516e-13  9.122655395609002e-14  4.6303987532852536e-14  2.350257867325078e-14  1.1929236200239493e-14  6.054938834565806e-15  3.073313636760506e-15  1.559926031948992e-15  7.917738027274922e-16  4.018817186493713e-16  2.0398365698411413e-16  1.0353626548739713e-16  5.255204475479901e-17  2.667391367565385e-17  
9.064220257574884e-12  4.691021747564977e-12  2.4277526815103177e-12  1.2564390872073864e-12  6.502471161438285e-13  3.365235261767808e-13  1.741616085005521e-13  9.013416155506941e-14  4.664729011853148e-14  2.4141453560568032e-14  1.2493968642897252e-14  6.46602542212569e-15  3.3463734346207233e-15  1.7318544906453394e-15  8.962896805653031e-16  4.638583644452189e-16  2.400614298382706e-16  1.2423941123692057e-16  6.429783957754253e-17  3.327617326240866e-17  
8.370146888296879e-12  4.326477196072959e-12  2.2363293234807334e-12  1.1559448059957972e-12  5.975007260687886e-13  3.088444325377483e-13  1.5963977841021465e-13  8.251681482957465e-14  4.265243160211397e-14  2.2046778287920357e-14  1.1395843440087155e-14  5.890441043811456e-15  3.044732570523382e-15  1.5738034481722685e-15  8.134892756946314e-16  4.204875789532142e-16  2.1734743079797717e-16  1.1234554369497242e-16  5.807071720047392e-17  3.0016394823218435e-17  
9.201715709614711e-12  4.8459580910500554e-12  2.5520577424138622e-12  1.3440064066264467e-12  7.078026453055077e-13  3.727546105669108e-13  1.9630613225373908e-13  1.0338194744744849e-13  5.444469276289471e-14  2.8672554959876206e-14  1.5100010050702534e-14  7.95221436842271e-15  4.187925249652825e-15  2.205513720344843e-15  1.1615037233610103e-15  6.116900960246829e-16  3.22138247212825e-16  1.6964971476857736e-16  8.934370870294384e-17  4.705164577308797e-17  
1.116340655424703e-11  5.633458733254764e-12  2.8428470418118664e-12  1.4346034444933592e-12  7.23952788413303e-13  3.653327627667095e-13  1.843601263602845e-13  9.303478815910141e-14  4.6948719219762204e-14  2.369202187687722e-14  1.1955851191317594e-14  6.0333549602382455e-15  3.0446491423936683e-15  1.536440083729543e-15  7.753432400539026e-16  3.912662434828181e-16  1.9744709875656228e-16  9.963894779258067e-17  5.028141704656277e-17  2.537382174562305e-17  
9.248868070617714e-12  4.8629354783708625e-12  2.5568687201761144e-12  1.3443685776405169e-12  7.068516495530906e-13  3.7165347568063174e-13  1.954106014647129e-13  1.0274437254991303e-13  5.4021665209303336e-14  2.8403894437803206e-14  1.4934401153834262e-14  7.852315403862483e-15  4.1286461081772734e-15  2.1707888450561627e-15  1.1413727615178606e-15  6.001190690203706e-16  3.15534862180291e-16  1.6590415867581048e-16  8.723026570104184e-17  4.586454803187417e-17  
8.06250761583941e-12  4.225460721820642e-12  2.21451180729088e-12  1.1605983033532227e-12  6.08255244931033e-13  3.187790658638514e-13  1.6706817356675954e-13  8.755836755872123e-14  4.5888259659968365e-14  2.404947046561216e-14  1.2604030616155874e-14  6.6056168679533856e-15  3.461922263998623e-15  1.8143507262907045e-15  9.50878820193206e-16  4.98343852481339e-16  2.611758617733034e-16  1.368790453286107e-16  7.173661808890378e-17  3.7596276058754776e-17  
9.971048812604855e-12  5.153778454434477e-12  2.6638554134661862e-12  1.3768782897036194e-12  7.116729440620702e-13  3.678454247535537e-13  1.901298309021018e-13  9.827321523186242e-14  5.0794895183916104e-14  2.6254573747867867e-14  1.3570313319604925e-14  7.014145625091392e-15  3.625431314022233e-15  1.873892119615313e-15  9.685665985106102e-16  5.006271417284151e-16  2.587612823119845e-16  1.3374704574061276e-16  6.913040499920648e-17  3.573172677490525e-17  
1.4305882288529939e-11  7.187642179186259e-12  3.6112557795501163e-12  1.8143875251745716e-12  9.115948280792276e-13  4.580086222213425e-13  2.301152788142639e-13  1.1561581807552898e-13  5.808835231693988e-14  2.9185078054740014e-14  1.4663331753909508e-14  7.367233958460837e-15  3.7014872956296244e-15  1.859722153111849e-15  9.343721078979587e-16  4.694525117942006e-16  2.358649824486756e-16  1.185046166499206e-16  5.953975881265213e-17  2.9914301903875894e-17  
1.1009937982200767e-11  5.669740580052343e-12  2.9197220090668155e-12  1.5035567306591766e-12  7.742801661563175e-13  3.9872773901934703e-13  2.053311150312788e-13  1.0573848436951244e-13  5.445169415779211e-14  2.8040755589916763e-14  1.444002773862143e-14  7.436119202406094e-15  3.829346438476556e-15  1.971982124913801e-15  1.0155031840176383e-15  5.229493227759562e-16  2.6930097167187333e-16  1.386807673034997e-16  7.141584042749315e-17  3.677670929526559e-17  
9.861043876021944e-12  5.171333144147551e-12  2.711952895046572e-12  1.4222035788343787e-12  7.45832651940136e-13  3.9112990079519104e-13  2.0511652164611192e-13  1.0756730019020115e-13  5.641049281330857e-14  2.9582816467584967e-14  1.551383415583899e-14  8.135772010707556e-15  4.266565282657737e-15  2.2374741188939942e-15  1.1733772018137084e-15  6.153430093827158e-16  3.22698462703124e-16  1.6922967555188827e-16  8.87475039313846e-17  4.6541006642988105e-17  
1.0607283772442562e-11  5.413192312263863e-12  2.76250278942099e-12  1.4097821066266902e-12  7.194510701585055e-13  3.6715591715853847e-13  1.8736988948369818e-13  9.562007268419921e-14  4.8797586022630555e-14  2.490276711564885e-14  1.2708575578485371e-14  6.485540039949353e-15  3.3097516987658574e-15  1.6890584654487813e-15  8.619735736575005e-16  4.3988911981591467e-16  2.244876683531681e-16  1.145623089376051e-16  5.846433670676058e-17  2.983597919995745e-17  
1.1689884266950982e-11  5.912677559834221e-12  2.9905989767070237e-12  1.5126281027460358e-12  7.650787668417041e-13  3.8697252709333e-13  1.9572852262410395e-13  9.899838331255709e-14  5.007282417045656e-14  2.5326552177013486e-14  1.281002731125038e-14  6.479239596770525e-15  3.2771628609635933e-15  1.6575704998827596e-15  8.383898141924236e-16  4.240528415481116e-16  2.1448353663294406e-16  1.0848456366576684e-16  5.487088071422683e-17  2.7753382127534956e-17  
1.5020484789604546e-11  7.526551091943191e-12  3.771447601933404e-12  1.8898187018693238e-12  9.469612474807279e-13  4.74508799888183e-13  2.377696043743394e-13  1.1914296379256218e-13  5.970084300147717e-14  2.9915242508928853e-14  1.499010213885725e-14  7.51132677819025e-15  3.7638189150497005e-15  1.885996075476175e-15  9.45045783815176e-16  4.735489883144907e-16  2.372886564589279e-16  1.1890196763906832e-16  5.958008325985474e-17  2.985473152157377e-17  
1.3017466696162359e-11  6.493808042127891e-12  3.239458480845335e-12  1.6160150070715775e-12  8.061546454514457e-13  4.021530180964224e-13  2.006154165042297e-13  1.000776906503679e-13  4.9924100253280243e-14  2.4904809152792082e-14  1.2423849719680089e-14  6.1976801713371265e-15  3.0917340738064297e-15  1.5423221784407478e-15  7.693927243818781e-16  3.838142073079912e-16  1.9146703765597942e-16  9.551399039102994e-17  4.764748267954841e-17  2.3769110644455756e-17  
1.104652245748595e-11  5.795786098053902e-12  3.04087884885718e-12  1.5954598767079917e-12  8.370909676792038e-13  4.3919706060922457e-13  2.3043380647454933e-13  1.2090185460871183e-13  6.343365442535673e-14  3.3281776584638385e-14  1.7461971293695573e-14  9.161783797400638e-15  4.806919043591471e-15  2.522049330415118e-15  1.3232452569650395e-15  6.942679466909053e-16  3.6426201361033135e-16  1.911175867932251e-16  1.0027378814399059e-16  5.2610713422331574e-17  
9.02767581113901e-12  4.657807550298666e-12  2.4031845659377974e-12  1.2399172777310903e-12  6.397323274320126e-13  3.3006835061648223e-13  1.7029796902089984e-13  8.786482617456738e-14  4.5333645040355556e-14  2.338978476508746e-14  1.2067903008242793e-14  6.226405436348218e-15  3.212498860100771e-15  1.657481034868413e-15  8.551733403143637e-16  4.4122462133781664e-16  2.2764877867115827e-16  1.174548380218152e-16  6.060054025002602e-17  3.1266702508354305e-17  
1.1015417975204433e-11  5.681240480875808e-12  2.9301197171270257e-12  1.5112195277769736e-12  7.794167752892031e-13  4.0198693732858776e-13  2.0732617375711286e-13  1.0692920175570019e-13  5.514911108862813e-14  2.844334759754918e-14  1.4669756349378936e-14  7.565978322772609e-15  3.902179873838771e-15  2.0125629651833742e-15  1.0379864126671073e-15  5.353451352928796e-16  2.7610613239661477e-16  1.4240270681699596e-16  7.344469582326398e-17  3.787935963537454e-17  
1.0998203399663337e-11  5.667493508912679e-12  2.9205208802149063e-12  1.5049760883462656e-12  7.755305027394153e-13  3.9963928020952643e-13  2.0593845596303105e-13  1.0612232016382837e-13  5.4685982684923e-14  2.818028005417681e-14  1.4521603982272004e-14  7.483140047314124e-15  3.856143235697525e-15  1.987112436784197e-15  1.023980592802895e-15  5.276683065472872e-16  2.7191320196053484e-16  1.4011982240173592e-16  7.220526435764426e-17  3.7208155931067774e-17  
9.466546310403356e-12  4.869349002555535e-12  2.5046684325234447e-12  1.288337302088444e-12  6.626877164257122e-13  3.408695912084811e-13  1.7533458872202023e-13  9.018762246679133e-14  4.639020347039466e-14  2.386193270387009e-14  1.2273967125998923e-14  6.3134143776069165e-15  3.247458681793541e-15  1.670409584924739e-15  8.592159146016898e-16  4.4195866365199417e-16  2.273322188958816e-16  1.1693387187182442e-16  6.014778924582921e-17  3.09384825222093e-17  
1.1365679374945393e-11  5.802343136174363e-12  2.962179801070756e-12  1.5122354827944299e-12  7.720180100464729e-13  3.94126321341672e-13  2.0120716764751157e-13  1.0271915911355122e-13  5.243961123432446e-14  2.6771177355211682e-14  1.3667071896884778e-14  6.9772371889447134e-15  3.561980148936618e-15  1.818442205393553e-15  9.28340955337369e-16  4.739314380190509e-16  2.4194882995459295e-16  1.235183649370891e-16  6.305790558935594e-17  3.2191969666546094e-17  
8.939426832143006e-12  4.6402391272889044e-12  2.4086353144031675e-12  1.25026403136677e-12  6.489816614337987e-13  3.368706019775271e-13  1.7486133926494247e-13  9.076626986752942e-14  4.7114563918457297e-14  2.445602464953228e-14  1.2694527804474149e-14  6.589420745519616e-15  3.4204081026299276e-15  1.7754506868439335e-15  9.21593285605559e-16  4.783766681704012e-16  2.483136978362918e-16  1.2889360337943908e-16  6.690553576745922e-17  3.472903696511012e-17  
1.1714909055014176e-11  6.073382822788819e-12  3.1486355326299754e-12  1.6323531722947955e-12  8.46263993240027e-13  4.387302689207632e-13  2.274517767562523e-13  1.1791826188978882e-13  6.113259120419952e-14  3.169308678271314e-14  1.6430707909328496e-14  8.518203488747041e-15  4.416108610542981e-15  2.289451676738525e-15  1.1869248341417853e-15  6.153397235749577e-16  3.190117558565416e-16  1.6538587787478793e-16  8.574131861370798e-17  4.44510366428216e-17  
1.2277881043081731e-11  6.238512946259499e-12  3.1698502081983635e-12  1.610632281919008e-12  8.183782125888059e-13  4.1582607424338663e-13  2.112853462626892e-13  1.0735617680197569e-13  5.454873658492007e-14  2.771675325677431e-14  1.4083156809708448e-14  7.155791440989277e-15  3.6359284952104036e-15  1.8474512751388062e-15  9.387082882702534e-16  4.769669773299245e-16  2.4235164460138265e-16  1.2314127063846512e-16  6.256929908355629e-17  3.179208049023206e-17  
1.0093265690268148e-11  5.138936643256549e-12  2.6164643470019748e-12  1.3321599689530765e-12  6.782627039862057e-13  3.4533412378411115e-13  1.758251726784688e-13  8.952052293198764e-14  4.557893448324133e-14  2.3206290586639232e-14  1.18153688518004e-14  6.0157370081571696e-15  3.0628829455288098e-15  1.5594518053715665e-15  7.939872259325819e-16  4.0425469563896565e-16  2.0582429239236782e-16  1.0479442736431022e-16  5.3355567892241995e-17  2.7165725284293072e-17  
1.1631122335255852e-11  5.8726768185902475e-12  2.9651767062123855e-12  1.4971491145625723e-12  7.559264399114521e-13  3.816752633381863e-13  1.9271188167639446e-13  9.730226951163552e-14  4.912894612286207e-14  2.480572507976761e-14  1.2524673238343131e-14  6.323840130567876e-15  3.1929738393934393e-15  1.6121662990451618e-15  8.139998341704894e-16  4.1099713498664596e-16  2.0751680513469467e-16  1.0477743212178365e-16  5.290323487251624e-17  2.6711403432025488e-17  
1.2706690233554567e-11  6.56994146207325e-12  3.3969609726603413e-12  1.7563845760866294e-12  9.081313573935674e-13  4.695455502797621e-13  2.4277657851206175e-13  1.2552662257986624e-13  6.490301936405837e-14  3.3557836863580065e-14  1.7350940310587067e-14  8.971231694265926e-15  4.638538123671196e-15  2.398336890407519e-15  1.2400501378949821e-15  6.411627785252811e-16  3.3151055429427575e-16  1.7140615657894848e-16  8.862484205280155e-17  4.582310685711214e-17  
1.0900551628256155e-11  5.472758367711018e-12  2.7476668312558106e-12  1.3795005202725588e-12  6.925955009481594e-13  3.4772623923248407e-13  1.7458031027524254e-13  8.765022968376767e-14  4.4005894774186907e-14  2.2093710214605897e-14  1.1092423720771858e-14  5.569090153078975e-15  2.796031409712778e-15  1.4037825621799669e-15  7.047866039827429e-16  3.5384693508527003e-16  1.7765328222995717e-16  8.919305371253626e-17  4.478048888660414e-17  2.248260488295668e-17  
1.059822200453141e-11  5.462633130843671e-12  2.8156006459793232e-12  1.4512427995351784e-12  7.480129208700885e-13  3.855477043316337e-13  1.987225463197703e-13  1.0242740385206621e-13  5.279407522784198e-14  2.7211608166780792e-14  1.4025657534993796e-14  7.22923349782309e-15  3.7261580667897425e-15  1.9205706860738675e-15  9.899182198097499e-16  5.102327599899735e-16  2.6298886529941794e-16  1.3555214148310373e-16  6.986753237531827e-17  3.6011766592596616e-17  
1.16516410382484e-11  5.9880924843574015e-12  3.077442180334113e-12  1.5815805113297112e-12  8.128168677880337e-13  4.177285037517892e-13  2.1468194099069053e-13  1.1033083778959847e-13  5.670199231095343e-14  2.9140682663560176e-14  1.4976182520032478e-14  7.69666398906266e-15  3.955523143584488e-15  2.0328499934083764e-15  1.0447364218821347e-15  5.36918215680572e-16  2.7593674757721094e-16  1.418113344636233e-16  7.288066833768262e-17  3.745534048768024e-17  
9.182134506010422e-12  4.818612931254355e-12  2.528718193580481e-12  1.3270241444523693e-12  6.963975204631656e-13  3.654564301144501e-13  1.9178471833611623e-13  1.0064504317448897e-13  5.28166415107288e-14  2.7717188372968333e-14  1.4545463500297642e-14  7.633187955125655e-15  4.005754671006744e-15  2.1021453393555544e-15  1.1031666666355449e-15  5.789212913075103e-16  3.038070961220217e-16  1.5943229768875133e-16  8.366709622906678e-17  4.3906931612250356e-17  
1.0236365326679462e-11  5.412394794851463e-12  2.8617596657072215e-12  1.5131321152069555e-12  8.000562819816169e-13  4.230232429180195e-13  2.236700943159265e-13  1.1826374065453132e-13  6.253098965410659e-14  3.306275148647742e-14  1.7481660563879706e-14  9.24328564111489e-15  4.887311999397347e-15  2.5841264142273422e-15  1.3663357947131023e-15  7.224389231253946e-16  3.819836965891462e-16  2.0197076844734586e-16  1.0679039883497037e-16  5.646455361338677e-17  
1.1004976747174688e-11  5.546166965800178e-12  2.7950961387019886e-12  1.4086417651617896e-12  7.099117612031746e-13  3.5777351002844174e-13  1.803067528577509e-13  9.08690113013722e-14  4.5795163431306587e-14  2.3079342051434983e-14  1.163127259773026e-14  5.861800650174912e-15  2.954165726379433e-15  1.4888079038741304e-15  7.503130087947497e-16  3.7813448578670823e-16  1.9056805315272414e-16  9.604038840007871e-17  4.8401377100945017e-17  2.4392792910299955e-17  
1.1105201680355205e-11  5.698642563476221e-12  2.9242627014788364e-12  1.5005875964334793e-12  7.700276495101692e-13  3.9514026533301496e-13  2.027665232368821e-13  1.0404979333331907e-13  5.339322941419924e-14  2.7398775681800507e-14  1.4059702271201937e-14  7.214746755496285e-15  3.702252703640949e-15  1.899813748996083e-15  9.748908488404963e-16  5.002659695747391e-16  2.567118571399168e-16  1.3173188184726116e-16  6.75983138775026e-17  3.4688125418109507e-17  
1.0648493196949134e-11  5.374692793074602e-12  2.712808477748239e-12  1.3692559035979437e-12  6.911146676650192e-13  3.488314219472446e-13  1.7606826570307444e-13  8.886823903259698e-14  4.485512410324655e-14  2.2640058813134046e-14  1.1427284469937948e-14  5.767777877022592e-15  2.9112132218453362e-15  1.4693981987083914e-15  7.416602295447292e-16  3.743436575407858e-16  1.889452452196801e-16  9.536773222138912e-17  4.8135661410670033e-17  2.4295868691349785e-17  
8.778409324233659e-12  4.5526857529977704e-12  2.361127944709767e-12  1.2245354662615343e-12  6.350723650923e-13  3.2936319119873316e-13  1.7081535535064103e-13  8.858878709964966e-14  4.5944190343292817e-14  2.38277178795359e-14  1.2357604630846206e-14  6.408939076094428e-15  3.3238237755691534e-15  1.7238117510349713e-15  8.940085737540107e-16  4.636534873751812e-16  2.4046140346559835e-16  1.2470883565220953e-16  6.467688146865007e-17  3.3542924000796036e-17  
1.257151685124353e-11  6.331657616325137e-12  3.1889459835869e-12  1.606115981384553e-12  8.089219945824679e-13  4.074144089863246e-13  2.0519469338369456e-13  1.0334652202799666e-13  5.205058395594896e-14  2.6215331072499472e-14  1.32033789250545e-14  6.649895610948391e-15  3.3492268825669656e-15  1.6868416238656493e-15  8.495795488852807e-16  4.2789162875293514e-16  2.155080665454702e-16  1.0854086321231458e-16  5.4666719328525124e-17  2.7532950390288563e-17  
1.0372606771504346e-11  5.4078099175171534e-12  2.819388486251805e-12  1.469902152193025e-12  7.663407677081356e-13  3.9953555505398997e-13  2.0829984059140534e-13  1.0859815363501673e-13  5.661818530177652e-14  2.9518171346079613e-14  1.53894448395395e-14  8.023363293494922e-15  4.183020194075301e-15  2.180838297354465e-15  1.1369908483693782e-15  5.927758104963258e-16  3.0904660491640212e-16  1.6112297823081758e-16  8.400226276872003e-17  4.379499577122053e-17  
9.311109329778745e-12  4.829070440268871e-12  2.5045266349195278e-12  1.2989360463071003e-12  6.736741501853236e-13  3.49391228242672e-13  1.812066417263317e-13  9.398016993983829e-14  4.8741438270567756e-14  2.527903286623548e-14  1.3110600042307082e-14  6.7996206333877684e-15  3.5265236227781907e-15  1.8289798111599147e-15  9.4857358335097e-16  4.91963791804058e-16  2.5514981303951893e-16  1.323297124273536e-16  6.863086663674654e-17  3.559439349569139e-17  
8.391715395370355e-12  4.342608655270554e-12  2.2472461283940436e-12  1.1629220043700638e-12  6.017977163963554e-13  3.1142285561622413e-13  1.61157465968661e-13  8.339699019858031e-14  4.315690825974265e-14  2.233316485528934e-14  1.1557135869225154e-14  5.9806744975554465e-15  3.0949248888693893e-15  1.6015852512385291e-15  8.288005069880161e-16  4.288939847893806e-16  2.2194731860989705e-16  1.1485498511319496e-16  5.943603053181439e-17  3.0757408761119103e-17  
1.1143863315059592e-11  5.784315528492705e-12  3.002397390135515e-12  1.5584194955978747e-12  8.089106832556613e-13  4.198718607752722e-13  2.1793800368831483e-13  1.1312254496871301e-13  5.871720380856465e-14  3.047765610338835e-14  1.58196825002916e-14  8.211338613477208e-15  4.262164036726966e-15  2.2123119178343132e-15  1.1483190181366692e-15  5.960445978635835e-16  3.0938193745048464e-16  1.6058728417923246e-16  8.335417397852704e-17  4.3265681683040134e-17  
8.929817290438632e-12  4.682906374575627e-12  2.4557738864961537e-12  1.2878381285474558e-12  6.75358205598873e-13  3.541661764465475e-13  1.8572911308235138e-13  9.739863866295283e-14  5.107704794342169e-14  2.6785434195261726e-14  1.4046612204828872e-14  7.366216765220496e-15  3.862934965454649e-15  2.025770761700555e-15  1.0623391839779135e-15  5.571037765731577e-16  2.921520946915645e-16  1.5320816340124118e-16  8.034425136524295e-17  4.213351680573095e-17  
8.571522110854593e-12  4.500757004809533e-12  2.363269131708796e-12  1.2409114695415556e-12  6.515810047103538e-13  3.421338396172641e-13  1.796485216190216e-13  9.433031048902872e-14  4.9531203467551373e-14  2.6007972455781478e-14  1.3656333460660156e-14  7.17070290295885e-15  3.765211231156978e-15  1.977046853995425e-15  1.0381128767886229e-15  5.450949949802485e-16  2.862198901449688e-16  1.5028908037867134e-16  7.891417912859429e-17  4.143646133071737e-17  
8.992126076403822e-12  4.690315106473433e-12  2.4464799104341365e-12  1.2760899462590773e-12  6.656116586113835e-13  3.4718468034184274e-13  1.8109238428235373e-13  9.445823362015231e-14  4.926964727974317e-14  2.569916935808977e-14  1.3404750026844989e-14  6.991950626047658e-15  3.6470186657105926e-15  1.9022939175930636e-15  9.922411922195309e-16  5.175554494664848e-16  2.699581970319882e-16  1.4081086040130874e-16  7.344729156198703e-17  3.8310288158294735e-17  
1.0719411794956624e-11  5.492358366094997e-12  2.8141469885321978e-12  1.4418984970012904e-12  7.387927084572727e-13  3.7853889660386014e-13  1.9395385823621055e-13  9.937710354790646e-14  5.0918341090920064e-14  2.6089283817790415e-14  1.3367496181971982e-14  6.8491705415533775e-15  3.50934359499194e-15  1.7980998418704624e-15  9.213013641492699e-16  4.720517647676074e-16  2.418675118602223e-16  1.2392686069557322e-16  6.349702233152924e-17  3.2534285322332554e-17  
9.870856271370491e-12  5.05861567233652e-12  2.592438975596161e-12  1.3285729293377682e-12  6.808669539321487e-13  3.4893064484455193e-13  1.7881995037134375e-13  9.164163458630975e-14  4.6964497933316433e-14  2.4068362334274492e-14  1.2334552501262446e-14  6.321210529132814e-15  3.2394934919227797e-15  1.6601753787260318e-15  8.508065520119956e-16  4.360212771629099e-16  2.2345215100799396e-16  1.145147413791088e-16  5.868650596545379e-17  3.007565612038812e-17  
9.811073570696494e-12  5.031582697314917e-12  2.580433655653608e-12  1.3233684611371288e-12  6.786859565621567e-13  3.4806226773675573e-13  1.7850279801827296e-13  9.1544679943449e-14  4.694844293191765e-14  2.4077382706380415e-14  1.2348020973351325e-14  6.332649350542537e-15  3.2476821900022064e-15  1.6655650776485678e-15  8.54180571123122e-16  4.380642088835716e-16  2.246600515069885e-16  1.1521630327150782e-16  5.908837129924306e-17  3.030331232351414e-17  
1.212382168373026e-11  6.198544609787086e-12  3.1691290322325867e-12  1.6202801552934916e-12  8.284004074736032e-13  4.235361600032234e-13  2.1654127305096967e-13  1.1071102626556785e-13  5.660321085251128e-14  2.8939515664216187e-14  1.4795902109893433e-14  7.564698794052122e-15  3.867602490183397e-15  1.9773885820588242e-15  1.0109791826799635e-15  5.168831847648668e-16  2.642667932928609e-16  1.3511164629791723e-16  6.907851243006163e-17  3.531776134996111e-17  
1.077617440122273e-11  5.452145070270986e-12  2.7584822554381938e-12  1.3956386441473005e-12  7.061155536517669e-13  3.572552087174204e-13  1.8075127151025928e-13  9.145009325369251e-14  4.6268662379143334e-14  2.340937053411605e-14  1.1843839882662435e-14  5.992324439553416e-15  3.0317829812468917e-15  1.533913615342115e-15  7.760750007126941e-16  3.9265079904573225e-16  1.9865947215110465e-16  1.0051064704635672e-16  5.0852798813404484e-17  2.572868868274129e-17  
9.793444001881023e-12  5.041554946428823e-12  2.5953358464069465e-12  1.3360497360871042e-12  6.877833941105015e-13  3.5406316429474673e-13  1.822677392095744e-13  9.382938443411055e-14  4.830231296807372e-14  2.486548805725265e-14  1.2800473897265453e-14  6.589540153698389e-15  3.3922212400651488e-15  1.7462773840281898e-15  8.989639785139038e-16  4.627765566094639e-16  2.3823217221823316e-16  1.2263924580715732e-16  6.313330593472704e-17  3.250031661573738e-17  
1.3676381415245486e-11  6.895087143635013e-12  3.4762284901855715e-12  1.7525760391778346e-12  8.835790805386039e-13  4.454654029914109e-13  2.2458592516850584e-13  1.1322728419555006e-13  5.708468986505167e-14  2.877982846750291e-14  1.4509643979444283e-14  7.315184961854298e-15  3.688025088827077e-15  1.859355453996638e-15  9.37413011310764e-16  4.726063281154124e-16  2.382692993160165e-16  1.20125896796459e-16  6.056269575046951e-17  3.053330059861056e-17  
1.0979602375690648e-11  5.569181849000562e-12  2.824855163781496e-12  1.4328508051456484e-12  7.267846706371305e-13  3.686468651001174e-13  1.869886867990872e-13  9.484623985979477e-14  4.81088421419174e-14  2.4402239832145687e-14  1.237754396726009e-14  6.278259525162012e-15  3.184520513079852e-15  1.615283799209411e-15  8.193201272442114e-16  4.1558360904506566e-16  2.1079640346177293e-16  1.069222239407427e-16  5.4234141497141317e-17  2.7509174384196094e-17  
1.2413679925489946e-11  6.196090956919748e-12  3.0926802831117308e-12  1.54366218960461e-12  7.70494437665353e-13  3.8458004767565625e-13  1.919570159628431e-13  9.581229239545816e-14  4.7823182330828315e-14  2.3870181070378654e-14  1.1914421344674131e-14  5.946893974532158e-15  2.968297571592568e-15  1.4815785368387174e-15  7.395063695192252e-16  3.6911284617174315e-16  1.8423680826113961e-16  9.19588734726903e-17  4.589980954500671e-17  2.2910160126021634e-17  
8.622009609713862e-12  4.529587178352002e-12  2.3796262049134672e-12  1.2501406093195234e-12  6.567634613548982e-13  3.4503178358924997e-13  1.8126302495754876e-13  9.522683352521338e-14  5.0027576365132566e-14  2.628207097011696e-14  1.3807329970110063e-14  7.253703907894555e-15  3.810745487889959e-15  2.0019815197679814e-15  1.0517443419480987e-15  5.525356502531752e-16  2.9027552859016453e-16  1.5249673475311697e-16  8.011441482273947e-17  4.208824190748002e-17  
9.2476978866054e-12  4.831404160646337e-12  2.5241380557339084e-12  1.3187207512674369e-12  6.889577279154491e-13  3.599418227082682e-13  1.8804944118494616e-13  9.824529993179428e-14  5.132766626621008e-14  2.6815830641918067e-14  1.400976949324932e-14  7.319319840391868e-15  3.823934644447091e-15  1.9977916642347242e-15  1.0437342435968422e-15  5.452926802925538e-16  2.848848823393504e-16  1.4883639395629312e-16  7.775867916896118e-17  4.0624554420990826e-17  
1.3114652799349042e-11  6.573293682197752e-12  3.2946499227616265e-12  1.6513362460817312e-12  8.276786491893998e-13  4.1484703551410066e-13  2.0792860011960495e-13  1.0421745618627917e-13  5.2235614377682425e-14  2.6181404817028864e-14  1.3122578653655242e-14  6.577266259194951e-15  3.2966410479311027e-15  1.6523342328906252e-15  8.281788576574525e-16  4.150977487592885e-16  2.0805426198925962e-16  1.0428044011627967e-16  5.226718302654292e-17  2.6197227576753062e-17  
1.0038630648741838e-11  5.15223350237722e-12  2.6443357656898387e-12  1.3571806554342208e-12  6.965603065177871e-13  3.5750307718681583e-13  1.8348511823330365e-13  9.417202469420032e-14  4.833291288358781e-14  2.4806416506369943e-14  1.273166178437505e-14  6.5344066020213806e-15  3.3537232109748915e-15  1.721267141893558e-15  8.834242981254175e-16  4.534092771095551e-16  2.3270808037003255e-16  1.1943525067401922e-16  6.129902786737406e-17  3.1461154025128207e-17  
1.2582442083465972e-11  6.419810174804679e-12  3.275513799875392e-12  1.6712317593565852e-12  8.52695413338927e-13  4.3506202168463403e-13  2.219772262772649e-13  1.1325715996756328e-13  5.778603732932575e-14  2.9483576236439086e-14  1.504310224173765e-14  7.675287530950595e-15  3.916083114779182e-15  1.998062860839726e-15  1.0194510889721346e-15  5.201440571142465e-16  2.653877592342869e-16  1.3540607027627002e-16  6.90868483179586e-17  3.524947294290622e-17  
