|                      Parameters |                      0 |                     1 |   2 |   3 |   4 |                      5 |   6 |   7 |                      8 |                      9 |  10 |
|           Source.spectral.index |   0.003117480602197842 | 3.588224830646721e-15 | 0.0 | 0.0 | 0.0 | -3.959084798854457e-06 | 0.0 | 0.0 |                    0.0 |                    0.0 | 0.0 |
|       Source.spectral.amplitude |  3.588224830646721e-15 | 8.503150113316939e-27 | 0.0 | 0.0 | 0.0 |  5.355643983045487e-17 | 0.0 | 0.0 |                    0.0 |                    0.0 | 0.0 |
|       Source.spectral.reference |                    0.0 |                   0.0 | 0.0 | 0.0 | 0.0 |                    0.0 | 0.0 | 0.0 |                    0.0 |                    0.0 | 0.0 |
|            Source.spatial.lon_0 |                    0.0 |                   0.0 | 0.0 | 0.0 | 0.0 |                    0.0 | 0.0 | 0.0 |                    0.0 |                    0.0 | 0.0 |
|            Source.spatial.lat_0 |                    0.0 |                   0.0 | 0.0 | 0.0 | 0.0 |                    0.0 | 0.0 | 0.0 |                    0.0 |                    0.0 | 0.0 |
|            Source.spatial.sigma | -3.959084798854457e-06 | 5.355643983045487e-17 | 0.0 | 0.0 | 0.0 | 0.00011751395482650321 | 0.0 | 0.0 |                    0.0 |                    0.0 | 0.0 |
|                Source.spatial.e |                    0.0 |                   0.0 | 0.0 | 0.0 | 0.0 |                    0.0 | 0.0 | 0.0 |                    0.0 |                    0.0 | 0.0 |
|              Source.spatial.phi |                    0.0 |                   0.0 | 0.0 | 0.0 | 0.0 |                    0.0 | 0.0 | 0.0 |                    0.0 |                    0.0 | 0.0 |
|      E-bLmssv-bkg.spectral.norm |                    0.0 |                   0.0 | 0.0 | 0.0 | 0.0 |                    0.0 | 0.0 | 0.0 | 4.2690720552144004e-06 | 2.3758956860835435e-06 | 0.0 |
|      E-bLmssv-bkg.spectral.tilt |                    0.0 |                   0.0 | 0.0 | 0.0 | 0.0 |                    0.0 | 0.0 | 0.0 | 2.3758956860835435e-06 |  3.847432199799425e-06 | 0.0 |
| E-bLmssv-bkg.spectral.reference |                    0.0 |                   0.0 | 0.0 | 0.0 | 0.0 |                    0.0 | 0.0 | 0.0 |                    0.0 |                    0.0 | 0.0 |
