|                      Parameters |                      0 |                     1 |   2 |   3 |   4 |                      5 |   6 |   7 |                     8 |                     9 |  10 |
|           Source.spectral.index |   0.004799697970108097 | 4.528610007550145e-15 | 0.0 | 0.0 | 0.0 | 3.5047076349300795e-05 | 0.0 | 0.0 |                   0.0 |                   0.0 | 0.0 |
|       Source.spectral.amplitude |  4.528610007550145e-15 | 7.939588931241858e-27 | 0.0 | 0.0 | 0.0 |  5.350812571956648e-17 | 0.0 | 0.0 |                   0.0 |                   0.0 | 0.0 |
|       Source.spectral.reference |                    0.0 |                   0.0 | 0.0 | 0.0 | 0.0 |                    0.0 | 0.0 | 0.0 |                   0.0 |                   0.0 | 0.0 |
|            Source.spatial.lon_0 |                    0.0 |                   0.0 | 0.0 | 0.0 | 0.0 |                    0.0 | 0.0 | 0.0 |                   0.0 |                   0.0 | 0.0 |
|            Source.spatial.lat_0 |                    0.0 |                   0.0 | 0.0 | 0.0 | 0.0 |                    0.0 | 0.0 | 0.0 |                   0.0 |                   0.0 | 0.0 |
|            Source.spatial.sigma | 3.5047076349300795e-05 | 5.350812571956648e-17 | 0.0 | 0.0 | 0.0 |  0.0001300966194125693 | 0.0 | 0.0 |                   0.0 |                   0.0 | 0.0 |
|                Source.spatial.e |                    0.0 |                   0.0 | 0.0 | 0.0 | 0.0 |                    0.0 | 0.0 | 0.0 |                   0.0 |                   0.0 | 0.0 |
|              Source.spatial.phi |                    0.0 |                   0.0 | 0.0 | 0.0 | 0.0 |                    0.0 | 0.0 | 0.0 |                   0.0 |                   0.0 | 0.0 |
|      9SBywjp1-bkg.spectral.norm |                    0.0 |                   0.0 | 0.0 | 0.0 | 0.0 |                    0.0 | 0.0 | 0.0 | 4.078761927434794e-06 | 2.041884177260682e-06 | 0.0 |
|      9SBywjp1-bkg.spectral.tilt |                    0.0 |                   0.0 | 0.0 | 0.0 | 0.0 |                    0.0 | 0.0 | 0.0 | 2.041884177260682e-06 | 2.949716753748024e-06 | 0.0 |
| 9SBywjp1-bkg.spectral.reference |                    0.0 |                   0.0 | 0.0 | 0.0 | 0.0 |                    0.0 | 0.0 | 0.0 |                   0.0 |                   0.0 | 0.0 |
