|                            Parameters |                      0 |                       1 |   2 |                       3 |   4 |                       5 |                      6 |                      7 |                      8 |   9 |                  10 |  11 |  12 |  13 |  14 |
|                Crablog.spectral.index |     0.4206964528028295 |  -7.362247990999315e-12 | 0.0 |    -0.13834569305051203 | 0.0 |  3.0108925243213724e-05 |  -9.09738402176103e-06 |                    0.0 |                    0.0 | 0.0 |                 0.0 | 0.0 | 0.0 | 0.0 | 0.0 |
|            Crablog.spectral.amplitude | -7.362247990999315e-12 |  2.9939310291015235e-22 | 0.0 |   3.807927191417047e-12 | 0.0 | -1.3485087390341863e-15 |  4.338082975734818e-16 |                    0.0 |                    0.0 | 0.0 |                 0.0 | 0.0 | 0.0 | 0.0 | 0.0 |
|            Crablog.spectral.reference |                    0.0 |                     0.0 | 0.0 |                     0.0 | 0.0 |                     0.0 |                    0.0 |                    0.0 |                    0.0 | 0.0 |                 0.0 | 0.0 | 0.0 | 0.0 | 0.0 |
|              Crablog.spectral.lambda_ |   -0.13834569305051203 |   3.807927191417047e-12 | 0.0 |     0.06975934330590844 | 0.0 | -2.5466985849047405e-06 | 1.3533500444344774e-06 |                    0.0 |                    0.0 | 0.0 |                 0.0 | 0.0 | 0.0 | 0.0 | 0.0 |
|                Crablog.spectral.alpha |                    0.0 |                     0.0 | 0.0 |                     0.0 | 0.0 |                     0.0 |                    0.0 |                    0.0 |                    0.0 | 0.0 |                 0.0 | 0.0 | 0.0 | 0.0 | 0.0 |
|                 Crablog.spatial.lon_0 | 3.0108925243213724e-05 | -1.3485087390341863e-15 | 0.0 | -2.5466985849047405e-06 | 0.0 |   0.0002419150033060301 | -2.860407071271328e-08 |                    0.0 |                    0.0 | 0.0 |                 0.0 | 0.0 | 0.0 | 0.0 | 0.0 |
|                 Crablog.spatial.lat_0 |  -9.09738402176103e-06 |   4.338082975734818e-16 | 0.0 |  1.3533500444344774e-06 | 0.0 |  -2.860407071271328e-08 | 0.00018134340674677522 |                    0.0 |                    0.0 | 0.0 |                 0.0 | 0.0 | 0.0 | 0.0 | 0.0 |
|           dataset_N-bkg.spectral.norm |                    0.0 |                     0.0 | 0.0 |                     0.0 | 0.0 |                     0.0 |                    0.0 |   0.005354462043174524 | 0.00043722732759921126 | 0.0 |                 0.0 | 0.0 | 0.0 | 0.0 | 0.0 |
|           dataset_N-bkg.spectral.tilt |                    0.0 |                     0.0 | 0.0 |                     0.0 | 0.0 |                     0.0 |                    0.0 | 0.00043722732759921126 |  0.0062293741029043155 | 0.0 |                 0.0 | 0.0 | 0.0 | 0.0 | 0.0 |
|      dataset_N-bkg.spectral.reference |                    0.0 |                     0.0 | 0.0 |                     0.0 | 0.0 |                     0.0 |                    0.0 |                    0.0 |                    0.0 | 0.0 |                 0.0 | 0.0 | 0.0 | 0.0 | 0.0 |
|       dataset_N-irf.e_reco_model.bias |                    0.0 |                     0.0 | 0.0 |                     0.0 | 0.0 |                     0.0 |                    0.0 |                    0.0 |                    0.0 | 0.0 | 0.00993455416778778 | 0.0 | 0.0 | 0.0 | 0.0 |
| dataset_N-irf.e_reco_model.resolution |                    0.0 |                     0.0 | 0.0 |                     0.0 | 0.0 |                     0.0 |                    0.0 |                    0.0 |                    0.0 | 0.0 |                 0.0 | 0.0 | 0.0 | 0.0 | 0.0 |
|           dataset_N-irf.spectral.norm |                    0.0 |                     0.0 | 0.0 |                     0.0 | 0.0 |                     0.0 |                    0.0 |                    0.0 |                    0.0 | 0.0 |                 0.0 | 0.0 | 0.0 | 0.0 | 0.0 |
|           dataset_N-irf.spectral.tilt |                    0.0 |                     0.0 | 0.0 |                     0.0 | 0.0 |                     0.0 |                    0.0 |                    0.0 |                    0.0 | 0.0 |                 0.0 | 0.0 | 0.0 | 0.0 | 0.0 |
|      dataset_N-irf.spectral.reference |                    0.0 |                     0.0 | 0.0 |                     0.0 | 0.0 |                     0.0 |                    0.0 |                    0.0 |                    0.0 | 0.0 |                 0.0 | 0.0 | 0.0 | 0.0 | 0.0 |
