|                            Parameters |                       0 |                       1 |   2 |                      3 |   4 |                       5 |                       6 |                      7 |                      8 |   9 |                    10 |  11 |  12 |  13 |  14 |
|                Crablog.spectral.index |   0.0003315050195145378 |  -5.617160858456208e-15 | 0.0 | -9.436177322295666e-05 | 0.0 |   6.529686896902792e-08 | -2.2022103506303376e-08 |                    0.0 |                    0.0 | 0.0 |                   0.0 | 0.0 | 0.0 | 0.0 | 0.0 |
|            Crablog.spectral.amplitude |  -5.617160858456208e-15 |   1.738358503600194e-25 | 0.0 |  2.252844098261013e-15 | 0.0 | -1.4750642804630836e-18 |    4.99481383492158e-19 |                    0.0 |                    0.0 | 0.0 |                   0.0 | 0.0 | 0.0 | 0.0 | 0.0 |
|            Crablog.spectral.reference |                     0.0 |                     0.0 | 0.0 |                    0.0 | 0.0 |                     0.0 |                     0.0 |                    0.0 |                    0.0 | 0.0 |                   0.0 | 0.0 | 0.0 | 0.0 | 0.0 |
|              Crablog.spectral.lambda_ |  -9.436177322295666e-05 |   2.252844098261013e-15 | 0.0 | 3.9421038062380004e-05 | 0.0 |  -1.169748036571046e-08 |  4.2238265393895215e-09 |                    0.0 |                    0.0 | 0.0 |                   0.0 | 0.0 | 0.0 | 0.0 | 0.0 |
|                Crablog.spectral.alpha |                     0.0 |                     0.0 | 0.0 |                    0.0 | 0.0 |                     0.0 |                     0.0 |                    0.0 |                    0.0 | 0.0 |                   0.0 | 0.0 | 0.0 | 0.0 | 0.0 |
|                 Crablog.spatial.lon_0 |   6.529686896902792e-08 | -1.4750642804630836e-18 | 0.0 | -1.169748036571046e-08 | 0.0 |  1.1225712258326866e-07 | -2.0836867390973318e-11 |                    0.0 |                    0.0 | 0.0 |                   0.0 | 0.0 | 0.0 | 0.0 | 0.0 |
|                 Crablog.spatial.lat_0 | -2.2022103506303376e-08 |    4.99481383492158e-19 | 0.0 | 4.2238265393895215e-09 | 0.0 | -2.0836867390973318e-11 |   8.413959902734562e-08 |                    0.0 |                    0.0 | 0.0 |                   0.0 | 0.0 | 0.0 | 0.0 | 0.0 |
|           dataset_N-bkg.spectral.norm |                     0.0 |                     0.0 | 0.0 |                    0.0 | 0.0 |                     0.0 |                     0.0 | 1.2320731082397082e-05 | -4.871816085110563e-07 | 0.0 |                   0.0 | 0.0 | 0.0 | 0.0 | 0.0 |
|           dataset_N-bkg.spectral.tilt |                     0.0 |                     0.0 | 0.0 |                    0.0 | 0.0 |                     0.0 |                     0.0 | -4.871816085110563e-07 | 1.7958965193966875e-05 | 0.0 |                   0.0 | 0.0 | 0.0 | 0.0 | 0.0 |
|      dataset_N-bkg.spectral.reference |                     0.0 |                     0.0 | 0.0 |                    0.0 | 0.0 |                     0.0 |                     0.0 |                    0.0 |                    0.0 | 0.0 |                   0.0 | 0.0 | 0.0 | 0.0 | 0.0 |
|       dataset_N-irf.e_reco_model.bias |                     0.0 |                     0.0 | 0.0 |                    0.0 | 0.0 |                     0.0 |                     0.0 |                    0.0 |                    0.0 | 0.0 | 3.294794720467818e-05 | 0.0 | 0.0 | 0.0 | 0.0 |
| dataset_N-irf.e_reco_model.resolution |                     0.0 |                     0.0 | 0.0 |                    0.0 | 0.0 |                     0.0 |                     0.0 |                    0.0 |                    0.0 | 0.0 |                   0.0 | 0.0 | 0.0 | 0.0 | 0.0 |
|           dataset_N-irf.spectral.norm |                     0.0 |                     0.0 | 0.0 |                    0.0 | 0.0 |                     0.0 |                     0.0 |                    0.0 |                    0.0 | 0.0 |                   0.0 | 0.0 | 0.0 | 0.0 | 0.0 |
|           dataset_N-irf.spectral.tilt |                     0.0 |                     0.0 | 0.0 |                    0.0 | 0.0 |                     0.0 |                     0.0 |                    0.0 |                    0.0 | 0.0 |                   0.0 | 0.0 | 0.0 | 0.0 | 0.0 |
|      dataset_N-irf.spectral.reference |                     0.0 |                     0.0 | 0.0 |                    0.0 | 0.0 |                     0.0 |                     0.0 |                    0.0 |                    0.0 | 0.0 |                   0.0 | 0.0 | 0.0 | 0.0 | 0.0 |
