0.0    0.0    0.02145941605076024    0.0    88644.60854487581
0.0    0.0    0.005270412846539091    0.0    89739.31899002526
0.0    0.0    -0.006990585443686502    0.0    89856.08781987953
0.0    0.0    -0.012202320629017393    0.0    89811.39147851327
0.0    0.0    -0.10717135752353198    0.0    88577.2600172021
0.0    0.0    0.1925050767511255    0.0    89733.15087603556
0.0    0.0    -0.022498703947989137    0.0    89059.8253844448
0.0    0.0    0.08593616366188737    0.0    88595.89014714712
0.0    0.0    -0.03344479253799804    0.0    88456.70370096173
0.0    0.0    -0.10596862421521705    0.0    89280.84702210869
0.0    0.0    0.27730255962947664    0.0    90122.06918865643
0.0    0.0    0.0978255141900625    0.0    89337.03206897399
0.0    0.0    -0.17850467323328115    0.0    90434.28510687585
0.0    0.0    0.10755946955542302    0.0    86823.62705360503
0.0    0.0    0.007757886102923596    0.0    87504.72054628457
0.0    0.0    0.12357717014385446    0.0    89134.77649541678
0.0    0.0    -0.2215297080997333    0.0    89434.01289875642
0.0    0.0    -0.011132825551664088    0.0    89813.07003022854
0.0    0.0    -0.0772625345414995    0.0    89115.27591799457
0.0    0.0    0.1054090601369146    0.0    89817.72120056183
0.0    0.0    -0.17668717452418792    0.0    88731.60627918607
0.0    0.0    0.18694681072443617    0.0    88778.48454470724
0.0    0.0    -0.04349387057317841    0.0    89227.50077690132
0.0    0.0    0.08797930243538579    0.0    90344.26652283852
0.0    0.0    -0.12679087466017425    0.0    88910.16259275099
0.0    0.0    0.13952154750201382    0.0    89188.2432237875
0.0    0.0    0.12461491920166566    0.0    89775.11365745362
0.0    0.0    -0.00933464029559755    0.0    90032.54921851237
0.0    0.0    -0.18952822238347086    0.0    88875.01997071748
0.0    0.0    -0.09464315728907383    0.0    90092.16972974635
0.0    0.0    0.05906374392735371    0.0    89586.1774060244
0.0    0.0    -0.0460523387800173    0.0    88296.87556587085
0.0    0.0    -0.0299415268348059    0.0    89263.78450243334
0.0    0.0    0.045364170028228304    0.0    90199.4895530312
0.0    0.0    -0.03435250852567749    0.0    89836.95017966988
0.0    0.0    -0.08260487971794733    0.0    88508.62607233529
0.0    0.0    -0.01405222382152602    0.0    90308.22750442862
0.0    0.0    0.11444143536386793    0.0    90668.38276172745
0.0    0.0    -0.017171799458709194    0.0    89153.16447347112
0.0    0.0    0.031109017253936035    0.0    90464.40478584652
0.0    0.0    -0.053041999435763876    0.0    88739.23590476236
0.0    0.0    -0.03512078345432427    0.0    89294.42663876961
0.0    0.0    0.08387765759810116    0.0    89008.5410652926
0.0    0.0    -0.06644100171423066    0.0    88868.44574508925
0.0    0.0    0.03322006522276796    0.0    89289.58968792294
0.0    0.0    0.08524902823194482    0.0    90427.67852502188
0.0    0.0    0.030761207419435263    0.0    88707.56754666998
0.0    0.0    0.11051045668675895    0.0    88085.68861596825
0.0    0.0    0.034649651668075085    0.0    88340.49345208207
0.0    0.0    0.07843817466903324    0.0    89330.87035712156
0.0    0.0    0.02392342161209866    0.0    89098.22459926934
0.0    0.0    -0.09434133262649733    0.0    88389.38727138929
0.0    0.0    0.11003512250601727    0.0    90140.5228926956
0.0    0.0    0.004938873464441586    0.0    89028.45004742617
0.0    0.0    -0.1386833426391613    0.0    88834.43877175811
0.0    0.0    -0.12559661046141954    0.0    88977.24481010396
0.0    0.0    0.05403002685856099    0.0    89639.60132251261
0.0    0.0    0.009511063222731533    0.0    90225.40967304616
0.0    0.0    -0.20982121920360736    0.0    88712.71163624061
0.0    0.0    -0.0357267314639831    0.0    89094.11251460307
0.0    0.0    -0.13791722934895717    0.0    89056.71885598614
0.0    0.0    -0.15821931581151868    0.0    89584.93557011776
0.0    0.0    -0.15131831620568004    0.0    89767.63426702008
0.0    0.0    0.025941616277498126    0.0    89315.36454400315
0.0    0.0    -0.011297607748245038    0.0    88385.83736916541
0.0    0.0    0.1811431148007841    0.0    90666.82806578222
0.0    0.0    -0.1453011164862945    0.0    89666.21063834723
0.0    0.0    -0.09876678894475399    0.0    90154.3271749104
0.0    0.0    -0.037359745165163244    0.0    90363.15555731114
0.0    0.0    -0.028073999456142557    0.0    89065.01801506712
0.0    0.0    -0.10108834870624239    0.0    88376.76112540571
0.0    0.0    -0.035861129733213114    0.0    90494.65852104624
0.0    0.0    -0.14313379777016977    0.0    87551.7679526991
0.0    0.0    0.029453217660402504    0.0    89158.45297074369
0.0    0.0    -0.09583548913412325    0.0    90329.30237668261
0.0    0.0    -0.08911228860477094    0.0    88200.037201955
0.0    0.0    0.11665038896390745    0.0    90364.40233460696
0.0    0.0    -0.01670846861685437    0.0    87009.96599977359
0.0    0.0    0.18352940194660647    0.0    88932.62042262134
0.0    0.0    0.08035718798953079    0.0    88890.64607886845
0.0    0.0    -0.13728454328565107    0.0    89712.54073098743
0.0    0.0    -0.06802584215472399    0.0    88875.42915203184
0.0    0.0    -0.052949963327926675    0.0    89379.02700203694
0.0    0.0    -0.06785886115540415    0.0    89372.80667852914
0.0    0.0    0.08224103715360616    0.0    88796.23466290029
0.0    0.0    -0.06588151601141978    0.0    88490.75005213461
0.0    0.0    0.0011959555258493188    0.0    89249.00969628908
0.0    0.0    0.03420774314597421    0.0    90786.72774614808
0.0    0.0    -0.039614633121340954    0.0    89247.76346691561
0.0    0.0    -0.10928474732343513    0.0    89587.300093141
0.0    0.0    0.0977213297804483    0.0    89408.03528273669
0.0    0.0    0.20636053044081049    0.0    89315.60291382688
0.0    0.0    0.04859287984406568    0.0    89845.99580763483
0.0    0.0    -0.055546547362570434    0.0    90341.49149444858
0.0    0.0    0.01269500994370647    0.0    89095.07638816477
0.0    0.0    0.009224270225010652    0.0    88393.31081574681
0.0    0.0    -0.1273664207218602    0.0    88766.47031464161
0.0    0.0    0.049288288725512455    0.0    88082.5095991628
0.0    0.0    0.06415144787788281    0.0    88207.23032022791
0.0    0.0    -0.012262091931362741    0.0    88214.29516604696
0.0    0.0    -0.003455198191784213    0.0    89995.85680700152
0.0    0.0    0.26325699831120764    0.0    89998.27796887566
0.0    0.0    0.0233398950973307    0.0    90189.47402286883
0.0    0.0    -0.1400467319190678    0.0    89012.08355104562
0.0    0.0    0.011422963251277491    0.0    90159.26119773292
0.0    0.0    -0.27203772679367094    0.0    89358.85031398505
0.0    0.0    0.08975410376207377    0.0    91107.15192810934
0.0    0.0    0.21074809356394422    0.0    89496.04946818206
0.0    0.0    -0.019829619172054315    0.0    90806.56579545815
0.0    0.0    -0.017394484546430593    0.0    88799.24560635143
0.0    0.0    -0.0653268432590397    0.0    89675.43453484024
0.0    0.0    0.09884140547804532    0.0    88557.6145166633
0.0    0.0    -0.09598182435925401    0.0    88756.39620285454
0.0    0.0    -0.024943918716247095    0.0    89357.05256967274
0.0    0.0    0.008181669794462925    0.0    89973.65797751956
0.0    0.0    -0.020788368986108446    0.0    89000.24526710596
0.0    0.0    -0.22225566286982956    0.0    88054.98477543023
0.0    0.0    -0.05866627240229502    0.0    89613.92886153144
0.0    0.0    -0.15040196383078255    0.0    89477.47592586256
0.0    0.0    0.07619557910681804    0.0    89504.08328402112
0.0    0.0    -0.15289824840057833    0.0    88977.48261163468
0.0    0.0    0.20937657170610532    0.0    89345.61862248514
0.0    0.0    -0.19741937218581607    0.0    88648.17888086915
0.0    0.0    0.1267404321476341    0.0    89572.00528165692
0.0    0.0    0.12762563721256906    0.0    90229.21492343541
0.0    0.0    0.1645455495482179    0.0    89097.55739637418
0.0    0.0    -0.004249240158042819    0.0    88855.24395595232
0.0    0.0    -0.05223533570480228    0.0    89009.09491680405
0.0    0.0    -0.23062959084199633    0.0    87987.31476984535
0.0    0.0    0.2033636017198342    0.0    89098.08732931555
0.0    0.0    0.04617999274367168    0.0    89760.52869870242
0.0    0.0    -0.14669849641958704    0.0    88198.91002087815
0.0    0.0    -0.17927312923590444    0.0    89390.6796089487
0.0    0.0    0.11940757355921068    0.0    89314.50087022968
0.0    0.0    -0.00804821438045447    0.0    90021.24972738916
0.0    0.0    -0.2390732641150265    0.0    89318.77538077901
0.0    0.0    -0.1055909993804677    0.0    88910.78898750819
0.0    0.0    0.011759778393984704    0.0    88695.0132846758
0.0    0.0    -0.12157572996307789    0.0    88883.02183420876
0.0    0.0    0.10127035230195731    0.0    89795.3420147741
0.0    0.0    -0.06704672950932387    0.0    88828.00313644997
0.0    0.0    0.17910503528751548    0.0    89710.09165885352
0.0    0.0    -0.08549677000978803    0.0    89786.93321742347
0.0    0.0    0.003035624875116356    0.0    89512.56048736667
0.0    0.0    0.13053673734568666    0.0    89290.43031334924
0.0    0.0    -0.060013500242598196    0.0    88457.94681011053
0.0    0.0    -0.023290420321722006    0.0    88915.51575915165
0.0    0.0    -0.07689267943133045    0.0    89431.85369014402
0.0    0.0    -0.10663896289058522    0.0    88166.69275932225
0.0    0.0    -0.023397895694351287    0.0    89855.80751217405
0.0    0.0    0.04949956521543664    0.0    89901.71093736183
0.0    0.0    0.1130194925942792    0.0    87270.52649581687
0.0    0.0    0.16864598657848837    0.0    90436.04600887708
0.0    0.0    0.020618610063634052    0.0    87900.2515974114
0.0    0.0    -0.07156586930472235    0.0    90045.84178007142
0.0    0.0    -0.025187535087517685    0.0    88976.62400034483
0.0    0.0    -0.046698391449473804    0.0    87990.19771293298
0.0    0.0    -0.06532118860991858    0.0    88602.26986901161
0.0    0.0    0.03388156855122267    0.0    89287.84531172963
0.0    0.0    -0.10800187305529237    0.0    88739.08281631864
0.0    0.0    0.16373231491890416    0.0    90705.74068555322
0.0    0.0    -0.06475297043424896    0.0    90897.59080063623
0.0    0.0    -0.0809444992230155    0.0    89599.35230659842
0.0    0.0    -0.01277340526629996    0.0    90100.3154620156
0.0    0.0    0.09547115243831174    0.0    90033.03189875108
0.0    0.0    0.2853482043385161    0.0    88692.49706082477
0.0    0.0    -0.06645924072368918    0.0    88716.05173930436
0.0    0.0    -0.055142695407793166    0.0    89111.49332712922
0.0    0.0    0.1950854942336887    0.0    88341.73880465675
0.0    0.0    0.1067732058094081    0.0    90404.57455748337
0.0    0.0    -0.12769866147843303    0.0    90243.9941348734
0.0    0.0    0.05999424783336902    0.0    89222.44528525182
0.0    0.0    0.02081046045427531    0.0    89354.73971333752
0.0    0.0    -0.09523159026165148    0.0    89091.8293297017
0.0    0.0    0.08817966422323655    0.0    90414.93573057695
0.0    0.0    0.013456915015276422    0.0    88559.50356406606
0.0    0.0    -0.16950632901565435    0.0    88239.82405314806
0.0    0.0    -0.004640521675709578    0.0    87981.40245644083
0.0    0.0    -0.20479421878046053    0.0    88961.86405016607
0.0    0.0    -0.12229283835997369    0.0    90319.47738265924
0.0    0.0    0.0030836511910130706    0.0    89405.46782598956
0.0    0.0    0.049444729103801106    0.0    90265.13107342599
0.0    0.0    0.021898651184956406    0.0    88812.9074508002
0.0    0.0    0.03767864951747815    0.0    89519.97701052326
0.0    0.0    0.13880517732141331    0.0    88757.65378039147
0.0    0.0    0.13172085968790234    0.0    89542.18430068254
0.0    0.0    0.06165009109903072    0.0    90651.51993437704
0.0    0.0    -0.21590249277652207    0.0    88020.36027462217
0.0    0.0    -0.04701488656413488    0.0    89113.01471674444
0.0    0.0    0.09601860889878391    0.0    88652.21135283445
0.0    0.0    -0.06374488969414659    0.0    89348.00462520952
0.0    0.0    0.0957540309357751    0.0    89574.85704698095
0.0    0.0    -0.020437508799954526    0.0    88985.19057850195
0.0    0.0    0.0363375670860308    0.0    89314.79570483639
0.0    0.0    0.03440808727417021    0.0    88917.36544703302
0.0    0.0    -0.15290509949298078    0.0    89470.83273657986
0.0    0.0    -0.01456419018289999    0.0    89952.62188554913
0.0    0.0    0.033537234925703895    0.0    89071.09510895988
0.0    0.0    0.07118425487750309    0.0    89371.98168516456
0.0    0.0    0.055880030706826206    0.0    89115.11746472401
0.0    0.0    -0.0017436986405239266    0.0    87375.37121638929
0.0    0.0    0.12313929492463951    0.0    90328.92691904453
0.0    0.0    -0.04642044739922169    0.0    88516.6741552843
0.0    0.0    0.161339158443513    0.0    90195.22717472911
0.0    0.0    0.01698572896476515    0.0    89125.19189454519
0.0    0.0    0.15952541652596808    0.0    90494.17747960653
0.0    0.0    -0.06911715786000566    0.0    87692.48205097171
0.0    0.0    0.1369133255074308    0.0    88322.32914815878
0.0    0.0    0.17720732274830275    0.0    90205.12744528972
0.0    0.0    0.08205811710039972    0.0    88736.16452344361
0.0    0.0    0.20303121243080438    0.0    90256.86675646811
0.0    0.0    0.03661120987001429    0.0    90148.50038732553
0.0    0.0    -0.0339408830230898    0.0    89980.22045438805
0.0    0.0    -0.012609821980667391    0.0    88878.78693633262
0.0    0.0    -0.01839385696254051    0.0    89212.24038892341
0.0    0.0    -0.018326190722603983    0.0    88437.81809403689
0.0    0.0    -0.055713014148310924    0.0    90532.84379520263
0.0    0.0    -0.06878542703792435    0.0    89930.4174324192
0.0    0.0    -0.050960533770294775    0.0    88226.63289252923
0.0    0.0    -0.17053953492427665    0.0    88249.44665519592
0.0    0.0    -0.08934731089887715    0.0    89786.95910285594
0.0    0.0    0.1436589778793175    0.0    89766.57171018627
0.0    0.0    -0.031173932519378885    0.0    89591.94803158253
0.0    0.0    -0.05872000232286764    0.0    89890.91148302399
0.0    0.0    -0.017800272024070397    0.0    88981.13637932306
0.0    0.0    -0.151637700819514    0.0    88338.01071407694
0.0    0.0    0.0868535396826434    0.0    88951.12516075908
0.0    0.0    -0.08102828281253845    0.0    88873.7533773742
0.0    0.0    -0.03104826612648495    0.0    89288.7634901937
0.0    0.0    -0.05487720888055623    0.0    89316.63427949422
0.0    0.0    0.013082031989531954    0.0    89749.80785049814
0.0    0.0    0.07461211210745565    0.0    89029.76177594691
0.0    0.0    0.0925015054954052    0.0    89849.64530679834
0.0    0.0    -0.04933053577474472    0.0    88750.68134642579
0.0    0.0    -0.002139610162788131    0.0    90220.12603536571
0.0    0.0    -0.08802978113559673    0.0    87889.6138238849
0.0    0.0    -0.10184768987641285    0.0    88156.68939413618
0.0    0.0    -0.002047905258032768    0.0    89474.19883666727
0.0    0.0    0.027118308902829864    0.0    88666.06299094865
0.0    0.0    0.04254345221970352    0.0    89161.64702734028
0.0    0.0    -0.14340625790963474    0.0    90373.56118574967
0.0    0.0    0.03541287265928855    0.0    89096.85188273306
0.0    0.0    -0.046563574496534865    0.0    88743.7050250018
0.0    0.0    0.09081569205239774    0.0    89157.34182525962
0.0    0.0    0.06430997644549206    0.0    88976.97947623357
0.0    0.0    -0.05442485437539926    0.0    90278.53107477957
0.0    0.0    -0.06046949757102739    0.0    89064.36553190165
0.0    0.0    -0.14313788462307422    0.0    89097.63978042593
0.0    0.0    0.021915283625879564    0.0    89565.98854373544
0.0    0.0    0.011146357088866798    0.0    88964.77340787821
0.0    0.0    0.1697705872439764    0.0    88323.83545014047
0.0    0.0    0.12119777726699142    0.0    89613.8360307473
0.0    0.0    0.16644957935270388    0.0    89545.73306800092
0.0    0.0    0.06824042058481729    0.0    89112.38365598633
0.0    0.0    0.22578682258811422    0.0    90146.25352280257
0.0    0.0    0.05399659232195904    0.0    89990.14947511243
0.0    0.0    0.14196869788380867    0.0    89517.20626723814
0.0    0.0    -0.02611949516208912    0.0    89341.58458165514
0.0    0.0    -0.05682878726116172    0.0    89649.90005393582
0.0    0.0    -0.07977372521172522    0.0    89025.01681727586
0.0    0.0    0.09810808551289775    0.0    89833.59683166914
0.0    0.0    -0.06627371556058666    0.0    89435.12069580097
0.0    0.0    0.025837208326665136    0.0    88755.13586411018
0.0    0.0    0.04138536962371891    0.0    88165.77376361287
0.0    0.0    0.10435391530555099    0.0    89896.79213873623
0.0    0.0    -0.12763769360851046    0.0    88988.42794242947
0.0    0.0    -0.0019377908596515912    0.0    90301.02703519164
0.0    0.0    0.01334289138841059    0.0    89355.60027889175
0.0    0.0    -0.08901604866941468    0.0    89229.05636206323
0.0    0.0    0.08028381612261182    0.0    89279.84924058174
0.0    0.0    0.11605463283241234    0.0    89388.4727502206
0.0    0.0    0.050447093369930196    0.0    88864.23285041263
0.0    0.0    0.20680835539928932    0.0    90251.94644850981
0.0    0.0    0.12761175639005046    0.0    88419.70388526177
0.0    0.0    -0.07467322024026445    0.0    89920.87316240625
0.0    0.0    -0.06708810579774406    0.0    89336.28629192604
0.0    0.0    -0.058239557476048844    0.0    87240.50143435171
0.0    0.0    -0.03410770399215675    0.0    88837.72790396625
0.0    0.0    0.14043239758501852    0.0    89747.37812873405
0.0    0.0    -0.08407596330708932    0.0    87866.40271119872
0.0    0.0    -0.10560699930749678    0.0    90422.28984124953
0.0    0.0    0.0410504769839628    0.0    90042.26581277499
0.0    0.0    0.1137336703968869    0.0    90124.02459329834
0.0    0.0    -0.07149419300153247    0.0    89361.15880610344
0.0    0.0    -0.06537684007305668    0.0    89560.39640366059
0.0    0.0    0.07925431379409936    0.0    89009.65093521119
0.0    0.0    -0.016866111000778086    0.0    89190.42299726838
0.0    0.0    -0.05496612336772649    0.0    88102.40222839202
0.0    0.0    -0.04394724274014732    0.0    89382.66650919111
0.0    0.0    0.15884618205583198    0.0    89648.0732809359
0.0    0.0    -0.026517403444101445    0.0    89993.99715396244
0.0    0.0    0.08684018368887031    0.0    88731.37565598096
0.0    0.0    -0.0134396919343708    0.0    88894.64966868865
0.0    0.0    -0.047734171987960455    0.0    88823.39041136739
0.0    0.0    0.06969987586647212    0.0    89354.9196489298
0.0    0.0    0.020414914548016028    0.0    88719.01216533594
0.0    0.0    0.1298557364467893    0.0    89688.01948659259
0.0    0.0    -0.014607679458967349    0.0    89259.73824827532
0.0    0.0    0.021515502404346243    0.0    88501.86195625395
0.0    0.0    -0.04773473032464292    0.0    89938.93211107596
0.0    0.0    0.09408167769097021    0.0    90817.91068628963
0.0    0.0    -0.012548452881338368    0.0    91107.27573519373
0.0    0.0    0.0011922304058106913    0.0    89327.81547330954
0.0    0.0    0.038778581991989344    0.0    88521.70599463546
0.0    0.0    -0.045422982201367416    0.0    88616.158568003
0.0    0.0    -0.13055422687671445    0.0    88980.79119901694
0.0    0.0    0.03731704797105764    0.0    88730.4107657964
0.0    0.0    -0.22377749378855916    0.0    88855.29548137041
0.0    0.0    -0.03523265972427897    0.0    89008.3234675638
0.0    0.0    -0.16944727262762227    0.0    88993.36744693259
0.0    0.0    0.04792286270400814    0.0    89254.33328620711
0.0    0.0    -0.05280545331370387    0.0    89014.67746192118
0.0    0.0    -0.09917459775776534    0.0    89072.17006191547
0.0    0.0    -0.02747156622770508    0.0    89510.47769054543
0.0    0.0    -0.02359448483354204    0.0    89170.66488822942
0.0    0.0    -0.01073889850430168    0.0    88625.78859733765
0.0    0.0    0.14599736883151687    0.0    88510.2449672647
0.0    0.0    -0.17896426373113444    0.0    89230.08509470982
0.0    0.0    -0.12276123932608446    0.0    89421.262762604
0.0    0.0    0.15735295449478057    0.0    89037.08941266882
0.0    0.0    -0.05745404595410544    0.0    89564.06764740054
0.0    0.0    0.02048287590181061    0.0    88637.12908634881
0.0    0.0    -0.05031471988708698    0.0    88332.92714937152
0.0    0.0    0.07639173101779204    0.0    89859.02000996335
0.0    0.0    -0.13581106474933996    0.0    89384.37379444053
0.0    0.0    0.13607551510403457    0.0    89340.2406746485
0.0    0.0    -0.05590569583315905    0.0    90273.36966782753
0.0    0.0    -0.02391326092599568    0.0    90160.51007542577
0.0    0.0    0.1322426789996299    0.0    90294.70602124432
0.0    0.0    -0.029729087019753866    0.0    89167.80400564561
0.0    0.0    -0.07042320093884905    0.0    89595.8381438333
0.0    0.0    0.051432397781296636    0.0    89859.21520071899
0.0    0.0    -0.1469285232814926    0.0    89367.79033390793
0.0    0.0    0.0703806737312109    0.0    89527.2286232861
0.0    0.0    -0.011362749070798015    0.0    89784.29041116177
0.0    0.0    -0.020911507832693254    0.0    89252.59039417704
0.0    0.0    -0.17201766221332687    0.0    88833.7078369751
0.0    0.0    -0.0644777099067193    0.0    87646.76778261254
0.0    0.0    0.15002691195475024    0.0    90883.03252541106
0.0    0.0    -0.06432626539105711    0.0    89673.91002364576
0.0    0.0    0.04135926059851039    0.0    88560.58889805607
0.0    0.0    0.13301592265106513    0.0    89206.75732679274
0.0    0.0    -0.20728486375478533    0.0    88482.58765879084
0.0    0.0    -0.23013277258858655    0.0    88730.09994689781
0.0    0.0    -0.4659016630158149    0.0    90236.62058189807
0.0    0.0    -0.11205040524326204    0.0    88611.01463861416
0.0    0.0    0.024666682095951097    0.0    88606.73426948106
0.0    0.0    -0.06201264215840982    0.0    88256.75562989061
0.0    0.0    0.0019052090163309545    0.0    90243.82010174126
0.0    0.0    -0.0686951130641259    0.0    89256.76120328048
0.0    0.0    -0.10432811171581656    0.0    88667.0500753704
0.0    0.0    -0.014926158109229253    0.0    88903.77590964519
0.0    0.0    0.0029346549365045034    0.0    88697.60073483434
0.0    0.0    -0.01942749166560555    0.0    89588.95003329655
0.0    0.0    -0.11068374634302101    0.0    89557.00140606832
0.0    0.0    -0.008544242105359574    0.0    88287.35796627867
0.0    0.0    0.026587001821726554    0.0    88095.8564310305
0.0    0.0    0.14694890919933573    0.0    90027.57646490804
0.0    0.0    0.046954688153525895    0.0    89030.73567632199
0.0    0.0    0.1971435633241078    0.0    90927.54126946871
0.0    0.0    -0.17223376448154426    0.0    87988.4325158185
0.0    0.0    0.001915655433241394    0.0    90838.26219764857
0.0    0.0    0.1078627400203362    0.0    88096.57558529181
0.0    0.0    0.0019745394117706536    0.0    90688.21577131373
0.0    0.0    -0.02510633474004459    0.0    90363.51403017723
0.0    0.0    0.23867451224595204    0.0    90193.75018239797
0.0    0.0    -0.19518784104799985    0.0    88677.23057770231
0.0    0.0    -0.003930608175105532    0.0    87863.95459228476
0.0    0.0    0.04345068311489258    0.0    89341.26659639108
0.0    0.0    -0.09507132161782303    0.0    88999.85899472369
0.0    0.0    0.04105580022412012    0.0    87984.11949306293
0.0    0.0    -0.02045241675805226    0.0    89560.90224335717
0.0    0.0    -0.029672894369769828    0.0    89028.87523721925
0.0    0.0    -0.1801057478316106    0.0    88930.15358060475
0.0    0.0    0.024028169171022656    0.0    88503.69338372762
0.0    0.0    0.014992294179224486    0.0    90366.02502519822
0.0    0.0    0.15282483377558095    0.0    89453.37925101313
0.0    0.0    -0.016696808950137743    0.0    90273.17848106752
0.0    0.0    0.1742858026149171    0.0    89419.2456982182
0.0    0.0    0.041746829087347434    0.0    89262.86168115093
0.0    0.0    -0.08243494004643566    0.0    90130.15192166738
0.0    0.0    0.053027661414087546    0.0    89341.64935409137
0.0    0.0    -0.0186348228869615    0.0    88855.14790291306
0.0    0.0    0.009274697184299087    0.0    89070.19520824876
0.0    0.0    0.006304993331133705    0.0    88418.9281439098
0.0    0.0    -0.1043125606054734    0.0    89961.74749644301
0.0    0.0    -0.12072737844411403    0.0    90399.39283550328
0.0    0.0    -0.011209481024976849    0.0    90548.67150939908
0.0    0.0    -0.02927964983029693    0.0    89304.07660075383
0.0    0.0    -0.13032509976400183    0.0    89076.46379743854
0.0    0.0    0.08159897190275162    0.0    89150.28209038194
0.0    0.0    -0.12939052419386088    0.0    90144.0716981488
0.0    0.0    0.03622100910069689    0.0    88964.49253981013
0.0    0.0    0.07955221644184723    0.0    88813.35918086414
0.0    0.0    -0.013916623917497525    0.0    89348.29410802253
0.0    0.0    -0.03883364142156373    0.0    89065.18314021817
0.0    0.0    0.02270915311532748    0.0    89325.72502417651
0.0    0.0    -0.09097245702371179    0.0    90435.84249657675
0.0    0.0    0.03559984857290442    0.0    89709.98833943726
0.0    0.0    -0.082368256115583    0.0    89316.08216569705
0.0    0.0    -0.07993994700746959    0.0    88509.06834691606
0.0    0.0    0.11222927196765486    0.0    91544.79721836957
0.0    0.0    -0.09395329633538942    0.0    89600.3619784237
0.0    0.0    -0.09855674365083354    0.0    89705.65084315717
0.0    0.0    0.1297687114019972    0.0    88424.01235402135
0.0    0.0    -0.03400600969305458    0.0    89545.31574349312
0.0    0.0    -0.11820622757507154    0.0    89152.15010287799
0.0    0.0    0.1254879787260994    0.0    90075.62874244394
0.0    0.0    0.062087419042451256    0.0    89165.25824078488
0.0    0.0    -0.12729504859559138    0.0    88637.85491735108
0.0    0.0    0.17038099765252301    0.0    88126.63070074123
0.0    0.0    -0.05590544281181098    0.0    89142.11096260868
0.0    0.0    -0.05101804792814677    0.0    88845.37211689964
0.0    0.0    -0.05054798522728539    0.0    88855.27575690323
0.0    0.0    0.09757018660163719    0.0    88774.8145435522
0.0    0.0    0.0025987287869249052    0.0    89791.39400476847
0.0    0.0    -0.06406438811737984    0.0    89195.06391990882
0.0    0.0    0.03436591338971977    0.0    88662.80885309358
0.0    0.0    0.0751314061796307    0.0    89515.5684642143
0.0    0.0    -0.15187780933577638    0.0    89417.37960376249
0.0    0.0    0.05556865638560387    0.0    89050.41016642895
0.0    0.0    -0.07236994780589887    0.0    89815.39365491805
0.0    0.0    0.005052712429607563    0.0    88189.26673669656
0.0    0.0    0.1515116431084064    0.0    89063.46694519292
0.0    0.0    -0.035703028656826986    0.0    89354.254199601
0.0    0.0    -0.1258554967917684    0.0    89781.73010647658
0.0    0.0    0.08888400264463402    0.0    89997.02206765453
0.0    0.0    -0.07264639304404885    0.0    89248.38690428401
0.0    0.0    -0.06252442919344961    0.0    88789.5453689067
0.0    0.0    0.17297762044814965    0.0    90640.99745506476
0.0    0.0    -0.06653694214097494    0.0    90247.49521681677
0.0    0.0    -0.05172882866724163    0.0    89707.51609127973
0.0    0.0    0.08912124784670448    0.0    90375.9175856759
0.0    0.0    -0.03589593408357955    0.0    89358.52310743608
0.0    0.0    -0.08260996131527092    0.0    88780.7094840525
0.0    0.0    -0.07118329363104058    0.0    88056.10992089083
0.0    0.0    0.08735476262396843    0.0    89037.21929596495
0.0    0.0    0.11636147307199421    0.0    89768.0144034834
0.0    0.0    0.034034252121116326    0.0    89877.57819297594
0.0    0.0    -0.027514761131349236    0.0    88479.81792019843
0.0    0.0    0.02588457866480195    0.0    89183.0446930569
0.0    0.0    -0.10232658361359998    0.0    90050.12959595419
0.0    0.0    0.03953594591800444    0.0    89845.80359397574
0.0    0.0    -0.047202903840958134    0.0    88248.44755818405
0.0    0.0    -0.2011161107850434    0.0    89727.79800302214
0.0    0.0    -0.08828337413489597    0.0    89125.83100560737
0.0    0.0    0.07572790554734254    0.0    88336.56662093573
0.0    0.0    0.08024126810207549    0.0    90023.2802205465
0.0    0.0    -0.13226337410533032    0.0    88689.81150007076
0.0    0.0    0.007958346293645164    0.0    89985.99933512023
0.0    0.0    -0.012958940368463838    0.0    89667.88231808518
0.0    0.0    0.033139437493505904    0.0    89329.64869172014
0.0    0.0    -0.08791027375103505    0.0    89666.05744726709
0.0    0.0    -0.22072052725258817    0.0    87479.15134206942
0.0    0.0    -0.14178020407556102    0.0    88149.5775315126
0.0    0.0    0.16738664864975236    0.0    89586.93234435197
0.0    0.0    0.2031382458081617    0.0    89833.52977671313
0.0    0.0    0.04268298952446063    0.0    90723.61456692814
0.0    0.0    0.27135905085642137    0.0    89779.22077551493
0.0    0.0    0.08472476976652363    0.0    89819.47501146908
0.0    0.0    -0.01745284657960694    0.0    89324.31648544352
0.0    0.0    0.06612043156462553    0.0    89459.47382258104
0.0    0.0    -0.02774620266889278    0.0    89950.52315389663
0.0    0.0    0.020878551052685063    0.0    90085.75133681112
0.0    0.0    -0.043643261305028755    0.0    89822.62508809345
0.0    0.0    -0.08366107967897665    0.0    90253.29562039422
0.0    0.0    0.1120769044660762    0.0    89105.17186263994
0.0    0.0    0.05148884886477058    0.0    90210.63539390352
0.0    0.0    0.22557702817918482    0.0    89677.51532938535
0.0    0.0    0.1246488217214536    0.0    90395.76433880416
0.0    0.0    -0.12634497993510801    0.0    88584.46058668275
0.0    0.0    -0.09242170711545533    0.0    88494.12539969472
0.0    0.0    0.14523494102545395    0.0    89529.67906525458
0.0    0.0    -0.1071776726141049    0.0    88960.0707971059
0.0    0.0    0.009418985677280943    0.0    90356.51869755622
0.0    0.0    0.13134661142815116    0.0    90754.95307081635
0.0    0.0    0.15663103442766246    0.0    90804.54329527913
0.0    0.0    0.06664292515982881    0.0    89308.73935521877
0.0    0.0    -0.012542252077663628    0.0    90494.95389168718
0.0    0.0    0.08073099039440287    0.0    88952.02112680134
0.0    0.0    0.035558540718362716    0.0    88334.51190128773
0.0    0.0    -0.008455362974020365    0.0    89314.52273977462
0.0    0.0    0.08368806243587494    0.0    88924.56463991539
0.0    0.0    -0.08749496120088844    0.0    88116.06964381918
0.0    0.0    -0.02964188090030855    0.0    88556.35849031578
0.0    0.0    -0.08064506593198585    0.0    88740.97183303299
0.0    0.0    -0.12857607563814386    0.0    89868.48867512372
0.0    0.0    0.11147097888085787    0.0    89250.72850745937
0.0    0.0    -0.06892379144757423    0.0    89059.50869609357
0.0    0.0    -0.11715182001601637    0.0    88792.67494461291
0.0    0.0    -0.19154512665187068    0.0    87471.2329272705
0.0    0.0    0.023202660973091295    0.0    89964.87918704786
0.0    0.0    -0.012533486869928612    0.0    89785.3494666122
0.0    0.0    -0.016214700855205138    0.0    88352.628263076
0.0    0.0    0.15726059105212076    0.0    89622.87423724309
0.0    0.0    -0.11046606817206035    0.0    91097.57025344794
0.0    0.0    -0.22689959032138757    0.0    89269.97982346233
0.0    0.0    0.05428545144392399    0.0    88950.41876367583
0.0    0.0    0.13921802414829867    0.0    90313.75754182148
0.0    0.0    -0.02777118279072017    0.0    88559.49717407809
0.0    0.0    0.12776166434030992    0.0    88606.35030001051
0.0    0.0    -0.15366072362481437    0.0    88527.9384878656
0.0    0.0    0.04135065746085113    0.0    89765.67302635741
0.0    0.0    -0.036247385739958754    0.0    88841.76345958613
0.0    0.0    0.03669917888597132    0.0    88712.95546039038
0.0    0.0    -0.006902081172456028    0.0    88484.28870144114
0.0    0.0    0.07407004947632831    0.0    88476.74148895493
0.0    0.0    0.0006371350139020549    0.0    89753.37564214182
0.0    0.0    0.039979588340982974    0.0    90755.9517407649
0.0    0.0    0.21111789260943367    0.0    89359.5951679382
0.0    0.0    -0.003899535603700015    0.0    87742.7884326198
0.0    0.0    -0.08122599658285352    0.0    88325.33634695482
0.0    0.0    0.14603868380448792    0.0    89862.77076679181
0.0    0.0    0.15147566065261042    0.0    88938.44990318526
0.0    0.0    0.023985871174843312    0.0    90826.2226456461
0.0    0.0    -0.02715041213415972    0.0    88253.82331646197
0.0    0.0    -0.08883575576027279    0.0    89747.3899489462
0.0    0.0    -0.03572402828791321    0.0    89654.56530235367
0.0    0.0    0.3002596629782219    0.0    89260.8465640235
0.0    0.0    -0.040300210076875766    0.0    89952.40251312192
0.0    0.0    0.05949380674721381    0.0    89054.45082501933
0.0    0.0    0.13321210765310418    0.0    89888.86175094142
0.0    0.0    -0.08118431097777107    0.0    88624.79064893574
0.0    0.0    -0.07003335615678835    0.0    88860.79828673342
0.0    0.0    0.03649240533654353    0.0    89552.58054307793
0.0    0.0    -0.2792609068462887    0.0    89444.16794720998
0.0    0.0    0.014145364803542573    0.0    88859.23341795086
0.0    0.0    0.16295450968151345    0.0    90220.09791443085
0.0    0.0    -0.010808212866267375    0.0    89513.36704489996
0.0    0.0    -0.007216707755684571    0.0    88731.92866420906
0.0    0.0    -0.059895134210696234    0.0    89324.71972182931
0.0    0.0    0.1305074025821561    0.0    90735.10633167252
0.0    0.0    0.04033954131241833    0.0    89416.30350596843
0.0    0.0    0.0216512566188783    0.0    89485.17432223445
0.0    0.0    0.15008401201929153    0.0    88830.09760319174
0.0    0.0    0.03273145617327988    0.0    88610.8997102993
0.0    0.0    -0.14282705868870443    0.0    88088.73306864282
0.0    0.0    0.06291790521131108    0.0    88195.81706045527
0.0    0.0    0.06000272543190819    0.0    87580.1431518086
0.0    0.0    -0.10919704883110587    0.0    89654.98099866962
0.0    0.0    0.019164841897171967    0.0    89225.67892504328
0.0    0.0    -0.07040402703932208    0.0    90188.85493146468
0.0    0.0    -0.05243537382293059    0.0    90422.79046930777
0.0    0.0    0.062273400878667555    0.0    89474.81405436294
0.0    0.0    -0.09173135041439968    0.0    88890.7037340378
0.0    0.0    0.10287681733739218    0.0    89888.02891780296
0.0    0.0    -0.1259954425043007    0.0    88813.13207952792
0.0    0.0    -0.13773931911519469    0.0    88259.64820499308
0.0    0.0    -0.053767790510046404    0.0    88774.63025152666
0.0    0.0    -0.013228547475454634    0.0    89335.79699113412
0.0    0.0    -0.07317432138759593    0.0    88401.73978520467
0.0    0.0    -0.08541792595736455    0.0    88590.78485036998
0.0    0.0    0.089463646159936    0.0    91422.40779779521
0.0    0.0    0.05500438415389711    0.0    89767.22269835042
0.0    0.0    -0.01867419823063092    0.0    87950.58511546948
0.0    0.0    0.18588574691344886    0.0    89300.30616152412
0.0    0.0    0.1548114464422239    0.0    89669.05128024785
0.0    0.0    -0.016511633113737764    0.0    88481.5556128916
0.0    0.0    -0.01604693151704664    0.0    89001.13872280752
0.0    0.0    -0.11146228844531501    0.0    88796.16700358171
0.0    0.0    0.010876705776781723    0.0    88996.95591622157
0.0    0.0    -0.18251689198541957    0.0    89098.55376828858
0.0    0.0    0.10058529292324203    0.0    90339.48901420234
0.0    0.0    0.047895776875173525    0.0    90091.73942570393
0.0    0.0    0.04463418040742989    0.0    88679.55785339091
0.0    0.0    0.06328096657344359    0.0    88835.7519982538
0.0    0.0    -0.053689287132482305    0.0    89325.5584844006
0.0    0.0    0.010022825066677806    0.0    87751.45809160105
0.0    0.0    0.047397027076462754    0.0    88168.34517771608
0.0    0.0    0.04202782259084097    0.0    88581.40678742014
0.0    0.0    0.08622395372502625    0.0    88584.61042131847
0.0    0.0    -0.1485852211113559    0.0    88266.92813264394
0.0    0.0    -0.06438480462242156    0.0    88324.07516630174
0.0    0.0    -0.005001585727131795    0.0    88775.69097436768
0.0    0.0    -0.06279464421849941    0.0    89969.22029528198
0.0    0.0    0.07317815227337386    0.0    89820.37786840575
0.0    0.0    -0.035302769432920135    0.0    89402.44040059959
0.0    0.0    -0.061303495206673476    0.0    89773.70599867024
0.0    0.0    0.0249553026686095    0.0    90697.84823200523
0.0    0.0    -0.041365419784137554    0.0    89757.43329994341
0.0    0.0    0.07473279880608931    0.0    90234.56757133214
0.0    0.0    -0.003138745367887035    0.0    90325.0632860753
0.0    0.0    0.05122055422243921    0.0    89442.93258216216
0.0    0.0    0.007887851205957976    0.0    88548.79085540338
0.0    0.0    -0.2033332064240122    0.0    89305.64397095641
0.0    0.0    -0.15350510696509115    0.0    87454.21789911727
0.0    0.0    -0.14019766216959903    0.0    89109.50615111529
0.0    0.0    0.13389611851033087    0.0    88447.78847255067
0.0    0.0    0.009047596575170186    0.0    86463.34090163292
0.0    0.0    -0.03396486820210241    0.0    89561.35216826024
0.0    0.0    0.07361438322651455    0.0    89216.74641338787
0.0    0.0    0.1930108172338959    0.0    89013.98427038422
0.0    0.0    -0.0362235584240976    0.0    89684.13065795125
0.0    0.0    -0.03181595753532276    0.0    88650.3603048317
0.0    0.0    -0.043958536261239876    0.0    90110.98144231451
0.0    0.0    -0.21905988539641333    0.0    89009.94136574015
0.0    0.0    0.002071529837722685    0.0    88654.49663133838
0.0    0.0    -0.05548758979534105    0.0    90456.17173586831
0.0    0.0    0.0948535485559528    0.0    89820.68035137569
0.0    0.0    0.015992152602787746    0.0    87775.99658139207
0.0    0.0    0.027956004646512628    0.0    90634.79902274728
0.0    0.0    0.17141442771855975    0.0    88636.75408169138
0.0    0.0    0.06452330755895366    0.0    90297.69820621535
0.0    0.0    0.03072265626948861    0.0    90025.88757776821
0.0    0.0    0.08574546957118778    0.0    89307.34309547557
0.0    0.0    0.0037347227442991685    0.0    89444.88073155748
0.0    0.0    0.10195703192534288    0.0    88694.29021483562
0.0    0.0    -0.10495289336133187    0.0    89391.24641217181
0.0    0.0    0.04722266944155549    0.0    88701.65502588468
0.0    0.0    0.08640632579823743    0.0    88853.18981828635
0.0    0.0    -0.036787884995122616    0.0    88543.90304396824
0.0    0.0    -0.09768161705992033    0.0    88213.5313940497
0.0    0.0    -0.07168564942819376    0.0    89706.87073857881
0.0    0.0    -0.035860487532092714    0.0    89975.60664122524
0.0    0.0    -0.20049626015486557    0.0    90307.64967930249
0.0    0.0    0.05982024714544742    0.0    89635.08463971007
0.0    0.0    0.07997818893659653    0.0    89595.65784037096
0.0    0.0    0.06794422395987643    0.0    89004.91497374987
0.0    0.0    -0.0631008394844649    0.0    89688.24834009136
0.0    0.0    0.010585947971919031    0.0    90201.71135266586
0.0    0.0    0.03928432048739706    0.0    89233.2686381776
0.0    0.0    -0.07965875439649693    0.0    89733.55854705775
0.0    0.0    0.07150199364074365    0.0    89983.69390663643
0.0    0.0    0.08041385738607948    0.0    88289.79212529084
0.0    0.0    0.038557248042418196    0.0    89726.36885574946
0.0    0.0    -0.008198270687370801    0.0    90231.95756475885
0.0    0.0    0.0863068911756748    0.0    90335.23215623897
0.0    0.0    0.025960342014279526    0.0    89013.86249380287
0.0    0.0    -0.16548797114175082    0.0    89311.29460965918
0.0    0.0    0.12471884052407489    0.0    88635.69528461543
0.0    0.0    0.2803212968601324    0.0    90776.37003056896
0.0    0.0    0.0067186885220005856    0.0    90182.35933410923
0.0    0.0    0.07200433689169618    0.0    89813.36069418964
0.0    0.0    -0.01782339038450736    0.0    88514.44288163641
0.0    0.0    -0.036380071388961516    0.0    89048.45885656051
0.0    0.0    0.13209322764956782    0.0    90420.80258928862
0.0    0.0    0.1311460882798976    0.0    89825.97527638747
0.0    0.0    -0.019535742593773588    0.0    88732.52405254972
0.0    0.0    -0.15942907484605054    0.0    89391.59754387426
0.0    0.0    -0.026063665605222663    0.0    88150.03644398529
0.0    0.0    0.061160577729527134    0.0    89453.99185562023
0.0    0.0    -0.09143315316973799    0.0    88956.01631549679
0.0    0.0    -0.05755892677769584    0.0    88240.75888159925
0.0    0.0    -0.04801163596742637    0.0    90646.75195491208
0.0    0.0    0.14562673403170676    0.0    88385.81286766402
0.0    0.0    0.10608685876083912    0.0    90681.0599499359
0.0    0.0    0.07119072642893513    0.0    89151.64574372336
0.0    0.0    0.18155046318762413    0.0    88764.50608777363
0.0    0.0    0.01637734894497953    0.0    88291.09465309708
0.0    0.0    -0.05290544394573791    0.0    90171.66181456788
0.0    0.0    -0.18317179795070573    0.0    89049.2825037245
0.0    0.0    0.0033297700794685603    0.0    91315.58625094748
0.0    0.0    0.07750379848099737    0.0    88493.08406037718
0.0    0.0    -0.010126212203634142    0.0    89698.4079137545
0.0    0.0    0.05434806389995819    0.0    90451.61757216012
0.0    0.0    0.06492616636416097    0.0    89876.57949630186
0.0    0.0    -0.017706292007874498    0.0    87964.93407076549
0.0    0.0    -0.10015342375089425    0.0    88689.20794669249
0.0    0.0    0.06738657755032386    0.0    88978.70049941418
0.0    0.0    -0.1562695494655457    0.0    89146.96713903795
0.0    0.0    0.1056183550990363    0.0    90281.24460479704
0.0    0.0    0.11895233034644276    0.0    89548.49874664302
0.0    0.0    -0.0758912389508532    0.0    89229.54900600058
0.0    0.0    0.047612377010049584    0.0    90022.87891955265
0.0    0.0    0.14124905316500114    0.0    88517.84384029436
0.0    0.0    0.255585319727775    0.0    89266.38560790317
0.0    0.0    -0.3290154524723437    0.0    88886.87319919239
0.0    0.0    0.005214501375495678    0.0    88142.04614173426
0.0    0.0    -0.019942443607791946    0.0    88696.4508018492
0.0    0.0    0.03301011737303041    0.0    88926.22904037056
0.0    0.0    0.13719053730029146    0.0    90380.30146506894
0.0    0.0    0.09201809785960774    0.0    90292.45594179834
0.0    0.0    -0.08103515879593887    0.0    90634.46161141481
0.0    0.0    -0.08246467550581947    0.0    88863.46405731705
0.0    0.0    -0.12433761235958751    0.0    91219.03550918461
0.0    0.0    0.007335612593276726    0.0    88124.2692349564
0.0    0.0    0.07891158970232225    0.0    89226.95176128189
0.0    0.0    0.07136609679745654    0.0    88167.74845811288
0.0    0.0    -0.024759631361955418    0.0    88610.02104831419
0.0    0.0    -0.07465833379963797    0.0    89423.96992359227
0.0    0.0    0.03195553467779915    0.0    90387.14010670852
0.0    0.0    0.151794207146461    0.0    88543.39320303293
0.0    0.0    0.0561407694307846    0.0    88702.64706024504
0.0    0.0    0.022352047677906918    0.0    88797.34596604088
0.0    0.0    0.020129146056299535    0.0    88833.47851389405
0.0    0.0    -0.10045100582235278    0.0    88321.33135130165
0.0    0.0    -0.06698849414220882    0.0    89081.81384507751
0.0    0.0    -0.09290539333173846    0.0    90913.21110877654
0.0    0.0    -0.04181737269167644    0.0    88983.23564724742
0.0    0.0    0.10729377621615376    0.0    89712.98119442584
0.0    0.0    0.02080777624993777    0.0    89524.92879610661
0.0    0.0    0.07282312410334481    0.0    89759.32293406194
0.0    0.0    -0.017323977143132958    0.0    90329.48513821367
0.0    0.0    -0.03830812258360994    0.0    90473.67851081354
0.0    0.0    0.033997360644339135    0.0    87704.28983578128
0.0    0.0    0.20207304583149283    0.0    89940.358023832
0.0    0.0    0.00025797979032254583    0.0    88989.41629560538
0.0    0.0    -0.04375426546178781    0.0    88882.59619218187
0.0    0.0    0.0897410929448575    0.0    89024.1427324844
0.0    0.0    0.06208247383057576    0.0    89088.78846314561
0.0    0.0    0.07173522723652713    0.0    90429.12806490682
0.0    0.0    -0.08269578577258098    0.0    89136.37412461657
0.0    0.0    -0.14002995838105486    0.0    88295.92582290704
0.0    0.0    0.07219228006899697    0.0    88926.58861350406
0.0    0.0    -0.056725519522207446    0.0    90186.46017383497
0.0    0.0    -0.061279148596954214    0.0    88964.7246694758
0.0    0.0    -0.055605475756424355    0.0    88948.69786877371
0.0    0.0    -0.06176111390837568    0.0    88345.75560285762
0.0    0.0    -0.022290343105549684    0.0    88839.4022907836
0.0    0.0    0.12413503219289541    0.0    88147.3886646307
0.0    0.0    0.12848876554166141    0.0    88970.54466940297
0.0    0.0    0.018796141342731304    0.0    88284.78906425838
0.0    0.0    0.007449421630473689    0.0    88149.20512051092
0.0    0.0    -0.12917406836079368    0.0    88195.73771895081
0.0    0.0    0.07603996359754546    0.0    90658.97396743904
0.0    0.0    0.0529069505562346    0.0    89372.64616108061
0.0    0.0    -0.005595517470510902    0.0    89224.62011173718
0.0    0.0    -0.01997359738380674    0.0    89083.42205802437
0.0    0.0    0.1442372186917125    0.0    89222.78508871453
0.0    0.0    0.04507488874925061    0.0    89856.2018686042
0.0    0.0    0.090901292402033    0.0    89269.81561261404
0.0    0.0    -0.01297897258169313    0.0    88061.86000611162
0.0    0.0    0.05218135382978675    0.0    89195.77800313791
0.0    0.0    -0.03651753352439337    0.0    88261.60836918515
0.0    0.0    0.09785072733418615    0.0    90468.5521641018
0.0    0.0    -0.0325406940551789    0.0    89380.1675780565
0.0    0.0    0.012758815974424437    0.0    89825.70374538028
0.0    0.0    -0.15585023903874506    0.0    88416.85861984095
0.0    0.0    0.08160834254287452    0.0    89742.77227678106
0.0    0.0    -0.13607988349263264    0.0    88636.96178068129
0.0    0.0    -0.09851502603462176    0.0    88829.54240590808
0.0    0.0    -0.23007336619962923    0.0    89824.176143232
0.0    0.0    0.0708885844393477    0.0    88711.34642920141
0.0    0.0    -0.0648594239214975    0.0    88925.311498417
0.0    0.0    0.13258447981707291    0.0    89215.12444705877
